489
171	30
172	30
199	30
178	31
179	31
154	35
235	35
247	35
160	36
239	38
256	38
262	39
139	42
270	42
134	43
211	43
247	43
195	44
274	44
149	46
238	46
195	47
202	47
159	48
179	48
225	49
206	50
262	50
123	51
128	52
135	52
151	53
255	54
215	57
249	57
204	58
108	61
109	61
114	61
169	61
137	64
293	64
199	65
294	65
144	66
289	66
277	69
165	70
192	71
112	72
167	72
237	73
288	75
199	79
210	79
130	80
151	80
188	80
110	82
241	82
179	83
296	83
203	84
158	85
206	88
218	91
102	93
157	93
234	93
240	98
151	99
235	99
298	100
158	101
311	102
104	104
243	105
297	108
238	110
289	110
295	110
242	113
269	113
276	113
278	113
295	113
303	116
304	116
100	117
114	118
280	121
131	122
253	122
271	122
302	122
311	122
95	123
300	123
293	128
286	130
254	132
272	132
94	134
137	134
292	136
98	137
289	138
297	139
97	142
272	142
278	142
283	143
280	144
296	145
300	146
113	148
120	148
99	149
295	149
257	150
272	150
280	150
203	152
300	152
307	152
305	153
147	155
306	155
258	156
287	156
293	158
272	160
233	161
239	161
278	161
247	162
286	162
93	163
186	163
129	164
157	164
256	164
259	165
264	165
117	167
135	167
155	168
234	168
240	168
85	169
91	169
265	169
271	169
272	170
291	170
143	171
259	171
264	171
278	171
297	171
88	172
113	172
254	174
281	174
289	174
108	175
264	175
81	176
151	176
81	179
161	180
227	181
142	182
259	182
264	182
265	182
130	183
242	183
247	183
89	184
277	184
253	185
288	185
293	185
293	186
213	187
219	187
131	189
298	189
145	190
228	191
234	191
264	191
122	192
263	192
269	192
234	193
253	193
169	194
214	194
220	194
247	194
147	195
228	195
239	195
245	196
305	197
148	200
191	200
185	201
227	201
262	201
284	201
289	201
214	202
220	202
267	202
208	203
214	203
294	203
239	204
243	204
156	205
92	206
97	206
158	206
267	206
246	207
272	207
220	208
227	208
231	208
251	208
252	208
258	208
203	209
214	209
224	210
208	211
214	211
238	211
292	211
244	212
150	213
91	214
295	214
117	220
250	220
256	220
264	220
269	220
238	221
244	221
249	221
279	221
301	221
242	222
284	222
156	223
223	224
292	224
116	225
229	225
174	226
208	226
215	226
297	226
168	227
243	227
269	227
276	228
281	230
96	233
237	235
245	235
267	235
133	236
254	236
257	236
259	236
264	237
296	237
245	240
138	241
214	241
218	241
269	241
287	241
135	242
228	242
249	242
234	243
234	246
249	246
254	246
105	247
141	247
240	247
112	248
138	248
254	248
297	248
264	249
293	249
114	250
172	250
219	250
224	251
97	253
288	254
98	255
110	255
224	256
229	256
239	256
110	258
229	258
244	258
103	259
105	259
209	259
235	259
269	259
168	260
277	260
135	261
213	261
106	262
244	262
279	262
229	265
249	265
115	266
239	266
263	266
170	267
296	267
133	268
163	268
293	268
138	269
272	270
259	271
184	273
235	273
247	273
234	274
237	275
224	276
258	276
112	277
134	277
259	277
198	278
288	278
247	279
293	279
192	280
216	280
105	281
139	281
249	281
159	283
151	284
241	284
152	285
199	286
220	286
227	286
145	287
173	287
195	287
218	287
255	287
123	288
211	289
245	289
149	291
165	291
200	291
141	293
195	293
221	293
194	294
241	294
176	295
182	295
188	295
235	295
292	296
148	297
210	297
278	297
208	298
117	299
221	299
253	299
283	299
175	300
195	300
200	300
182	301
184	301
189	301
211	302
156	303
162	304
124	306
155	306
252	306
177	307
183	307
185	307
187	307
263	307
280	310
113	311
162	311
169	311
199	311
113	312
123	312
227	312
250	312
273	312
176	313
249	313
157	314
220	314
272	314
162	315
218	315
143	316
292	316
118	317
175	318
150	319
188	319
190	319
199	319
249	319
162	321
212	321
245	322
241	323
190	325
199	325
234	325
260	325
119	326
247	327
290	327
263	329
119	334
122	336
259	336
245	337
239	338
235	339
268	339
178	340
186	340
193	340
147	341
228	341
247	342
262	342
271	342
286	343
135	344
236	344
240	344
163	345
146	347
176	347
178	347
185	347
193	347
228	347
255	347
130	348
149	351
283	351
133	352
162	352
218	352
236	352
252	352
271	352
