330
213	59
228	62
190	70
190	72
197	72
199	72
207	72
235	74
125	77
153	77
106	78
116	78
146	78
176	80
194	83
238	86
103	89
246	89
248	89
139	98
107	101
120	101
127	101
254	104
202	105
211	106
152	108
154	109
107	110
162	110
260	110
261	110
265	110
266	110
99	111
114	112
93	113
123	115
133	115
146	115
200	115
154	117
185	117
262	117
192	118
205	118
229	119
205	122
255	122
84	123
184	123
270	123
149	124
254	126
162	128
164	128
200	130
108	131
171	131
269	132
89	133
275	133
274	134
152	135
188	135
264	135
151	137
163	137
234	137
191	139
256	141
197	144
266	145
189	147
82	148
277	153
80	157
146	157
270	157
219	160
282	161
150	163
174	164
114	167
77	168
148	168
223	168
156	169
161	169
171	169
173	169
152	172
74	179
205	179
216	180
140	182
82	187
273	188
72	189
80	190
81	190
282	190
279	191
224	192
219	193
226	193
296	193
266	194
270	196
260	198
296	199
260	203
296	203
73	204
79	204
302	207
255	208
292	209
295	212
74	213
269	213
276	213
282	214
257	219
301	219
72	221
273	221
296	221
298	225
81	229
285	229
74	231
126	231
73	232
299	232
283	233
278	236
294	237
65	239
264	240
286	240
73	241
186	241
269	241
130	243
239	247
270	247
298	247
66	248
168	250
248	250
291	250
294	250
223	251
230	251
112	252
242	252
296	252
248	255
269	255
243	257
248	257
255	258
139	259
237	259
67	260
237	260
115	261
91	263
224	263
230	263
243	263
248	263
249	265
296	265
144	266
254	266
67	268
144	268
254	268
261	269
242	270
247	270
279	270
115	271
203	271
209	271
282	271
294	271
127	272
282	276
247	278
253	278
269	278
274	278
115	279
253	279
246	280
259	280
67	281
100	281
120	281
211	281
216	281
223	281
229	281
230	281
235	281
236	281
295	281
216	283
152	284
222	284
132	285
204	285
210	285
68	286
211	286
276	286
68	287
287	287
293	287
229	288
235	288
192	291
222	291
228	291
134	292
204	294
228	294
234	294
242	294
198	295
250	295
144	296
134	298
207	298
212	298
223	298
67	299
250	301
254	301
135	302
222	304
292	305
101	306
143	306
222	308
285	308
226	309
234	309
239	309
290	310
222	312
240	312
252	312
225	313
244	313
245	313
260	313
100	315
264	315
273	316
87	317
279	317
281	317
221	318
288	318
242	320
256	322
255	324
75	325
82	325
118	325
199	325
204	325
272	325
229	326
234	326
260	326
240	327
123	330
280	330
77	331
120	331
234	331
239	332
279	333
184	334
188	335
197	335
233	335
97	336
202	336
238	336
239	336
247	336
284	336
157	339
81	340
202	341
207	341
229	342
101	343
255	343
96	346
194	346
214	346
84	347
197	347
151	349
86	350
99	350
121	350
197	350
204	350
287	350
281	351
285	351
105	352
113	352
138	352
171	352
189	352
197	352
204	352
227	352
233	352
250	352
275	352
