369
137	30
146	31
175	35
181	36
190	36
205	38
108	39
117	39
101	40
110	40
88	44
119	48
201	49
90	52
109	52
100	53
179	55
188	57
144	60
224	62
154	63
160	63
74	64
95	64
126	64
113	66
135	68
185	68
187	68
147	70
152	70
197	71
158	72
212	72
102	73
70	75
164	75
133	78
141	78
177	79
244	79
153	81
218	81
90	82
185	83
161	85
226	85
190	86
69	87
144	87
172	89
219	89
246	92
166	94
179	95
62	98
72	98
79	99
80	100
87	100
237	100
140	105
128	107
54	109
145	110
200	110
95	117
54	118
114	118
204	119
121	122
180	127
47	130
198	131
68	138
122	139
67	140
208	143
259	144
201	145
53	148
54	148
60	148
62	148
206	150
243	153
244	154
236	159
261	159
227	160
47	163
245	164
268	166
243	168
252	168
259	168
228	169
49	173
237	173
244	173
273	173
258	175
272	175
43	178
238	178
104	179
250	181
270	183
72	184
269	184
63	185
269	186
80	187
261	189
167	190
112	193
254	193
260	193
80	194
52	196
57	196
37	197
222	198
46	199
145	199
238	199
225	200
229	200
244	200
253	200
198	202
204	202
212	202
219	203
267	205
40	208
99	208
225	208
230	208
121	209
220	209
251	209
33	210
95	211
220	211
248	212
72	214
95	220
107	220
219	221
229	222
212	223
218	223
253	223
193	224
259	224
268	225
56	226
96	228
225	229
228	229
218	230
80	231
193	231
212	231
217	231
229	231
235	231
259	231
265	231
110	232
179	232
184	232
199	232
201	232
236	232
56	233
134	233
112	234
192	236
179	237
185	237
43	239
235	239
259	242
115	243
185	245
204	245
208	245
189	246
113	247
196	247
197	247
204	247
268	247
38	248
130	249
272	251
115	252
224	252
88	253
210	253
215	253
229	253
81	254
209	259
214	259
115	260
229	260
207	261
234	261
268	261
275	261
60	263
172	263
179	263
188	265
68	266
70	266
194	266
208	266
147	268
172	268
179	268
249	268
61	269
140	269
254	269
204	271
219	271
269	272
232	273
224	274
225	274
239	274
229	275
254	275
219	276
257	276
222	277
70	278
100	278
272	278
41	279
82	279
77	280
259	280
179	281
184	281
234	281
51	285
77	285
163	285
228	285
169	286
73	288
214	288
219	288
221	288
227	288
68	289
261	289
137	290
229	290
54	291
62	291
78	295
196	296
236	296
64	297
201	297
100	299
134	299
67	301
74	301
194	304
214	304
238	304
97	305
228	305
135	306
104	308
129	308
202	309
235	309
262	309
214	310
225	310
239	310
206	311
260	311
150	312
224	312
198	313
180	314
227	315
259	315
181	317
66	318
192	319
237	319
255	319
181	320
253	320
125	322
198	322
232	323
110	325
164	325
185	325
183	326
219	326
158	327
178	327
202	327
114	329
61	330
165	330
106	331
128	331
248	331
78	332
158	332
72	333
149	334
127	335
193	335
82	336
173	336
176	336
209	336
243	337
246	338
137	339
158	339
218	339
118	340
156	340
121	341
176	341
200	341
88	342
81	343
105	343
128	343
75	344
117	344
66	345
120	345
136	345
143	345
229	345
142	346
243	346
110	347
125	349
219	349
67	351
80	352
84	352
90	352
102	352
115	352
141	352
164	352
171	352
194	352
217	352
237	352
