363
217	41
225	41
148	43
183	43
172	44
210	44
172	45
232	46
187	49
176	50
204	50
152	51
178	51
205	53
146	56
147	57
134	58
243	60
150	62
140	65
215	65
154	66
248	66
208	67
208	68
160	70
158	71
252	72
194	73
203	73
212	74
174	80
175	80
166	82
142	83
114	84
157	84
130	85
143	85
135	90
146	90
182	91
193	91
108	92
140	95
272	95
268	96
103	97
104	98
155	100
109	102
122	102
269	102
110	103
99	104
160	108
128	110
117	111
130	111
278	116
105	117
123	118
139	120
157	121
94	124
247	130
286	130
164	132
235	133
239	133
91	134
95	135
116	135
242	135
150	137
248	137
122	139
93	143
153	143
161	143
293	143
112	144
114	145
262	148
268	148
121	150
165	150
155	152
94	154
268	158
273	158
134	159
177	159
262	164
268	164
112	166
157	166
181	166
272	167
155	169
307	170
118	172
183	174
210	175
305	177
104	182
233	183
239	183
211	184
79	186
127	186
153	186
269	186
277	186
110	188
143	188
119	191
185	191
98	193
156	193
104	194
147	194
83	195
168	195
196	195
233	195
240	195
255	195
259	195
150	198
85	200
259	200
85	201
106	201
240	201
254	201
141	202
247	202
178	203
234	203
237	203
193	204
254	204
259	204
145	206
153	206
253	211
258	211
179	212
234	213
239	213
258	213
264	214
86	217
258	218
263	218
279	218
199	220
206	220
212	220
219	221
245	221
284	221
194	223
199	223
284	223
287	224
294	224
119	225
219	226
223	226
105	228
269	228
194	229
274	229
301	230
91	231
218	232
223	232
294	232
281	233
299	233
274	234
278	234
284	234
223	235
229	235
272	235
101	236
218	236
222	237
229	237
235	238
259	238
93	239
202	239
243	240
264	241
112	242
234	242
250	243
269	243
251	244
257	244
277	244
280	244
269	245
274	246
104	247
136	247
234	247
238	247
289	247
96	248
99	248
115	248
259	248
294	248
93	249
204	249
166	251
249	251
259	251
264	252
198	253
273	253
279	253
284	253
277	254
202	255
204	255
209	256
219	256
126	257
224	257
98	258
188	258
264	258
234	259
269	259
194	260
238	261
269	261
274	262
195	263
261	264
297	264
274	265
93	266
169	266
265	266
279	266
289	266
294	266
166	267
171	271
162	273
256	274
260	276
102	277
224	278
149	279
170	279
191	280
259	280
275	280
291	280
264	281
279	281
112	282
294	282
237	284
102	285
279	285
123	286
264	286
148	287
192	287
194	287
267	287
286	287
162	288
167	288
112	289
295	289
226	290
196	291
287	292
292	292
260	293
109	294
111	294
262	294
274	295
149	296
156	296
256	296
285	296
113	297
277	297
279	297
260	299
282	299
275	305
277	306
255	309
259	310
292	311
185	313
248	316
221	317
144	318
185	318
122	320
219	320
263	320
219	322
264	322
143	323
287	323
195	324
165	327
263	327
124	328
181	328
236	328
195	329
256	329
141	330
194	331
264	332
162	333
164	333
267	333
194	336
200	336
285	336
190	338
156	339
184	339
267	339
160	340
181	340
133	341
204	341
269	342
195	344
182	346
205	347
140	349
248	350
141	351
161	351
166	351
201	351
157	352
219	352
234	352
247	352
253	352
255	352
272	352
283	352
