532
101	50
130	54
138	56
185	57
110	59
151	59
202	59
150	60
171	60
203	61
126	63
208	64
136	65
195	65
89	68
107	68
201	69
159	70
113	72
185	72
218	72
197	76
85	78
189	78
225	78
169	80
166	85
174	86
154	87
76	91
130	94
164	95
156	100
76	103
106	103
175	103
113	104
188	104
249	104
180	110
168	111
192	111
70	112
111	113
135	116
116	119
93	120
111	120
118	120
68	121
71	121
126	121
259	123
262	123
113	128
118	128
71	129
131	131
62	133
143	133
98	138
106	138
129	140
66	141
57	142
113	147
107	148
96	150
275	156
53	157
48	161
52	162
186	163
181	164
165	169
75	170
160	171
276	176
270	177
185	178
199	178
181	179
187	179
194	179
252	179
259	179
50	187
204	188
209	188
122	189
167	191
103	192
204	192
197	193
208	195
122	198
246	206
253	206
45	208
125	209
288	212
124	214
139	217
157	218
106	220
113	220
298	220
85	221
97	221
127	222
72	223
80	223
139	223
194	223
67	224
134	224
189	224
297	227
81	228
81	229
189	229
182	230
62	231
67	231
106	231
113	231
192	231
210	232
298	232
47	233
216	233
221	233
237	235
242	235
296	235
62	237
69	237
107	237
111	237
57	239
75	239
84	239
91	239
252	239
292	239
70	240
259	240
296	240
209	241
214	241
268	243
272	243
290	244
101	246
107	246
142	246
92	247
86	248
296	249
201	250
236	250
107	251
113	251
120	251
127	251
208	251
242	252
244	252
246	252
115	253
120	253
273	253
208	254
258	254
279	254
280	254
286	254
101	255
264	255
295	255
96	256
137	256
142	256
178	256
185	256
186	256
194	256
201	256
207	257
222	257
225	257
242	258
102	259
235	259
241	259
248	259
227	260
233	260
279	260
97	261
186	261
284	261
294	261
295	261
172	262
178	262
248	262
254	262
122	263
201	263
207	263
278	263
117	264
200	264
221	264
93	265
97	265
226	265
264	265
270	265
282	265
82	266
104	266
132	266
137	266
172	266
207	266
248	266
269	266
50	267
77	267
100	267
111	267
177	267
213	267
233	267
239	267
253	267
186	268
289	268
107	269
192	269
239	269
226	270
245	270
84	271
177	271
184	271
192	271
199	271
231	271
80	272
132	272
214	272
94	273
253	273
100	274
107	274
126	274
140	274
222	274
224	274
231	274
239	274
244	274
259	274
120	275
237	275
86	276
98	276
100	276
122	276
124	276
134	276
136	276
150	276
184	276
229	276
117	277
129	277
189	277
192	277
198	278
237	278
122	279
207	279
214	279
99	280
198	280
117	281
203	281
212	281
229	281
242	281
243	281
85	282
246	282
86	283
136	283
49	284
116	284
203	284
105	285
112	285
131	285
132	285
151	285
180	285
212	285
125	286
144	286
210	286
247	286
144	287
236	287
253	287
112	288
196	288
210	288
217	288
288	289
77	290
120	290
125	290
199	290
115	291
121	291
123	291
135	291
215	291
222	291
225	291
269	291
284	291
72	292
227	292
253	292
87	293
102	293
103	293
199	293
95	294
97	294
100	294
132	294
215	294
237	294
247	294
252	294
257	294
115	295
118	295
189	295
219	295
87	296
111	296
209	296
210	296
242	296
81	297
204	297
254	297
257	297
111	298
178	298
105	299
95	300
100	300
103	300
190	300
259	300
261	300
91	302
265	302
77	303
81	303
119	303
217	303
284	303
53	304
115	304
117	304
211	304
91	305
77	306
86	307
219	307
74	308
103	308
112	308
130	308
194	308
105	309
129	309
97	310
185	310
229	310
86	311
122	311
82	312
254	312
105	313
255	313
195	314
285	315
75	316
82	316
129	316
185	316
212	316
72	317
78	317
231	317
237	317
240	317
105	318
103	319
78	320
92	320
214	320
242	320
244	320
115	321
120	321
90	322
113	323
271	323
67	324
261	324
184	325
273	325
60	326
82	326
247	326
248	326
77	327
97	327
239	327
240	327
263	327
239	328
92	329
94	329
239	329
240	329
250	330
162	331
184	331
192	331
280	331
289	331
127	332
183	332
117	333
135	333
261	333
117	334
205	334
134	335
192	335
244	335
263	335
55	336
84	336
124	336
162	336
198	336
218	336
235	336
244	337
124	338
183	338
282	338
134	339
181	339
206	339
235	340
70	341
122	341
129	341
198	341
206	341
218	341
245	342
270	342
75	344
157	344
191	344
194	344
274	344
79	345
122	345
129	345
163	345
181	345
185	345
207	345
272	345
170	346
179	346
75	347
78	347
120	347
230	347
207	348
225	348
99	349
146	349
262	349
120	351
135	351
153	351
156	351
191	351
195	351
197	351
219	351
231	351
236	351
65	352
71	352
85	352
93	352
97	352
103	352
112	352
146	352
162	352
179	352
185	352
248	352
258	352
