428
159	66
119	68
160	68
166	69
171	69
176	70
180	71
136	72
154	72
187	74
116	76
148	79
199	79
169	80
139	82
105	83
134	89
159	89
102	92
172	94
210	95
225	100
99	101
140	104
129	106
137	113
210	113
105	114
226	115
91	116
249	119
231	122
86	123
138	126
85	131
144	133
260	143
117	145
108	146
114	150
262	150
79	157
107	158
72	159
86	166
78	168
66	175
157	178
152	179
63	182
62	183
177	186
184	186
275	188
156	195
65	196
72	196
152	196
157	198
152	199
282	199
242	201
249	201
57	202
174	202
179	202
254	202
157	205
94	208
174	209
138	210
168	210
75	211
124	211
287	212
263	213
269	214
130	215
179	215
54	216
56	216
278	216
284	216
95	217
72	223
269	223
78	224
275	224
217	225
224	225
96	228
95	231
217	231
225	231
268	231
275	231
278	232
290	233
79	235
84	236
110	237
70	238
77	238
128	238
56	240
62	240
99	241
166	248
172	248
232	248
239	249
293	249
91	250
93	250
56	252
163	252
192	253
199	253
181	255
216	255
223	256
247	256
254	256
77	257
56	260
187	260
189	260
173	261
178	261
112	263
179	263
186	263
97	264
207	264
91	265
192	265
214	265
238	265
72	266
222	266
244	266
229	267
296	268
179	269
192	269
296	269
84	270
164	270
171	270
185	270
214	270
79	271
140	271
147	271
221	271
106	273
112	273
100	274
294	274
67	275
72	275
171	275
178	275
156	276
164	276
199	276
205	276
244	276
249	276
251	276
74	277
79	277
228	277
256	277
178	278
213	278
219	278
234	278
92	279
192	279
198	279
243	279
53	280
87	280
248	280
142	281
148	281
156	281
163	281
213	281
219	281
264	281
171	282
177	282
218	282
225	282
269	282
163	283
198	283
203	283
205	283
234	283
93	284
107	284
170	284
211	284
240	284
75	286
82	286
84	286
142	286
148	286
155	286
218	286
252	286
255	286
77	287
147	287
177	287
189	287
224	287
259	287
71	288
184	288
233	288
239	288
155	289
194	289
287	289
102	290
203	290
211	290
276	290
96	291
209	291
216	291
281	291
169	292
65	293
90	294
110	294
87	295
223	295
229	295
96	296
106	296
119	296
194	296
70	297
72	297
199	297
272	297
281	297
282	297
292	297
209	298
212	298
112	299
264	299
276	299
87	300
184	300
59	301
61	301
114	301
119	301
212	301
219	301
267	301
269	301
126	302
168	302
274	302
82	303
83	303
87	303
175	303
77	304
172	304
183	304
267	304
113	305
122	305
180	305
274	305
67	306
71	306
95	306
167	306
260	306
272	306
148	307
171	307
172	307
219	307
223	307
264	307
278	307
77	308
79	308
83	308
179	308
204	308
73	309
90	309
94	309
95	309
187	309
209	309
192	310
194	310
203	310
223	310
229	311
241	311
249	311
61	312
85	312
87	312
179	312
199	312
209	312
256	312
65	313
67	313
70	313
73	313
81	313
207	313
271	313
183	314
186	314
214	314
216	314
239	314
251	314
260	314
273	314
189	315
207	315
222	315
292	315
81	317
149	317
222	317
78	318
176	318
212	318
70	319
79	319
181	319
266	320
232	321
251	321
269	321
152	323
155	323
157	323
182	323
235	323
92	325
106	325
221	325
74	326
87	326
90	326
224	326
257	326
78	327
102	327
84	328
159	328
102	329
156	329
78	330
152	330
154	330
72	331
92	331
97	331
216	331
68	332
75	333
219	333
138	335
164	335
154	336
62	338
287	338
206	339
84	340
87	340
82	341
165	341
171	341
216	341
138	342
92	345
210	345
217	345
219	345
172	346
176	346
244	348
211	349
221	349
235	349
94	351
131	351
164	351
247	351
251	351
269	351
72	352
81	352
87	352
105	352
116	352
176	352
182	352
197	352
211	352
221	352
231	352
237	352
240	352
258	352
276	352
