416
121	8
158	8
159	8
201	8
221	8
99	9
115	9
170	9
192	9
212	9
181	10
164	13
195	15
253	16
185	17
93	18
120	18
151	18
128	19
128	20
198	22
189	23
89	27
97	27
112	27
127	28
97	30
265	32
169	37
277	43
176	46
277	57
270	58
278	60
204	63
209	63
187	64
124	69
212	69
168	71
282	72
103	73
212	75
209	76
120	82
289	89
68	91
159	99
129	100
149	101
84	102
91	102
134	103
189	107
128	108
183	108
121	109
83	110
136	110
212	110
277	110
284	111
222	112
229	112
121	113
194	113
128	114
212	115
217	116
293	117
217	120
143	121
217	122
268	122
274	123
237	125
244	125
136	127
142	127
267	128
273	129
102	131
107	131
70	133
204	136
207	136
179	137
173	138
223	138
228	138
259	138
264	138
244	140
249	140
209	142
216	142
229	142
132	143
235	143
203	144
209	144
278	144
293	144
97	145
284	145
92	146
118	146
217	146
264	146
278	146
179	147
229	147
270	147
234	148
107	149
249	149
254	149
169	150
188	150
194	150
128	151
85	153
68	154
234	155
123	156
127	156
239	156
296	157
102	158
86	159
98	159
151	160
209	161
214	161
99	162
239	162
243	162
151	163
87	164
147	164
294	164
82	165
90	165
258	165
243	166
152	167
214	167
249	167
101	168
147	168
147	169
187	169
262	169
96	170
224	170
107	171
288	171
104	172
234	173
69	174
87	174
91	174
254	175
272	175
279	175
95	176
98	176
267	176
117	177
244	177
113	178
281	178
297	178
265	179
290	179
207	180
230	180
269	180
115	182
195	182
213	182
221	182
299	182
234	183
105	184
120	185
69	187
100	187
120	187
196	187
112	188
106	189
107	189
292	189
114	191
181	191
97	192
101	192
104	192
121	192
135	193
130	194
255	195
126	196
130	197
257	197
120	198
234	200
106	201
239	201
104	202
292	202
92	203
115	203
72	204
105	204
111	204
89	205
174	206
192	207
239	207
243	207
251	209
244	211
173	212
199	212
253	212
178	214
185	214
121	215
200	218
197	219
191	220
286	220
135	221
145	221
178	221
185	221
144	225
198	225
193	226
185	227
295	227
88	229
295	229
109	230
173	230
209	230
149	231
227	231
86	233
284	233
107	234
234	234
148	235
161	235
217	235
167	236
173	236
180	236
188	236
148	237
228	238
293	238
203	239
217	240
292	240
93	241
265	241
283	241
166	242
148	243
210	243
215	243
144	244
204	244
267	244
156	246
159	246
189	246
201	246
236	246
130	247
81	248
183	248
187	248
215	248
222	248
290	248
94	249
168	250
155	251
201	251
95	252
181	252
187	252
160	253
194	253
103	254
269	254
134	256
162	256
212	257
270	258
101	259
170	259
186	259
195	259
200	259
204	259
156	260
98	261
162	261
262	261
268	261
285	261
213	262
279	262
285	262
90	264
99	264
205	264
90	265
152	265
155	265
170	265
140	266
162	266
163	266
178	266
201	266
268	266
271	267
217	270
98	271
201	271
178	273
200	273
92	274
93	274
218	276
149	277
99	278
273	278
158	280
200	280
176	281
204	281
267	282
145	285
239	286
270	286
112	287
157	287
204	287
205	287
261	287
170	288
181	288
193	288
269	288
110	291
139	291
144	291
123	292
205	292
241	292
243	292
265	293
151	294
201	294
167	295
182	295
197	295
252	295
262	295
115	296
187	296
207	296
212	296
244	296
121	297
138	297
150	299
201	299
187	300
197	300
200	300
168	302
181	302
213	302
217	302
180	303
181	303
249	303
180	304
181	304
159	306
201	306
158	307
168	307
195	307
218	308
208	311
210	311
196	313
240	314
139	317
210	317
199	318
203	318
236	318
211	323
203	324
192	331
205	335
