327
198	66
233	77
187	78
159	83
133	93
201	93
255	95
201	96
194	98
240	98
221	100
260	100
145	101
200	101
260	101
131	105
136	105
127	106
161	108
150	110
251	110
209	111
231	111
137	113
191	113
146	116
183	116
152	121
192	121
115	123
285	123
154	128
121	131
160	134
280	135
167	139
119	141
156	141
251	141
162	144
174	144
202	147
211	150
256	152
115	154
204	154
253	156
292	156
205	157
166	160
298	161
202	162
160	163
170	163
111	164
151	164
233	166
179	168
168	169
264	169
280	169
186	172
262	173
108	174
255	174
178	178
128	182
168	182
143	183
175	184
106	186
143	186
164	187
128	188
129	188
152	194
224	194
218	195
107	196
131	196
110	200
137	204
129	205
267	211
274	211
303	211
141	214
199	218
261	220
194	221
255	221
267	221
172	222
131	224
147	225
107	228
147	230
277	234
185	235
294	235
158	236
219	236
224	236
127	239
151	239
167	240
100	243
219	243
213	244
100	246
229	246
234	246
167	247
184	248
163	249
277	250
284	250
252	252
259	252
100	253
147	253
214	253
236	253
208	254
223	254
154	257
223	258
217	259
244	261
231	262
202	264
209	264
224	264
231	264
212	266
217	266
218	266
224	266
245	266
239	267
267	268
274	268
246	270
252	270
153	271
164	271
212	271
218	271
126	272
158	272
126	273
253	273
219	274
225	274
246	275
253	275
284	275
117	276
233	276
234	276
289	276
246	277
204	278
226	278
197	279
213	279
217	279
267	281
281	281
125	282
132	282
133	282
141	282
233	282
272	282
288	282
227	283
238	283
213	284
215	284
246	284
247	284
253	284
208	285
272	285
279	285
133	286
288	287
126	288
258	288
227	289
222	290
229	290
238	291
287	293
292	293
209	295
279	296
284	296
238	298
242	298
201	299
209	299
265	299
270	299
271	299
277	299
244	300
127	301
229	301
236	301
259	301
121	302
201	302
251	302
253	302
277	302
203	303
257	303
110	304
289	304
277	305
236	306
257	306
282	306
268	307
270	307
242	308
244	308
112	309
228	310
280	310
107	311
218	311
227	311
234	311
235	311
241	312
268	312
217	313
255	313
241	314
272	314
274	314
152	315
248	315
287	315
219	316
280	316
284	316
288	316
225	317
277	317
256	319
234	320
236	320
152	321
201	321
219	321
225	321
146	322
231	322
262	322
269	322
222	323
274	323
291	324
127	325
237	325
284	326
288	326
120	327
123	327
243	327
254	327
269	328
112	329
130	329
200	329
231	329
259	329
260	329
272	329
117	330
233	330
235	330
126	331
219	332
265	332
239	334
215	335
265	335
279	335
221	336
269	336
284	337
221	338
231	338
269	338
273	340
276	340
223	341
232	341
254	341
281	342
137	344
288	344
217	345
199	347
261	347
281	349
282	349
140	351
150	351
165	351
181	351
225	351
261	351
282	351
120	352
130	352
218	352
233	352
245	352
254	352
271	352
277	352
