520
124	9
81	10
105	10
121	10
98	13
129	13
133	15
145	15
74	16
183	16
167	18
141	21
111	23
75	26
204	26
158	31
165	35
130	37
104	38
114	38
149	38
67	39
117	39
137	42
158	42
123	43
75	44
76	46
63	48
228	51
204	56
153	57
108	58
54	60
66	69
52	70
54	70
233	70
181	72
79	78
90	78
229	78
46	79
237	79
50	81
211	82
79	85
89	85
64	89
49	92
98	93
73	95
74	101
41	107
47	107
157	109
174	109
151	111
168	111
85	112
55	118
204	118
197	119
62	120
83	120
73	121
115	121
52	123
84	123
157	123
162	123
90	124
103	127
206	127
90	129
200	129
212	129
252	131
102	133
71	136
76	136
102	136
129	137
174	137
94	138
168	138
80	140
111	140
92	142
101	143
120	147
169	147
184	147
163	148
177	148
80	150
87	151
89	151
60	153
68	154
95	157
164	157
171	157
42	158
178	158
179	158
185	158
157	159
164	159
172	159
256	160
59	161
67	161
151	161
157	161
52	163
59	163
187	163
194	163
238	167
160	168
165	168
244	168
37	169
43	169
166	169
172	169
94	170
151	170
173	170
176	170
75	171
82	171
144	171
52	173
187	173
46	174
67	175
73	175
187	175
146	176
152	176
202	177
57	178
59	178
65	178
107	178
160	178
166	178
167	178
173	178
209	178
100	179
174	180
179	180
243	181
250	181
256	182
187	184
194	184
254	184
47	186
66	186
74	186
130	186
137	186
139	186
146	186
194	186
201	186
40	187
174	187
180	187
201	189
208	189
167	190
147	192
187	192
194	192
66	193
140	193
167	193
60	194
162	194
169	194
259	194
201	195
207	195
208	195
214	195
186	196
155	198
157	198
194	198
222	198
229	199
61	200
67	200
149	201
194	203
61	204
68	204
45	205
52	205
95	205
178	205
184	205
207	205
212	206
229	206
87	207
169	207
234	207
212	208
61	209
175	209
199	209
204	209
219	209
55	210
79	211
193	211
204	211
211	211
72	212
197	212
87	213
168	213
261	213
81	214
174	214
219	214
101	215
157	215
224	215
90	216
183	216
204	216
97	218
189	218
208	218
211	218
214	218
57	219
72	219
262	219
65	220
66	220
167	220
51	221
59	221
160	221
164	221
182	221
189	221
195	221
196	221
257	221
82	222
97	222
172	222
238	222
240	222
247	222
77	223
187	223
92	224
94	224
208	224
172	225
212	225
86	226
177	226
229	226
232	226
65	227
66	227
46	228
164	228
221	228
169	229
196	229
226	229
207	231
208	231
202	232
235	233
260	233
57	234
72	234
169	234
174	235
208	235
52	236
68	236
193	236
74	238
80	238
213	238
174	239
197	239
200	239
233	239
46	240
154	240
70	241
236	241
72	242
177	242
204	242
156	243
66	244
72	244
47	246
67	246
203	247
210	247
46	248
165	248
207	249
156	250
165	250
172	250
214	250
165	254
173	254
110	256
196	256
160	257
130	258
167	258
199	258
100	260
134	260
140	260
151	260
108	261
161	261
250	261
191	262
217	262
226	262
151	263
177	263
227	263
129	264
193	264
206	264
220	264
52	265
133	265
186	265
171	266
177	266
139	267
149	267
209	267
156	270
123	271
149	271
172	271
186	271
208	271
172	273
106	275
126	275
129	275
136	275
146	275
149	275
156	275
211	275
122	276
151	276
158	278
160	278
173	278
113	280
130	280
169	280
135	281
136	281
143	282
146	282
151	282
57	283
242	283
92	285
125	285
129	285
153	285
155	285
82	286
177	286
72	287
135	287
170	287
191	287
132	288
141	288
80	291
100	291
193	291
121	292
125	292
178	292
217	292
131	293
141	293
97	294
88	295
147	296
149	296
201	296
219	296
77	297
164	297
210	297
64	298
90	298
121	298
133	298
141	298
158	298
97	299
201	300
205	300
211	301
215	301
88	302
133	303
232	303
165	304
206	304
158	305
216	305
114	306
135	306
143	306
241	307
198	308
236	308
242	308
127	309
100	310
135	310
197	310
69	311
143	311
213	311
106	312
138	312
161	312
111	313
113	313
148	313
118	315
199	315
214	315
126	316
97	317
99	317
138	317
148	317
103	318
105	318
145	318
111	319
161	320
170	320
99	322
103	322
116	322
118	322
190	322
76	323
155	323
123	324
126	324
145	324
138	325
143	325
180	326
98	327
171	327
105	328
113	328
191	328
223	328
101	329
107	329
110	329
119	329
122	329
126	330
165	330
88	331
205	331
78	332
137	332
143	332
180	332
98	335
100	335
87	336
105	336
174	336
166	337
207	337
111	339
98	340
124	340
175	343
110	344
96	347
124	347
145	350
149	350
187	351
101	352
