516
119	8
83	9
134	9
69	10
102	10
53	11
46	18
162	26
35	28
48	28
183	30
169	31
137	32
169	32
89	34
31	37
174	37
50	38
46	44
55	45
205	45
28	47
195	50
27	54
202	55
119	57
22	60
196	60
210	60
118	63
179	63
110	64
144	64
171	66
119	67
152	67
36	68
23	69
112	69
147	69
208	70
164	71
185	71
33	72
158	73
112	74
106	75
33	77
23	78
207	81
101	84
107	84
92	91
215	91
199	92
86	93
193	93
204	94
22	97
55	98
112	99
52	100
106	101
38	102
91	104
97	104
52	106
98	107
37	108
92	108
72	109
135	109
140	109
24	110
141	110
144	110
66	111
39	112
24	113
92	113
85	114
135	114
192	117
37	118
117	118
199	118
111	119
37	120
65	121
219	122
103	124
46	125
87	125
80	126
97	126
25	127
182	127
189	127
36	128
97	130
91	131
46	132
40	133
105	134
112	134
62	135
129	135
137	135
24	137
99	137
92	138
100	138
172	140
179	141
31	142
187	142
194	142
85	143
92	143
25	145
129	145
114	146
221	146
100	147
101	147
103	147
115	147
179	147
85	148
93	148
94	148
130	148
132	148
185	148
67	151
178	151
194	151
199	151
184	152
29	153
60	153
85	154
94	154
95	155
97	155
80	156
145	156
152	156
40	157
122	158
130	158
169	158
35	159
175	159
183	160
80	161
102	161
104	161
115	161
189	161
223	163
168	164
174	164
189	164
194	164
115	166
96	167
174	167
181	167
80	168
109	168
115	168
72	169
81	170
89	170
115	170
183	170
129	171
150	171
72	172
157	172
65	173
74	173
81	173
143	173
167	173
149	174
173	174
135	175
96	176
97	176
157	176
164	177
75	178
82	178
90	178
122	179
128	179
104	180
90	181
114	181
135	183
156	183
162	183
224	184
48	185
67	185
61	186
128	186
134	186
140	186
42	187
84	187
121	187
128	187
104	189
69	190
96	190
110	190
213	190
64	191
75	191
83	191
103	191
219	191
110	192
168	192
96	193
118	193
140	193
174	193
42	194
102	194
118	195
145	195
153	195
36	196
125	196
127	196
152	196
132	197
134	197
158	197
192	197
110	199
117	199
197	199
158	200
164	200
36	201
117	201
31	202
92	202
101	202
102	202
110	202
123	202
125	202
132	202
152	202
155	202
32	203
108	203
142	203
91	204
115	204
130	204
189	205
92	206
101	206
194	206
100	207
107	207
142	207
144	207
171	207
179	207
163	209
179	209
72	210
123	210
129	210
222	210
184	211
107	212
115	212
145	213
111	214
115	214
150	214
154	214
32	215
129	215
158	215
88	216
170	216
140	217
142	217
136	218
72	219
116	219
158	220
91	221
125	221
164	222
175	222
177	222
180	222
116	224
142	224
164	224
185	224
145	226
169	226
220	226
87	227
121	227
134	227
137	227
169	230
34	231
104	231
173	231
177	231
90	232
91	232
137	232
160	232
201	232
104	233
180	233
204	233
140	234
144	234
152	234
155	235
164	235
47	236
147	236
173	236
36	237
69	237
155	237
177	237
88	238
90	238
164	238
102	239
162	239
45	240
98	240
167	240
132	241
133	242
154	242
103	243
218	243
68	244
100	244
157	244
37	246
69	246
81	246
85	246
74	247
157	247
223	248
230	248
232	248
112	249
162	249
231	249
85	250
94	250
124	250
181	250
68	251
112	251
140	251
148	251
119	252
124	252
184	252
74	253
82	253
84	253
94	253
142	253
150	253
77	254
84	255
54	256
219	256
229	256
57	257
91	257
120	257
124	257
142	257
236	257
105	259
242	259
70	260
128	260
144	260
39	261
53	261
77	261
134	261
48	262
56	262
91	262
164	262
181	263
48	264
58	264
81	264
84	264
91	264
105	264
106	264
152	264
182	264
166	265
67	266
129	266
212	266
228	266
75	267
156	267
71	268
39	270
61	271
67	271
70	272
107	272
110	272
105	273
123	273
70	275
169	275
56	276
60	277
111	277
130	277
151	277
172	277
125	278
40	279
106	280
109	280
132	280
153	280
208	280
102	282
109	286
115	286
222	286
68	288
65	289
103	289
104	289
94	291
116	291
135	291
45	292
139	292
162	292
180	292
71	293
151	293
81	294
84	294
212	294
65	295
71	295
94	295
106	295
152	295
164	295
184	295
210	295
140	296
81	297
98	297
194	297
202	297
88	298
46	301
88	301
98	301
98	302
81	303
88	303
188	303
102	305
98	307
48	309
88	309
88	310
70	311
200	316
88	317
65	318
70	318
117	320
119	326
72	328
166	333
146	335
80	336
162	336
150	341
153	341
96	342
114	346
