388
117	8
204	8
129	9
143	10
158	11
171	11
111	13
235	14
227	16
250	16
105	20
256	20
259	22
248	23
267	35
137	41
243	41
157	46
153	47
272	47
184	51
271	58
122	60
127	61
281	61
236	64
282	70
200	71
126	72
132	73
281	82
130	85
135	86
239	89
284	89
95	92
102	92
130	93
291	94
246	99
238	106
102	107
147	107
152	107
109	108
236	108
285	108
75	111
92	111
295	113
100	115
108	115
216	117
233	117
135	118
143	118
311	118
143	121
229	121
299	121
310	121
284	122
126	123
134	124
143	124
135	125
126	128
98	133
269	133
84	134
300	134
305	134
135	137
141	137
126	138
269	140
274	141
308	141
150	143
157	144
133	145
141	145
115	147
107	148
109	148
100	149
167	150
70	151
125	152
133	152
134	152
141	152
174	152
305	153
92	156
94	156
100	156
166	156
172	157
86	158
142	158
149	158
150	158
156	158
156	160
258	162
268	162
274	163
111	164
113	164
125	165
156	165
102	166
119	166
96	167
87	168
111	168
135	168
82	169
105	169
252	169
302	169
150	170
152	170
172	170
178	170
135	172
136	172
143	172
82	173
119	173
164	173
170	173
75	174
127	174
152	174
112	175
122	175
127	175
218	175
162	176
188	176
90	177
107	177
111	177
152	177
194	177
82	178
146	178
76	179
85	179
170	179
286	180
92	181
154	181
162	181
219	182
70	183
86	183
114	183
122	183
154	183
170	183
224	183
147	184
164	184
134	185
137	185
171	186
243	186
264	186
286	186
164	187
182	187
249	187
269	187
279	187
284	187
110	188
114	188
291	188
147	189
302	189
87	190
124	190
142	190
164	190
104	191
117	191
157	191
81	192
99	192
256	192
110	194
157	194
152	195
204	195
249	195
252	195
255	195
257	195
260	195
274	195
111	196
117	196
209	196
264	196
279	196
135	197
130	199
144	200
137	201
139	201
304	201
303	202
132	203
277	203
162	204
252	204
254	204
158	206
257	206
105	208
72	209
191	210
271	210
102	211
266	211
267	211
158	212
296	212
177	213
255	215
160	216
192	216
177	217
118	219
152	219
157	220
172	221
178	222
151	223
73	224
146	224
157	225
297	226
137	227
296	227
125	229
144	229
172	231
135	232
123	233
291	233
149	236
152	236
162	236
123	237
168	238
154	239
122	240
162	240
168	240
239	240
285	240
149	241
293	241
242	242
77	243
153	243
281	243
289	243
114	246
140	246
161	247
269	247
126	248
276	248
271	249
249	250
259	250
113	251
229	251
126	252
139	252
253	252
104	253
288	254
97	255
168	255
80	257
93	258
107	260
260	261
147	265
261	265
154	267
174	268
177	268
85	269
88	269
147	271
186	271
281	271
153	273
220	276
252	276
186	279
185	280
226	280
169	281
221	281
254	281
279	281
169	285
88	286
91	286
185	286
194	286
216	286
227	286
231	286
252	286
138	287
216	290
254	290
138	291
155	291
195	291
200	291
232	292
237	292
140	294
122	295
146	295
161	295
91	296
154	296
250	296
201	297
272	297
161	298
239	298
245	298
133	299
252	299
121	301
245	302
247	302
161	303
156	304
132	305
94	307
240	307
267	307
155	310
248	310
242	312
142	315
241	315
148	317
233	319
133	321
241	321
240	322
260	322
107	323
128	323
234	323
133	325
241	330
149	334
152	334
227	334
208	335
121	338
249	339
209	341
140	342
159	342
221	343
150	344
231	344
172	347
162	351
189	351
209	351
224	352
