518
150	49
159	49
160	49
167	49
137	50
171	50
181	50
194	51
200	53
205	53
114	54
105	55
213	55
167	59
175	60
228	60
84	64
103	64
113	66
219	68
226	69
173	70
183	71
185	71
236	71
194	72
106	73
89	74
77	75
157	79
164	79
244	81
98	84
172	85
228	86
68	87
152	87
196	88
233	88
88	89
91	89
204	90
168	92
253	92
78	95
69	97
119	97
65	98
244	99
86	101
119	104
121	105
204	107
76	109
249	109
58	112
154	112
153	113
155	118
255	119
76	121
52	123
50	126
87	126
72	127
238	128
255	133
232	143
256	143
121	147
131	152
140	153
260	155
167	157
257	165
265	167
95	170
213	171
100	172
255	172
271	172
272	172
100	175
107	177
185	178
257	178
136	179
140	181
122	186
34	188
127	188
106	189
112	190
114	190
268	193
223	194
51	195
219	195
57	196
34	197
274	198
33	199
220	199
274	199
270	203
48	206
57	206
33	207
101	207
76	209
109	209
110	209
82	210
85	210
89	210
121	210
57	211
67	211
73	211
130	211
274	211
65	212
118	212
127	212
135	212
146	212
100	213
156	213
108	214
152	214
33	215
160	215
73	218
80	218
90	219
97	219
98	219
152	219
274	219
65	220
72	220
107	220
158	221
107	222
111	222
127	222
141	222
199	222
33	223
217	223
150	224
147	225
157	225
269	225
115	226
124	226
50	227
57	227
42	229
50	229
65	229
89	229
97	229
97	230
101	230
157	230
65	232
80	232
86	232
164	232
36	233
42	233
79	233
276	234
65	235
156	235
145	236
162	237
50	238
57	238
135	238
252	238
50	239
151	239
124	240
141	240
131	241
79	242
87	242
72	243
88	243
97	243
65	244
73	244
79	244
115	245
88	247
80	248
131	248
137	248
250	250
254	251
36	252
80	252
89	252
138	252
115	253
116	253
121	253
277	253
52	254
57	254
99	254
102	254
147	254
73	255
76	255
90	255
42	256
66	256
37	257
76	259
156	260
284	261
44	262
152	262
39	263
147	263
90	264
98	264
175	264
173	265
285	265
60	266
64	266
83	266
182	266
76	268
87	268
89	268
147	268
57	269
100	269
107	269
123	269
125	269
280	269
70	270
75	270
116	270
144	270
173	270
182	271
47	273
187	273
57	275
78	275
160	276
70	277
73	277
66	279
96	279
100	279
108	279
110	279
168	279
169	279
40	280
57	281
80	281
83	281
86	281
87	281
95	281
103	281
113	281
160	281
251	281
50	282
167	282
176	282
184	282
257	282
133	283
144	283
73	284
75	284
207	284
67	285
103	285
136	285
144	285
228	285
239	285
95	286
233	286
249	286
145	287
167	287
279	287
104	288
252	288
67	289
75	289
83	289
95	289
170	289
174	289
62	290
70	290
119	290
183	290
79	291
90	291
95	291
240	291
119	292
177	292
264	292
130	293
136	293
187	293
190	293
85	294
90	294
116	294
177	294
192	294
214	294
232	294
81	295
105	295
204	295
100	296
145	296
170	296
223	296
235	296
240	296
164	297
183	297
219	297
240	297
45	298
130	298
138	298
140	298
209	298
227	298
132	299
172	299
174	299
245	299
73	300
81	300
192	300
227	300
126	301
233	301
65	302
68	302
77	302
196	302
92	303
100	303
112	303
116	303
132	303
140	303
62	304
85	304
137	304
179	304
183	304
242	304
129	305
184	305
219	305
96	306
196	306
233	306
143	307
223	307
259	307
77	308
240	308
258	308
85	309
139	309
202	309
262	309
70	310
73	310
103	310
184	310
81	311
100	311
113	311
130	311
176	311
255	312
127	313
240	313
64	314
65	314
171	314
179	314
184	314
242	314
246	314
270	314
81	315
157	315
100	316
249	316
43	317
76	317
117	317
60	318
136	318
236	318
97	319
109	319
136	319
137	319
242	319
171	320
52	321
76	321
130	321
242	322
47	323
74	323
97	324
156	324
157	324
182	324
204	324
130	325
97	326
55	327
207	327
138	328
52	329
104	329
114	329
138	329
184	329
185	329
67	332
97	332
114	332
149	332
156	332
45	333
102	333
237	333
96	334
138	334
157	334
65	335
126	335
189	335
104	336
133	336
239	336
263	336
141	338
149	338
124	339
157	340
221	340
103	341
133	341
141	341
249	341
141	342
151	342
88	343
208	343
223	343
225	343
91	344
133	344
151	344
250	345
134	346
210	346
46	347
117	347
139	347
173	348
202	348
230	349
233	349
259	349
105	350
237	350
65	351
100	351
123	351
151	351
165	351
47	352
57	352
75	352
92	352
117	352
133	352
146	352
173	352
184	352
197	352
204	352
210	352
220	352
246	352
256	352
