242
158	13
177	14
140	15
156	15
165	16
186	17
128	18
158	18
105	22
225	24
173	26
136	27
185	27
127	29
121	31
112	33
155	34
171	34
145	35
179	35
94	38
236	38
125	39
118	40
217	40
111	42
224	42
139	43
141	43
186	43
194	44
103	46
132	46
90	50
239	50
246	54
194	61
112	62
254	67
148	70
74	73
254	77
229	84
76	85
70	86
254	90
218	98
256	101
112	104
255	110
159	114
247	120
261	122
212	127
246	127
238	130
264	132
176	134
266	141
259	142
260	149
271	149
264	151
212	152
104	156
222	160
278	160
214	168
272	170
211	171
75	173
82	173
210	178
280	178
191	179
205	182
260	182
119	183
203	183
47	187
197	188
286	188
287	190
277	192
45	195
243	195
256	195
275	196
282	196
261	198
287	204
66	209
72	209
100	218
107	218
45	221
61	221
67	221
243	222
45	223
140	224
249	224
147	225
279	227
117	229
119	229
125	229
77	230
92	230
132	230
71	231
110	231
139	231
175	231
129	235
130	235
73	236
138	236
50	237
193	237
80	238
96	238
102	238
147	238
172	238
163	239
75	240
169	240
82	241
87	241
138	241
163	241
233	241
262	241
130	242
167	244
78	246
81	246
160	246
112	247
240	247
108	248
255	248
258	248
184	249
244	249
276	250
188	252
83	253
226	254
231	254
234	255
282	256
225	257
280	260
52	262
253	262
228	263
247	271
134	273
154	273
282	273
272	274
232	275
134	276
236	276
93	279
55	280
238	280
128	281
132	281
159	282
127	284
155	284
121	285
108	286
132	286
132	287
107	291
121	291
155	291
132	294
137	296
132	297
245	299
137	300
147	301
150	301
261	301
247	302
65	304
246	306
137	307
87	309
151	309
248	309
252	309
268	309
108	310
234	310
268	310
88	311
206	311
238	311
254	312
65	314
72	314
248	314
74	315
144	315
248	316
68	317
93	317
239	317
260	317
82	321
113	329
168	331
259	332
253	333
258	333
112	334
216	334
169	336
80	337
119	340
149	340
216	341
126	342
133	344
117	345
250	345
82	346
149	347
85	351
104	351
126	351
180	351
219	351
197	352
231	352
243	352
