316
99	24
134	24
102	25
112	25
125	25
79	30
88	30
180	30
188	33
163	35
171	38
203	38
57	39
77	40
86	41
159	46
168	47
210	47
79	48
51	50
61	51
199	54
129	55
161	55
120	56
207	56
173	57
71	58
44	60
147	60
221	60
65	62
126	63
202	64
209	65
135	68
75	69
39	72
67	73
219	77
227	78
95	80
177	83
229	88
131	91
228	97
57	100
207	103
213	106
207	109
231	111
25	114
205	120
95	122
234	124
142	133
243	138
28	141
229	144
245	146
187	148
248	154
158	156
81	157
87	158
253	165
27	166
87	167
196	172
255	172
242	173
250	175
244	182
186	183
253	184
251	186
180	187
245	189
192	191
258	194
250	196
258	196
173	199
257	200
263	200
46	201
247	201
52	202
80	202
99	203
252	203
88	204
90	204
98	205
70	206
111	206
239	206
88	207
259	207
117	208
37	211
44	211
257	213
70	217
78	217
35	218
223	218
256	218
264	218
88	219
95	219
115	220
122	222
105	225
46	226
52	226
95	226
103	226
112	226
252	226
261	226
219	235
47	236
40	237
224	237
103	240
120	240
57	241
62	241
80	241
87	241
110	241
127	241
254	243
263	244
40	246
262	246
72	247
103	247
96	248
97	248
105	248
110	248
51	249
90	249
111	249
118	249
145	250
118	251
125	251
152	251
72	254
90	254
97	254
111	254
43	255
65	255
117	255
38	256
52	256
59	256
108	256
173	257
52	258
60	258
65	258
81	258
125	258
47	259
76	259
53	260
254	260
48	262
142	262
213	262
90	263
173	263
212	263
219	263
60	264
67	264
145	264
55	265
57	265
86	265
156	265
178	265
137	266
162	266
50	267
57	268
219	268
238	268
68	269
92	269
62	270
87	270
117	270
77	271
112	271
223	271
71	272
38	273
53	273
102	273
204	273
87	275
96	275
207	275
211	275
212	275
216	275
219	276
45	277
82	277
230	277
234	278
40	279
96	279
92	280
253	280
107	283
213	284
57	285
117	285
67	286
104	286
224	286
62	287
111	287
54	288
111	291
73	293
129	293
226	293
41	295
112	295
209	296
213	297
80	298
50	299
82	299
110	299
129	300
46	302
249	303
105	304
214	304
110	305
67	307
65	310
126	310
44	311
109	311
74	313
104	313
114	315
72	316
114	319
121	319
124	319
125	319
44	320
240	320
64	322
63	326
74	327
83	327
124	327
225	327
47	330
118	330
50	331
153	331
220	331
227	331
181	332
118	333
233	334
121	335
136	335
209	335
212	335
222	335
98	336
154	336
57	337
222	337
224	339
98	341
121	341
213	341
136	342
140	342
103	345
230	345
57	346
47	347
219	347
193	348
64	351
80	351
94	351
101	351
115	351
141	351
144	351
164	351
182	351
194	351
198	351
50	352
55	352
211	352
220	352
222	352
