618
158	27
204	27
160	28
166	30
119	33
155	34
215	34
222	34
235	37
242	37
251	39
134	42
208	45
246	47
102	52
213	53
183	55
263	58
102	61
101	65
98	66
113	68
264	68
264	76
96	77
251	77
251	84
277	84
93	86
87	93
277	93
281	93
147	100
85	101
164	103
290	103
86	104
165	109
169	111
289	111
193	112
160	116
77	118
104	121
207	121
301	122
73	126
265	127
114	129
165	131
305	131
279	133
252	134
265	134
114	135
134	135
271	135
278	136
69	137
78	139
111	143
268	143
306	145
64	148
246	149
268	151
126	155
306	155
132	156
246	157
118	158
124	158
63	163
107	163
112	163
161	163
166	164
305	165
120	166
124	166
130	166
297	168
166	170
107	172
53	173
102	173
130	173
113	174
137	174
249	177
299	178
255	179
291	179
228	182
266	182
53	183
53	184
254	184
283	184
306	185
136	186
143	186
306	186
261	187
229	188
293	188
261	190
122	191
128	191
241	191
135	192
142	192
229	192
241	194
175	195
243	195
56	196
231	196
235	196
255	196
259	196
142	197
181	197
116	198
122	198
148	198
230	198
298	198
305	198
122	200
127	200
134	200
165	200
171	201
116	202
134	202
253	202
109	203
110	203
141	203
156	203
235	203
291	203
298	203
103	204
122	204
162	204
164	204
169	205
232	205
117	206
134	206
179	206
140	207
141	207
184	207
127	208
133	209
140	211
244	211
117	212
168	213
232	213
258	213
267	213
274	213
105	214
174	214
146	215
150	215
232	215
293	215
127	216
158	216
174	216
182	216
244	217
146	218
166	219
183	219
64	220
211	220
127	221
129	221
140	221
151	221
172	221
164	222
140	223
141	223
302	223
107	225
57	226
116	226
172	226
293	226
300	226
133	228
135	228
145	228
150	228
164	228
179	228
170	229
98	230
126	230
217	230
120	231
143	232
163	232
189	232
293	232
299	232
155	233
169	233
99	234
150	234
152	234
195	234
120	235
126	235
188	235
269	235
127	236
129	236
194	236
218	236
236	236
276	236
244	237
143	238
149	238
155	238
178	238
168	239
169	239
184	239
120	240
110	241
175	242
176	242
55	243
235	243
110	244
87	245
122	245
134	245
155	245
182	245
193	245
200	245
283	245
97	246
102	246
168	246
228	246
264	246
266	246
296	246
82	247
174	247
274	248
116	249
122	249
134	249
110	250
135	250
148	250
167	251
173	251
182	251
200	251
148	252
189	252
165	255
282	255
289	255
295	255
160	256
180	256
257	256
263	256
289	256
296	256
115	258
148	258
159	258
187	258
226	258
92	259
122	259
239	259
87	260
187	262
229	262
235	262
102	263
107	263
135	263
148	263
172	263
194	263
272	263
279	263
142	264
297	264
130	265
133	265
257	265
264	265
102	266
108	266
116	266
122	266
249	266
97	267
104	267
187	267
242	267
256	267
56	268
229	268
239	268
248	268
178	269
192	269
194	269
272	269
264	270
278	270
248	271
255	271
270	271
92	272
97	272
104	272
112	272
116	272
221	272
100	273
192	273
255	273
260	273
143	274
150	274
209	274
105	276
125	276
151	276
156	276
172	276
178	276
212	276
239	276
100	277
247	277
92	278
118	278
120	278
137	278
140	278
178	278
222	278
230	278
231	278
237	278
262	278
269	278
87	279
112	279
100	280
130	280
165	280
171	280
212	280
247	280
94	281
107	281
112	281
127	281
130	281
284	281
260	282
289	282
94	283
205	283
216	283
222	283
269	283
88	284
151	284
198	284
239	284
274	284
102	285
104	285
178	285
245	285
56	286
160	286
165	286
88	287
121	287
123	287
178	287
222	287
231	287
268	287
98	288
132	288
145	288
146	288
198	288
227	288
86	289
105	289
115	289
117	289
172	289
237	289
295	289
111	290
160	290
166	290
254	290
272	290
140	291
147	291
237	291
245	291
227	292
242	292
250	292
257	292
259	292
264	292
117	293
198	293
234	293
262	293
105	294
112	294
147	294
167	294
172	294
269	294
92	295
132	295
142	295
242	295
100	296
102	296
127	296
95	297
194	297
248	297
107	298
112	298
127	299
256	299
142	300
155	300
157	300
176	300
211	300
216	300
234	300
248	300
252	300
102	301
104	301
122	301
164	301
166	301
177	301
184	301
225	301
237	301
260	301
135	302
136	302
150	302
269	302
275	302
72	303
99	303
154	303
164	303
229	303
237	303
272	303
132	304
170	304
177	304
218	304
244	304
279	304
145	305
252	305
260	305
262	305
257	307
132	308
138	308
145	308
212	308
214	308
127	309
135	309
229	309
272	309
142	310
244	310
274	310
247	311
292	311
232	312
264	312
270	312
82	313
247	314
272	314
79	315
252	315
142	316
203	316
216	316
140	317
187	318
231	318
241	318
87	319
209	319
242	319
152	320
234	320
83	321
160	321
149	322
185	322
209	322
155	323
285	323
291	323
203	324
207	324
289	324
117	326
154	326
70	327
93	327
135	327
250	327
114	328
133	329
212	329
229	329
249	329
90	330
187	330
288	330
183	331
208	331
239	331
239	332
231	333
249	333
139	334
220	335
254	335
258	335
67	336
102	336
176	336
183	336
229	338
238	338
259	338
192	340
209	340
229	340
232	340
106	341
175	341
251	342
240	344
241	344
253	344
234	345
239	345
245	345
210	346
224	346
191	347
75	348
210	348
288	348
191	350
200	350
224	350
248	350
253	350
102	351
122	351
154	351
169	351
230	351
239	351
257	351
269	351
86	352
93	352
113	352
132	352
143	352
213	352
276	352
285	352
