534
160	30
144	33
136	37
132	38
126	39
168	39
161	40
151	41
135	45
206	45
130	46
176	46
189	46
180	47
94	50
170	50
210	55
80	61
197	64
236	64
189	65
175	66
183	66
236	73
74	74
101	74
247	76
252	76
253	76
237	80
68	86
127	87
118	90
230	90
236	90
248	92
63	95
146	97
126	98
162	100
57	102
118	103
69	104
256	107
87	108
120	108
70	109
53	112
208	114
228	116
257	118
67	119
49	123
265	130
45	133
270	135
62	137
67	137
68	137
74	137
79	139
62	145
68	145
62	147
56	148
121	148
261	148
41	150
63	150
264	150
67	151
58	152
227	153
281	153
271	156
203	157
264	161
245	162
284	162
34	163
269	164
70	168
75	168
247	168
36	170
70	172
204	172
75	174
81	174
81	176
87	176
183	177
280	177
267	178
75	179
272	179
80	180
293	183
294	183
32	185
283	185
30	186
58	187
63	187
80	187
87	187
92	187
94	187
99	187
251	187
279	187
272	188
85	189
257	189
262	190
292	190
197	191
136	192
244	193
250	193
99	194
209	194
64	195
184	195
197	197
71	199
76	199
237	200
244	200
269	200
31	201
92	201
261	201
273	201
97	202
290	203
65	204
66	204
97	204
100	204
108	204
67	205
71	206
77	206
85	206
91	206
117	206
253	206
259	206
55	207
60	207
95	207
122	207
166	207
273	208
285	209
52	211
60	212
67	212
243	215
102	216
103	216
249	216
121	217
127	217
188	217
195	217
61	218
67	218
109	218
73	219
33	220
73	221
40	222
85	223
86	223
187	223
228	223
101	224
151	224
248	224
179	225
254	225
92	226
99	226
221	226
234	226
239	226
63	228
105	228
110	228
110	229
118	229
124	229
126	229
132	229
227	229
117	230
63	231
73	231
78	231
207	232
214	232
290	232
72	233
246	233
36	234
79	234
85	234
99	234
239	234
250	234
63	235
124	235
140	235
283	235
57	236
147	236
73	237
79	237
99	237
130	237
131	237
177	237
52	238
57	238
109	238
110	238
190	238
137	239
115	240
117	240
92	241
99	241
122	241
207	241
214	241
289	241
179	242
185	242
223	242
278	242
229	243
128	245
81	246
86	246
122	246
135	246
185	246
179	248
180	248
135	249
189	249
289	249
62	250
66	250
141	250
55	251
282	251
50	252
172	252
228	252
36	253
101	253
105	253
106	253
115	253
206	253
234	253
273	253
115	254
121	254
81	255
83	255
135	255
189	255
219	255
41	256
62	256
93	256
121	256
140	256
141	256
38	257
147	257
204	257
51	258
77	258
80	258
156	258
234	258
172	259
239	259
81	260
121	260
140	260
174	260
180	260
146	261
219	261
278	261
115	262
121	262
197	262
224	262
54	263
57	263
72	263
96	264
101	264
202	264
204	264
209	264
218	264
102	265
104	265
189	265
239	265
140	266
146	266
174	266
194	266
209	266
222	266
244	266
134	267
140	267
178	267
214	267
67	268
72	268
82	268
88	268
110	268
115	268
47	269
116	269
122	269
123	269
132	270
147	270
149	270
229	270
42	271
161	271
234	271
284	271
67	272
82	272
97	272
101	272
171	272
178	272
194	272
197	272
208	272
214	272
62	273
123	273
141	273
184	273
77	274
175	274
212	274
219	274
50	275
92	275
97	275
110	275
116	275
118	275
280	276
50	277
126	277
132	277
47	278
197	278
204	278
39	279
105	279
184	279
98	280
102	280
107	280
108	280
161	280
208	280
287	280
92	281
186	281
187	281
111	282
118	282
197	282
192	283
208	283
214	283
87	284
91	284
126	284
119	285
121	285
87	286
104	286
113	286
169	286
41	287
85	287
162	287
60	288
200	288
95	290
93	291
172	291
200	291
288	291
143	293
219	294
64	295
275	296
100	297
189	297
196	297
107	298
142	298
158	298
192	298
95	299
97	299
104	299
199	299
270	300
290	300
91	301
158	302
82	303
103	304
80	305
189	306
159	307
271	307
135	308
131	309
196	309
86	310
186	310
196	310
192	311
194	311
48	312
188	312
287	312
43	313
214	313
285	313
130	314
202	314
272	316
265	317
176	318
46	319
278	319
176	320
182	320
213	320
221	324
60	325
184	325
186	325
268	326
224	327
70	328
187	328
190	328
257	328
171	329
259	329
65	330
67	330
174	330
178	330
47	332
76	332
94	332
192	332
178	333
186	333
186	335
190	335
93	336
174	336
178	336
266	336
141	338
144	338
192	339
85	340
110	341
128	341
162	341
179	341
183	341
192	341
176	344
105	346
109	346
123	346
128	346
163	346
167	346
194	347
49	349
109	349
176	350
178	350
258	350
139	351
152	351
167	351
236	351
54	352
66	352
76	352
87	352
99	352
105	352
109	352
116	352
123	352
188	352
209	352
221	352
243	352
256	352
