443
162	44
184	44
222	48
201	50
221	50
215	51
236	51
148	52
171	54
159	56
121	59
241	62
242	62
232	63
222	71
109	73
106	82
261	83
111	89
259	94
263	97
252	98
87	101
132	101
153	104
128	106
86	109
272	113
81	114
174	114
129	118
130	123
96	124
80	125
136	125
273	125
73	129
218	131
244	131
75	133
281	133
286	133
287	133
68	137
285	145
277	146
77	147
83	147
77	153
83	153
281	154
288	154
64	155
88	155
72	161
77	161
268	163
131	164
278	164
72	166
77	166
66	167
272	167
66	169
284	169
236	170
63	171
271	172
212	174
69	178
287	180
86	182
214	182
92	188
97	188
213	188
55	190
90	190
294	191
205	193
208	193
79	195
83	195
274	195
299	195
84	196
280	196
273	199
302	199
211	200
279	200
299	200
51	203
96	203
102	203
252	203
259	204
109	206
259	206
263	206
114	207
211	207
207	208
263	209
69	210
145	210
269	210
219	211
302	211
193	212
69	213
254	213
295	213
109	214
102	215
107	215
196	215
207	215
276	217
107	219
292	219
57	220
62	220
169	220
175	220
50	221
69	222
195	222
127	223
132	223
69	224
74	224
105	224
175	226
237	226
244	226
253	226
259	227
80	228
112	228
115	228
76	229
111	235
116	235
117	235
122	235
200	235
205	235
259	235
81	236
84	236
264	236
224	237
75	238
81	238
244	238
88	239
95	239
249	239
75	240
110	240
71	241
115	241
162	241
197	241
299	241
102	242
109	242
115	244
120	244
122	244
188	244
127	245
224	245
234	246
249	246
254	246
127	247
135	247
134	248
142	248
52	249
78	249
82	249
72	250
74	250
95	250
102	250
109	251
248	251
67	252
82	253
84	253
121	253
125	254
217	254
224	254
187	255
234	255
239	255
108	256
142	256
147	256
125	257
102	258
132	258
201	258
95	260
102	260
189	260
195	260
48	261
62	263
77	263
82	263
95	263
139	263
89	264
90	264
145	264
84	265
145	266
152	266
199	266
202	266
238	266
244	266
253	266
96	267
102	267
189	267
207	267
259	267
132	268
224	268
229	269
182	270
59	271
65	271
70	271
110	271
115	271
117	271
123	271
145	271
72	272
77	272
132	272
144	272
96	273
150	273
152	273
207	273
91	274
214	274
156	275
229	276
234	276
85	277
87	277
80	278
156	278
166	278
182	278
228	278
105	279
110	279
125	279
131	279
163	279
88	280
132	281
142	281
207	281
212	281
214	281
232	281
63	282
66	282
150	282
156	282
218	283
221	283
294	283
97	284
199	284
157	285
163	285
204	285
82	286
107	286
111	286
184	286
190	286
231	286
118	287
125	287
132	287
134	287
175	287
195	287
77	288
113	288
117	288
126	288
187	288
65	289
142	289
179	289
187	290
204	290
224	290
51	291
113	291
179	291
194	291
209	291
228	291
92	292
107	292
87	293
184	293
114	294
209	294
249	294
294	294
102	295
107	295
109	295
120	295
123	295
254	295
293	295
136	296
142	296
194	296
212	296
214	296
222	296
198	297
217	297
225	297
116	298
120	298
102	300
198	301
191	302
205	302
217	302
225	302
229	302
289	302
113	303
194	303
202	303
92	304
288	304
202	305
292	305
68	306
212	306
228	306
209	307
211	307
207	308
212	309
234	309
225	310
72	311
219	311
237	311
159	313
144	314
199	314
117	315
291	315
167	316
202	316
196	317
211	317
142	318
214	318
199	319
92	320
158	320
60	322
88	322
95	322
199	323
59	324
145	326
203	326
206	326
98	327
96	328
185	328
284	328
65	329
203	329
280	329
187	331
204	331
289	331
210	333
62	335
223	335
185	336
284	336
286	336
194	337
215	337
74	338
201	339
279	339
177	341
195	341
201	341
288	341
194	344
195	344
178	345
181	345
188	345
188	347
84	348
287	348
104	351
118	351
136	351
172	351
188	351
189	351
75	352
85	352
95	352
201	352
210	352
219	352
238	352
248	352
258	352
269	352
283	352
