532
195	17
198	18
209	26
185	28
171	29
181	29
164	30
230	37
209	38
216	38
222	38
152	39
179	39
188	39
165	40
172	42
257	42
165	46
183	46
241	46
135	47
133	48
144	48
128	49
251	49
250	50
171	52
234	55
249	56
255	56
267	56
155	57
162	59
150	62
231	63
239	63
156	67
269	68
152	73
273	78
146	81
98	92
277	94
105	99
237	101
253	101
274	101
283	103
225	105
105	106
229	106
249	107
267	107
91	108
236	110
219	112
273	114
280	114
97	117
103	117
219	117
232	117
238	120
85	121
96	123
117	123
122	123
295	123
92	124
101	124
225	124
215	125
264	125
257	126
279	126
68	127
272	127
285	127
267	130
127	133
169	133
67	134
68	134
77	134
82	134
291	134
295	134
62	135
160	135
233	135
272	135
122	139
220	139
86	140
126	140
75	141
81	141
161	141
192	142
75	144
121	145
283	145
62	148
57	150
75	150
82	150
85	150
118	151
282	153
55	154
93	154
289	154
88	155
82	156
88	156
57	157
82	158
212	158
219	158
245	158
250	158
259	159
265	159
100	160
95	161
131	161
76	162
71	163
74	163
58	164
265	164
269	164
90	166
248	166
257	166
269	166
102	167
107	167
210	167
263	167
130	168
203	168
75	169
82	169
66	170
68	170
83	172
53	173
176	173
248	174
255	174
83	175
90	175
61	176
70	177
77	177
274	177
48	178
55	178
70	178
279	178
291	178
48	179
88	179
127	181
203	181
51	182
43	183
63	183
203	183
217	183
50	186
71	186
77	186
89	186
97	186
100	186
110	186
116	186
117	186
122	186
254	186
259	186
292	187
286	188
217	189
58	190
65	190
146	191
152	191
214	191
73	192
254	192
258	192
52	194
204	194
298	194
91	196
97	196
196	196
291	196
53	197
105	197
230	198
48	199
236	199
73	200
110	200
117	200
146	200
152	200
244	200
249	200
58	201
73	201
125	201
132	201
48	202
159	202
263	202
110	203
196	203
243	203
269	203
58	204
229	204
289	204
101	205
159	205
179	205
234	205
247	205
256	205
291	205
164	206
171	206
262	206
74	207
79	207
152	207
159	207
260	207
267	207
127	208
132	208
234	208
147	209
199	209
204	209
213	209
254	209
87	210
179	210
219	210
239	210
241	210
259	210
81	211
245	211
259	212
112	213
133	213
204	213
295	213
302	213
107	214
127	214
147	214
148	214
209	214
140	215
157	215
159	215
185	215
219	215
226	215
239	215
293	215
67	216
122	216
127	216
134	216
164	216
224	216
231	216
243	216
142	217
76	218
129	218
134	218
219	218
257	218
222	220
224	220
249	220
91	221
151	221
157	221
209	221
254	221
86	222
107	222
122	222
214	222
227	223
230	223
233	223
103	224
117	224
135	224
142	224
296	224
80	225
233	225
247	225
104	226
72	228
80	228
117	228
113	229
259	230
129	231
262	231
88	232
107	232
226	233
228	233
209	235
238	235
214	236
286	236
260	237
122	239
214	240
120	241
186	241
217	241
105	242
132	242
256	242
180	246
216	247
288	247
291	247
80	248
219	248
223	248
107	250
225	250
233	251
284	251
160	252
219	252
84	253
96	253
180	253
223	253
87	254
112	256
205	257
216	257
227	258
237	258
92	259
239	260
207	261
211	261
285	261
84	262
176	262
200	262
287	263
97	264
194	264
284	264
202	265
90	266
111	268
186	268
175	271
176	271
249	271
93	272
215	272
224	272
226	273
287	273
217	275
203	276
121	277
217	277
225	277
177	278
240	279
94	280
199	280
221	280
94	282
96	283
110	285
181	285
102	286
163	286
199	286
203	286
213	286
277	286
124	288
141	288
212	288
149	290
190	290
194	290
153	291
163	291
181	291
203	291
213	291
237	291
137	292
163	292
245	292
170	293
213	293
102	294
225	294
129	295
144	295
223	295
115	296
153	296
232	296
203	297
204	297
215	297
160	298
162	298
185	298
227	298
228	298
241	298
109	299
122	299
170	299
176	299
180	299
224	299
201	300
246	301
280	301
229	302
233	302
103	304
160	304
177	304
180	304
185	304
234	304
238	304
278	304
170	305
228	305
134	306
195	307
198	307
214	307
239	307
185	308
228	308
134	310
206	310
171	311
177	311
199	311
222	311
195	312
199	312
214	312
265	313
206	314
145	315
215	315
178	317
200	317
134	318
262	318
214	319
226	319
265	319
195	320
114	321
187	323
215	323
227	323
126	324
133	324
240	325
187	327
193	327
204	327
241	328
245	330
193	331
198	331
168	333
209	333
148	334
156	334
155	335
198	336
249	337
163	339
171	339
177	339
204	339
149	341
154	341
200	341
216	341
247	341
185	344
216	344
207	345
154	346
200	346
240	348
191	349
209	349
190	352
207	352
220	352
235	352
