598
148	9
238	9
112	13
206	13
134	15
100	16
152	17
173	17
224	18
186	19
107	20
121	20
204	21
197	23
99	24
153	24
224	24
111	25
121	28
118	31
151	31
163	31
178	31
141	32
224	33
127	34
171	34
212	36
100	38
93	40
141	41
173	42
181	45
254	45
133	47
166	48
267	48
246	51
258	51
272	51
214	52
232	54
100	56
88	57
201	57
216	57
227	57
252	57
83	62
89	64
227	65
82	66
87	66
192	66
96	68
103	68
192	68
204	70
80	71
281	71
186	73
273	74
211	76
77	81
286	81
212	85
138	86
271	86
100	90
196	90
104	92
120	93
128	93
163	94
262	96
257	97
92	98
97	98
107	98
198	98
136	100
142	100
248	100
160	101
244	101
252	103
296	105
192	106
311	107
211	109
105	111
156	111
87	113
92	113
142	113
147	113
227	113
275	113
279	113
92	116
71	117
87	117
269	117
275	117
279	117
100	118
127	118
134	118
155	118
161	118
211	119
259	120
265	121
269	121
310	121
105	122
127	123
146	123
120	124
127	124
205	124
265	128
259	129
211	130
121	131
127	131
259	132
310	132
287	133
142	134
308	134
66	135
205	138
272	138
310	138
135	140
142	140
215	140
255	141
288	141
227	142
302	144
107	145
135	145
142	145
92	146
101	146
202	146
87	148
248	148
251	148
267	148
77	149
63	150
226	150
265	150
63	151
71	151
225	151
246	151
294	151
156	152
137	153
162	153
300	153
137	155
163	155
210	155
247	156
255	156
279	156
285	156
219	157
97	158
101	158
65	159
125	159
130	159
143	160
149	160
155	160
204	160
72	161
155	161
66	162
137	162
207	162
219	162
119	163
125	163
127	163
214	163
112	164
143	164
168	164
174	164
216	164
82	165
120	165
156	165
76	166
200	166
271	166
277	166
299	166
207	167
304	167
145	168
127	169
132	169
199	169
204	169
140	170
156	171
205	171
156	172
121	173
127	173
217	173
232	173
240	173
263	175
284	175
121	176
269	176
102	177
107	177
115	177
174	177
202	177
218	177
224	177
130	178
134	178
160	178
179	178
149	179
197	179
207	179
269	179
275	179
87	180
213	180
82	181
167	181
117	183
122	183
306	185
137	186
141	186
156	186
157	186
160	186
212	186
269	186
274	186
299	186
149	187
150	187
255	187
284	187
291	187
112	188
117	188
172	188
179	188
248	188
303	188
253	189
255	189
97	190
132	190
137	190
218	190
64	191
92	191
152	191
157	191
224	191
233	191
239	191
240	191
246	192
146	193
172	193
297	193
167	194
127	195
132	195
194	195
203	195
209	195
87	196
92	196
174	196
179	196
195	197
288	198
68	200
101	202
174	202
98	203
122	203
142	203
168	203
239	203
119	204
138	204
300	204
286	205
145	206
66	207
168	207
171	207
175	207
285	208
112	209
125	209
150	209
155	209
163	209
121	210
157	210
164	210
184	210
267	210
294	210
106	211
107	211
180	211
103	213
164	213
159	214
268	214
272	214
147	215
64	216
136	216
142	216
77	217
132	217
111	218
181	218
272	218
63	219
169	219
176	219
73	220
277	220
289	220
213	221
294	221
113	222
73	224
302	225
299	226
112	228
113	231
145	232
153	232
282	232
118	234
140	234
149	234
244	234
200	235
270	235
289	235
280	236
284	236
285	236
140	238
295	238
139	239
100	240
238	240
266	240
188	241
148	242
243	243
96	244
156	246
186	246
126	247
151	247
117	248
154	248
164	248
166	248
186	248
78	249
193	249
238	249
88	250
145	251
126	253
143	253
186	253
176	254
188	254
192	254
176	256
219	256
95	258
127	258
260	258
297	258
94	259
121	259
169	259
229	259
235	259
125	260
155	260
160	260
174	260
182	260
186	260
118	261
192	261
242	261
251	261
262	261
78	262
130	262
140	262
219	262
153	263
129	264
166	264
182	264
236	264
80	265
186	265
192	265
138	266
186	266
207	266
195	267
225	269
82	271
207	271
217	271
274	271
186	272
213	272
297	272
106	273
80	274
82	274
195	274
235	274
104	275
195	275
225	275
249	276
252	276
218	277
266	277
269	277
177	278
214	278
189	279
235	279
182	281
188	281
254	281
195	282
203	283
254	283
176	284
193	285
84	286
181	286
220	286
247	286
162	287
270	287
295	287
255	288
258	288
193	289
232	290
247	290
145	291
161	291
137	292
277	292
171	293
259	293
124	294
182	294
212	294
291	294
135	295
140	295
143	295
205	295
258	295
123	296
130	296
171	296
188	296
193	296
194	296
233	296
265	296
138	297
166	297
223	298
251	299
259	299
138	300
179	300
181	300
213	300
219	300
134	301
161	301
166	301
205	301
259	301
128	302
182	302
254	302
143	303
267	303
280	303
282	303
178	304
137	305
182	305
132	306
178	306
193	306
231	306
260	306
93	307
202	307
220	307
136	308
142	308
213	308
254	308
167	309
178	311
285	311
141	312
232	312
165	313
167	313
230	314
200	315
205	315
213	315
132	316
165	319
230	320
235	320
242	320
223	321
131	322
195	322
200	322
205	322
209	322
217	322
128	323
235	326
276	326
237	327
195	328
217	328
224	328
209	329
269	329
237	330
144	332
274	332
183	334
230	335
143	336
165	336
108	337
156	338
181	339
111	341
230	341
261	341
277	341
116	345
132	351
146	351
163	351
188	351
237	351
121	352
256	352
