591
118	8
137	8
180	8
90	10
131	10
171	10
88	13
124	13
164	13
124	14
79	16
184	18
118	21
131	21
198	22
107	23
179	25
210	25
86	26
93	28
66	30
216	30
121	31
132	31
109	33
87	34
63	35
222	35
227	35
228	35
140	36
82	40
101	40
113	40
119	44
140	44
128	46
139	46
196	47
69	48
57	49
134	52
178	52
51	56
174	56
59	57
161	60
173	61
49	65
155	66
181	68
47	73
237	74
249	74
250	79
107	81
166	82
181	82
72	84
75	85
219	89
161	90
215	90
78	91
222	92
181	94
70	95
77	95
199	97
163	98
247	98
106	99
112	99
224	99
259	99
153	100
65	101
222	101
159	105
72	106
141	106
65	107
112	108
118	108
41	109
235	109
100	113
105	113
132	113
183	113
238	113
137	114
177	116
112	118
117	119
233	119
184	121
33	122
86	122
92	122
233	123
239	123
267	123
107	125
247	125
195	130
176	132
185	132
240	132
247	133
87	134
93	134
95	135
228	135
72	139
247	139
67	140
82	140
87	140
174	140
181	140
253	140
259	140
235	141
101	142
107	142
219	143
96	144
136	145
38	146
97	146
99	146
52	147
230	147
46	148
182	148
191	149
77	150
82	150
110	152
92	153
97	153
122	153
182	153
127	154
179	154
135	155
102	156
98	157
72	158
77	158
111	158
93	159
279	159
195	160
127	161
189	161
265	162
52	163
57	163
117	163
123	163
172	163
123	164
189	164
238	164
244	164
259	164
128	165
105	166
107	167
112	167
32	168
95	168
102	168
141	168
147	168
222	168
229	168
82	169
87	169
128	171
133	171
102	172
107	172
82	173
115	173
122	173
135	173
140	173
180	173
77	174
147	174
170	174
170	175
178	175
238	175
275	175
57	177
62	177
69	177
102	177
65	178
98	178
161	178
167	178
244	178
140	179
249	179
116	180
122	180
178	180
184	180
214	180
290	180
221	181
222	181
237	181
116	182
152	182
171	182
228	182
288	182
112	184
142	184
32	186
160	186
167	186
264	186
272	186
82	187
87	187
106	187
112	187
269	187
89	188
93	188
132	188
142	188
153	188
214	188
220	188
249	188
275	188
33	189
103	189
106	189
127	189
148	189
254	189
113	191
183	191
110	192
82	193
268	193
77	194
248	194
37	195
161	195
214	195
272	195
281	195
92	196
97	196
157	196
254	196
77	197
105	197
115	197
122	197
259	197
261	197
74	198
118	198
142	198
112	199
137	199
177	199
86	200
92	200
143	201
150	201
157	201
80	202
86	202
146	202
153	202
75	203
100	203
108	203
137	203
239	203
82	204
95	204
277	204
125	205
75	206
82	206
88	206
122	206
132	206
134	206
137	206
244	206
79	207
95	207
249	207
71	208
85	208
91	208
115	209
274	209
122	210
229	210
79	211
113	211
119	211
234	211
74	212
91	212
80	214
82	214
85	214
88	214
243	214
186	215
76	216
279	216
197	217
82	218
151	218
261	218
77	219
84	219
41	220
102	221
95	222
98	222
179	223
85	224
88	224
120	225
188	225
257	225
82	226
117	227
82	230
75	232
78	232
72	234
268	234
164	235
275	235
112	236
112	237
120	237
119	238
100	239
129	239
44	240
93	240
129	240
164	240
44	241
161	241
169	243
270	243
48	247
115	247
130	247
139	247
161	247
129	248
152	248
155	248
163	248
168	248
79	249
110	249
279	249
95	250
96	250
102	250
135	250
93	251
110	251
207	251
73	252
100	252
149	252
168	252
134	253
159	253
163	253
243	253
73	254
85	256
105	256
116	257
244	257
153	258
158	258
82	259
134	259
184	259
134	260
135	260
112	261
114	261
204	261
123	262
152	262
173	262
111	263
195	263
275	263
82	264
173	264
228	264
79	265
185	265
188	265
249	265
121	266
133	266
173	267
204	267
228	267
86	269
221	269
196	270
83	271
224	271
154	272
188	272
125	273
173	273
178	273
185	273
140	275
232	275
60	276
122	277
125	277
224	277
228	277
110	278
140	278
154	278
169	278
172	278
178	279
233	279
248	279
121	280
141	281
144	281
157	281
183	281
185	281
229	281
166	282
269	282
240	284
183	285
109	286
225	286
157	287
198	287
263	287
136	288
139	288
175	288
245	288
257	288
147	290
150	290
136	291
198	291
202	291
226	291
105	292
113	292
64	293
104	293
156	293
137	294
145	294
161	294
247	294
113	295
175	295
179	295
183	295
145	296
168	296
114	298
155	298
203	299
160	300
166	300
168	300
175	300
132	301
155	301
183	301
184	301
191	301
114	302
137	302
145	303
155	303
224	304
130	305
161	306
165	306
142	307
145	307
68	308
108	308
177	308
183	308
184	308
191	308
194	308
225	311
141	312
213	313
254	313
107	314
142	314
195	314
202	314
206	314
105	315
183	315
185	315
195	315
173	316
112	318
122	318
218	318
238	318
159	319
125	320
137	320
140	320
206	320
209	320
213	320
214	320
110	321
120	321
173	321
195	321
202	321
185	322
123	323
136	324
151	324
214	324
210	326
238	326
181	329
229	329
144	330
150	330
244	330
239	331
135	333
144	335
230	335
165	336
201	336
208	336
181	337
142	341
165	341
208	341
202	342
153	344
199	344
154	346
159	346
139	351
164	351
200	351
206	351
108	352
121	352
153	352
