523
122	14
126	20
109	21
125	22
98	26
117	27
119	27
138	27
110	30
130	30
87	31
98	35
156	35
114	39
124	39
137	39
146	41
185	41
110	42
158	43
140	46
205	47
96	48
116	49
126	49
95	50
135	51
77	55
78	55
102	55
109	55
199	55
89	56
129	57
190	57
73	58
73	59
117	59
211	60
144	63
77	64
187	66
177	67
152	68
142	69
205	71
222	71
67	72
74	72
213	72
180	73
137	74
146	74
167	76
187	76
168	77
179	77
181	78
74	79
230	79
161	83
186	83
225	87
115	89
190	91
121	92
156	92
229	92
115	97
153	98
173	99
208	103
235	107
86	108
131	108
176	108
213	108
137	109
56	110
186	110
223	110
253	112
208	113
231	114
226	115
254	116
229	117
73	118
46	122
80	122
85	122
142	122
148	123
166	123
250	123
261	123
67	124
120	125
135	125
222	125
127	126
84	128
239	130
134	131
252	131
127	132
143	132
132	133
185	133
205	133
225	133
245	133
38	134
101	134
107	134
172	134
239	134
161	136
192	137
233	138
239	138
160	140
180	140
77	141
116	142
72	143
157	145
158	145
248	145
175	146
253	146
185	147
37	148
193	148
253	148
259	148
207	149
270	149
87	150
153	151
229	151
81	152
102	152
117	152
119	152
96	153
224	155
242	155
182	156
111	158
67	159
69	159
152	160
61	161
253	161
259	161
144	163
278	163
77	164
106	164
237	164
199	165
267	166
47	167
145	167
158	167
185	167
278	167
32	168
44	168
72	168
77	168
164	168
33	169
100	169
106	169
112	169
113	169
112	170
184	170
112	171
113	171
131	171
238	171
245	171
144	172
260	172
107	173
100	174
102	175
107	175
285	175
95	176
120	176
270	176
57	177
291	177
109	178
114	178
126	178
51	179
197	179
115	180
143	181
38	182
121	182
137	182
276	183
85	185
88	185
97	186
195	186
222	186
229	186
245	186
251	186
277	186
285	186
298	186
143	187
149	187
286	187
122	188
137	188
138	188
143	188
195	188
238	188
111	189
179	189
244	189
156	190
276	191
77	192
117	192
188	192
72	193
111	193
169	193
283	193
174	194
222	194
108	195
111	195
143	195
229	195
113	196
132	196
138	196
139	196
147	197
156	197
174	197
194	197
199	197
168	198
179	198
175	199
250	199
272	199
288	199
87	200
83	201
169	201
175	201
108	202
128	202
132	202
101	203
280	203
228	204
99	205
101	205
120	205
256	207
90	210
124	210
85	212
262	212
82	213
85	213
150	213
279	213
48	214
102	214
106	214
145	214
132	215
151	215
157	215
283	215
248	216
272	216
127	218
151	218
267	218
82	219
95	219
146	219
79	220
102	220
192	220
90	221
91	221
99	221
140	221
146	221
87	222
160	222
135	223
140	223
157	223
258	223
277	223
272	224
278	224
133	225
244	225
125	226
127	226
249	226
108	227
112	227
120	228
157	228
164	228
100	229
154	229
255	229
97	230
159	230
195	231
225	231
250	231
117	232
159	234
202	234
183	235
104	236
128	236
186	236
93	238
95	238
220	238
54	240
272	240
90	241
197	241
180	243
92	244
139	244
216	246
224	248
219	249
135	250
172	251
189	251
149	254
139	256
102	257
149	257
107	258
222	258
241	258
269	258
177	259
136	260
148	260
75	261
58	262
60	263
148	263
111	264
117	264
175	264
136	265
234	265
130	266
145	266
216	266
223	266
114	267
165	268
271	268
140	269
177	269
84	270
154	270
259	270
65	271
81	271
144	271
223	271
86	273
115	273
275	273
83	274
114	274
152	274
245	274
275	274
65	276
173	276
177	276
181	276
251	276
63	277
246	277
271	278
91	280
259	280
244	281
87	282
172	282
181	282
239	284
87	285
232	285
83	286
242	290
249	290
119	292
239	293
235	294
69	295
256	295
118	296
181	296
240	296
114	297
263	297
115	298
149	298
235	298
251	298
152	299
173	299
209	301
145	302
148	302
151	303
119	304
167	304
169	304
172	304
179	304
195	304
252	304
112	305
155	306
157	306
264	306
112	307
120	307
144	307
264	307
209	308
169	309
145	311
153	311
190	311
254	311
255	311
77	312
153	312
145	314
165	315
169	315
247	315
131	316
152	316
177	316
144	317
189	317
196	317
122	319
154	319
254	319
165	321
168	322
250	322
154	323
173	324
255	324
117	325
167	328
173	329
223	329
116	330
174	330
113	331
181	331
195	331
248	332
119	333
131	333
209	334
118	336
135	336
146	336
174	336
222	336
252	336
87	337
88	337
251	337
181	338
145	341
222	341
91	343
240	344
251	344
248	345
140	348
159	348
130	351
148	351
164	351
97	352
109	352
121	352
139	352
222	352
