582
208	18
208	19
202	20
189	21
225	23
224	25
217	26
242	35
168	37
143	39
136	40
158	42
125	43
128	44
237	44
164	48
252	48
159	49
138	50
165	52
234	54
159	55
290	55
119	57
276	57
117	60
224	60
277	61
206	63
207	65
153	67
118	69
148	70
275	70
237	72
127	75
132	75
133	76
189	76
162	78
139	79
181	80
230	81
280	82
259	83
120	85
206	85
130	88
180	88
207	89
215	89
107	91
156	91
260	91
177	92
285	93
164	96
165	97
219	97
240	97
209	98
142	99
188	99
204	99
208	99
101	101
196	101
270	102
174	103
242	103
196	104
99	106
208	106
168	107
221	107
99	108
214	108
269	109
267	110
106	112
223	112
275	112
286	113
136	114
213	114
289	115
99	116
112	116
130	116
191	116
214	117
107	118
267	118
275	118
155	120
186	121
184	122
126	124
265	124
161	125
157	131
201	131
139	132
223	132
288	132
68	137
77	137
122	137
127	137
193	137
233	139
230	142
61	143
287	143
288	143
268	144
53	145
300	145
53	146
79	147
294	147
231	149
294	149
48	150
296	150
54	151
49	152
289	152
81	153
248	153
260	153
90	154
42	158
51	158
50	161
76	161
247	161
145	163
179	163
308	163
152	164
169	164
184	164
174	165
225	167
78	168
93	168
78	169
102	169
246	169
297	169
277	170
111	171
117	171
229	172
259	173
307	174
81	178
84	178
164	178
178	178
303	178
169	179
210	179
85	180
93	180
183	180
298	180
56	181
142	181
269	181
147	182
200	182
259	182
264	184
51	186
57	186
125	186
131	186
133	186
155	186
169	186
189	186
203	186
223	186
43	187
139	187
140	187
194	187
209	188
300	188
147	189
101	190
194	190
239	190
147	191
101	193
217	193
46	195
152	195
274	195
61	196
157	196
242	196
270	196
115	198
147	198
122	199
182	199
50	200
54	200
90	200
157	201
162	201
292	201
299	201
239	202
277	202
91	203
282	203
100	204
147	204
100	205
179	205
211	205
107	206
273	206
56	207
303	207
80	208
178	209
184	210
60	211
130	211
137	211
145	212
227	214
63	216
221	217
100	218
107	218
108	219
115	219
152	219
264	219
92	220
100	220
157	220
158	220
164	221
236	221
130	222
137	222
84	226
100	226
107	226
78	227
150	228
282	228
156	229
289	229
157	230
162	231
64	233
101	233
107	233
143	233
148	233
232	233
137	234
179	234
183	234
116	235
118	235
162	235
88	236
94	236
130	236
136	236
168	236
96	237
100	237
161	239
211	239
167	240
224	240
82	241
148	241
154	241
77	242
85	242
88	242
184	242
97	244
102	244
136	246
167	247
174	247
132	248
136	248
90	249
97	249
112	250
113	250
143	250
145	250
153	250
271	250
278	250
88	251
125	251
252	251
276	251
285	251
122	252
80	253
182	253
189	253
259	253
75	254
88	255
204	255
108	256
112	256
127	256
132	256
84	257
148	257
154	257
133	259
189	259
113	260
124	260
139	260
144	260
160	260
166	260
110	261
147	261
183	261
258	262
169	264
173	264
248	264
263	264
204	265
254	265
140	266
147	266
149	266
154	266
160	266
155	267
263	267
140	268
124	269
135	269
268	269
120	270
161	270
110	271
155	271
97	272
105	272
91	273
118	273
135	273
150	273
155	273
105	274
112	274
115	274
130	274
157	274
162	274
164	274
169	274
187	275
240	275
100	276
143	277
266	277
77	278
138	278
184	278
92	279
107	279
109	279
101	280
157	280
159	280
164	280
195	280
200	280
269	280
280	280
87	281
138	281
151	281
235	281
131	282
133	282
147	282
126	283
101	284
117	285
160	285
97	286
140	286
147	286
194	286
209	286
112	287
136	287
143	287
169	287
201	287
220	287
150	288
184	288
97	289
250	289
259	289
127	290
167	290
221	290
92	291
122	291
157	291
210	291
262	291
264	291
234	292
252	292
112	294
267	294
108	295
229	295
122	296
234	296
117	297
226	297
232	297
236	297
108	299
132	299
102	300
164	300
227	300
273	300
127	301
159	301
208	301
78	302
102	302
110	302
254	302
99	303
107	305
157	305
208	305
236	305
256	305
240	306
241	306
266	306
276	306
99	307
207	307
248	307
96	308
122	309
183	309
191	309
102	310
107	310
250	310
81	311
98	311
103	311
230	311
208	313
210	313
203	314
250	314
103	315
144	315
156	315
232	315
236	315
218	317
232	317
122	318
144	318
211	318
252	318
141	319
155	319
163	319
211	319
237	319
227	320
169	322
234	322
141	323
161	323
180	323
195	323
212	323
229	324
138	326
220	326
165	327
169	327
224	328
172	329
207	329
210	329
189	330
260	330
102	331
164	331
194	331
203	331
216	332
224	332
219	333
170	334
224	334
227	334
107	335
211	335
214	335
247	335
104	336
170	336
194	336
195	336
208	336
179	337
87	338
189	338
190	338
220	338
224	338
216	339
208	340
210	340
144	341
206	341
228	341
232	341
170	342
199	342
190	343
225	343
226	343
178	344
185	344
221	345
153	346
210	346
232	346
227	347
232	347
199	348
206	348
158	350
142	351
178	351
186	351
191	351
197	351
222	351
225	351
96	352
104	352
112	352
120	352
130	352
149	352
232	352
