591
222	16
238	19
232	20
237	20
196	23
250	25
157	26
182	26
176	28
149	29
138	32
137	34
165	34
255	34
138	35
174	39
205	39
167	43
113	45
185	46
120	51
175	53
139	54
238	54
269	54
238	55
230	56
161	58
222	58
117	61
275	61
111	63
132	63
196	63
223	63
228	63
171	67
118	69
170	69
189	70
160	72
210	72
145	73
222	73
116	74
172	74
275	75
105	77
283	80
223	81
136	82
281	82
182	83
229	83
200	84
275	85
128	87
176	87
282	88
227	89
102	92
169	92
229	92
151	93
146	95
132	96
284	96
241	97
225	98
291	98
170	99
197	99
174	100
102	102
104	102
150	102
242	103
132	104
217	104
134	106
140	106
290	106
97	107
112	107
215	108
113	110
121	110
147	111
153	111
253	113
210	114
100	118
108	118
255	119
93	121
151	123
157	123
303	123
267	125
115	133
172	133
268	133
102	134
122	134
179	134
264	134
309	134
286	139
243	140
292	141
131	142
137	143
179	143
184	143
278	143
285	143
237	145
301	145
87	146
72	148
63	149
199	150
54	151
204	151
279	151
55	152
309	152
65	153
198	154
276	154
304	154
120	156
128	156
276	156
51	158
66	158
203	158
57	159
50	161
197	161
243	161
167	162
260	162
271	163
120	164
127	164
51	165
106	166
112	166
216	166
239	167
263	169
269	169
295	172
261	175
120	176
126	176
107	179
135	179
143	179
232	179
102	180
112	180
52	183
167	183
244	183
56	185
113	185
120	185
306	185
120	186
127	186
246	187
167	189
279	189
135	190
139	190
245	190
273	191
287	191
251	195
259	195
61	196
120	196
127	196
58	197
174	197
176	197
87	199
97	199
75	200
79	200
84	200
107	200
112	200
121	200
127	200
92	201
264	203
257	204
158	205
172	205
257	206
194	207
199	208
104	209
107	209
178	210
145	211
152	211
184	211
165	212
171	212
207	212
80	213
158	214
247	214
116	215
122	215
234	215
137	216
152	216
158	216
177	216
183	216
130	217
75	218
116	218
97	219
110	219
118	219
123	219
85	220
93	220
125	220
130	220
105	221
110	221
147	221
152	221
159	221
170	221
76	223
119	223
302	223
154	224
158	224
99	225
139	225
217	225
132	226
134	226
158	226
294	226
300	226
222	227
241	227
293	227
97	228
99	228
155	229
246	229
114	230
120	230
161	230
145	231
147	231
155	231
167	231
170	231
183	231
190	231
172	233
97	234
178	234
183	234
127	235
214	235
92	236
122	236
217	236
221	236
291	236
112	237
106	238
109	238
155	238
157	238
167	238
290	238
135	239
209	239
102	240
122	240
132	240
147	240
157	240
117	241
178	241
294	241
193	243
199	243
178	244
184	244
117	245
85	246
112	246
139	246
217	246
132	247
145	247
228	247
83	248
127	248
135	248
139	248
164	248
172	249
174	249
177	249
214	249
267	249
167	250
285	250
127	251
145	251
194	251
292	251
113	252
150	252
189	252
229	252
288	252
76	253
295	253
109	254
123	254
78	255
145	255
141	256
169	256
174	256
220	256
225	256
84	257
136	258
138	258
238	258
258	258
175	259
189	259
116	260
247	260
269	260
102	261
132	261
133	261
159	261
161	261
169	261
172	261
184	261
185	261
111	262
112	262
220	262
226	262
232	262
272	262
97	263
127	263
166	263
240	263
249	263
284	263
106	264
177	264
181	264
224	264
175	265
286	265
107	266
112	266
233	267
259	267
297	267
224	270
229	270
259	270
205	271
209	271
210	271
117	272
122	272
220	272
262	272
294	272
117	275
257	275
113	276
147	276
182	276
184	276
205	276
248	276
262	276
281	276
142	277
172	277
220	277
230	277
231	277
288	277
208	278
248	278
264	278
170	279
231	280
233	280
282	280
87	281
127	281
134	281
182	281
275	281
294	282
122	283
130	283
276	284
122	285
152	285
120	286
148	286
202	286
217	286
130	287
174	287
256	287
267	287
290	287
127	288
235	288
169	291
172	291
194	291
231	291
268	291
245	292
258	292
259	292
208	293
210	293
126	294
172	294
106	295
96	296
168	296
172	296
187	296
193	296
232	296
237	296
254	296
261	296
165	297
102	298
227	298
247	298
176	299
178	299
194	299
199	299
246	299
186	300
203	300
208	300
220	300
237	300
255	300
90	301
102	301
246	301
98	302
250	302
282	302
112	303
189	304
194	304
236	304
108	305
241	305
160	306
203	306
182	307
195	307
215	307
157	308
188	308
220	308
229	308
250	308
273	308
241	309
250	309
258	309
128	311
180	311
195	311
229	312
231	312
220	313
250	313
276	313
205	314
211	314
220	314
225	314
249	314
259	314
181	316
231	316
242	316
259	316
128	317
251	317
122	318
124	318
179	318
225	318
117	319
231	319
135	320
169	320
205	320
210	320
220	320
223	320
130	321
134	321
211	321
215	321
217	321
248	321
202	322
231	322
260	322
127	323
265	323
176	324
179	324
230	325
217	326
203	327
211	327
135	328
211	328
249	328
254	328
259	328
131	329
244	330
230	331
171	332
203	332
224	332
235	332
99	333
203	333
211	333
261	335
262	335
253	336
170	337
244	337
235	338
199	340
203	340
105	341
229	341
247	344
229	345
198	347
169	348
117	351
128	351
148	351
174	351
201	351
221	351
139	352
159	352
