681
99	8
158	8
90	9
105	9
130	10
95	12
186	13
138	14
143	14
86	16
175	16
210	16
85	17
166	17
133	18
191	18
98	20
146	21
125	22
228	22
91	23
85	27
121	34
124	34
225	34
220	36
222	36
179	37
224	37
114	38
190	38
82	39
93	42
117	44
220	45
127	48
206	48
214	49
235	49
84	53
158	53
67	54
215	55
67	56
203	56
147	57
176	57
194	57
229	57
237	57
237	58
215	59
68	60
117	63
118	63
97	64
108	64
217	66
185	67
220	67
193	69
207	69
200	70
206	72
235	72
240	72
68	73
220	76
229	77
121	78
124	78
152	78
218	78
75	80
94	80
125	80
162	82
236	83
243	83
63	84
83	84
186	84
209	84
113	85
94	87
99	88
196	88
170	90
232	90
160	92
181	92
197	92
206	93
248	93
172	94
201	98
235	99
76	100
166	100
243	100
174	101
176	101
182	101
82	102
95	102
99	104
185	105
82	107
90	107
227	107
234	108
176	109
243	110
159	112
63	113
70	113
234	113
106	114
189	114
199	114
241	114
46	115
110	116
194	117
140	119
176	121
241	121
244	121
181	122
205	124
212	124
233	124
135	125
227	125
61	126
68	126
188	126
238	126
227	130
123	131
178	131
220	131
238	132
246	132
98	133
172	133
103	134
207	134
212	134
103	136
119	136
97	137
109	137
192	137
199	137
75	138
82	138
172	138
256	138
236	139
117	140
158	141
244	141
245	141
59	143
66	143
82	143
88	143
116	143
121	143
123	143
190	143
222	143
251	143
228	144
235	144
201	145
227	145
66	146
73	146
127	146
244	149
251	149
261	150
190	151
215	151
261	151
80	152
235	152
238	152
66	153
86	153
209	153
227	153
72	154
185	154
233	155
105	156
175	157
110	158
132	159
168	159
194	159
200	159
217	160
244	160
223	161
209	162
217	162
72	163
77	163
68	164
86	164
92	164
160	165
168	165
187	165
194	165
160	167
179	167
59	168
67	168
150	168
174	168
217	168
224	168
141	169
102	170
107	170
195	170
202	170
203	170
206	170
260	170
160	172
232	173
153	174
178	174
238	175
224	176
229	176
221	177
50	178
42	179
115	179
123	179
83	180
89	180
146	180
196	180
200	180
230	181
89	182
35	183
97	183
158	183
238	184
75	185
82	185
243	185
255	185
169	187
178	187
260	188
42	190
140	190
220	190
36	191
61	191
65	191
152	191
202	191
204	191
154	192
226	192
234	192
81	193
187	195
112	196
194	196
220	196
81	197
224	197
258	197
133	198
46	199
52	199
156	199
234	199
112	200
125	200
130	200
54	201
61	201
62	201
68	201
122	201
162	201
169	201
194	201
200	201
259	201
82	202
87	202
187	202
194	202
46	206
54	206
75	206
82	206
146	207
150	207
194	207
199	207
138	208
144	208
223	208
162	209
167	209
186	209
243	209
32	210
62	210
64	210
121	210
191	210
229	210
58	211
62	211
82	211
88	211
127	211
96	212
99	212
177	212
184	212
214	212
220	212
96	213
199	213
204	213
88	214
105	215
112	215
120	215
62	216
88	217
77	218
82	218
84	218
134	218
50	219
120	219
167	219
184	219
137	220
174	220
47	221
50	221
125	221
65	222
70	222
93	222
96	222
194	222
55	224
194	224
108	225
199	225
72	226
77	226
173	226
125	228
70	229
56	230
50	231
77	231
72	232
85	232
120	232
167	233
248	233
50	235
79	235
81	235
213	235
47	236
48	236
74	236
87	236
120	236
82	237
101	237
191	237
193	237
196	237
95	238
201	239
229	239
37	240
44	240
65	240
114	240
119	240
155	240
210	240
225	240
45	241
179	241
233	241
55	242
59	242
157	242
184	242
52	243
112	243
121	243
179	243
205	243
214	243
92	244
95	244
138	245
52	246
128	246
135	246
148	246
83	247
99	247
165	247
53	248
83	248
90	248
116	248
120	248
42	249
61	249
70	249
140	249
168	249
45	250
47	250
150	250
196	250
204	250
240	250
57	251
66	251
224	251
225	251
244	251
135	252
114	253
128	253
207	253
127	254
160	254
175	254
187	254
121	255
163	255
189	255
75	256
101	256
158	256
238	256
114	257
72	258
92	259
143	259
160	259
175	259
95	260
98	260
114	260
199	260
229	260
231	260
128	261
152	261
177	261
201	261
81	262
143	263
171	263
177	263
152	264
240	264
80	265
181	265
185	265
47	266
143	266
172	266
189	268
130	269
132	269
181	269
92	270
95	270
114	270
144	270
149	270
239	271
159	272
98	273
218	273
141	274
86	275
90	275
150	275
152	275
106	276
114	276
132	276
133	276
135	276
167	276
174	276
222	276
85	278
159	278
160	278
165	278
95	279
153	279
141	280
95	281
137	281
106	282
134	282
190	283
86	284
93	285
95	285
192	285
123	286
86	287
107	287
120	287
174	287
147	288
92	289
107	289
120	289
158	289
60	290
139	290
182	290
84	291
92	291
111	291
147	291
150	291
179	291
220	291
52	292
130	292
135	292
184	292
189	292
84	293
165	293
76	295
91	295
106	295
141	295
130	297
136	297
150	297
166	297
191	297
82	298
119	298
206	298
93	299
140	299
166	299
74	300
96	300
98	300
121	300
99	302
153	302
208	302
218	302
88	303
92	303
221	303
94	304
167	304
169	304
184	304
185	304
121	305
123	305
132	305
153	305
212	305
79	306
95	307
227	307
141	308
187	308
192	308
226	308
204	310
206	310
78	311
124	311
132	311
153	312
154	312
170	312
176	312
192	312
193	312
133	313
67	314
105	314
111	315
177	315
179	315
165	316
191	316
203	316
124	317
127	317
197	317
154	318
213	318
91	319
210	319
165	320
181	320
105	321
192	321
204	321
106	322
110	322
181	322
139	323
145	323
165	323
127	324
191	324
91	326
183	326
71	327
156	327
193	327
167	329
170	329
102	330
105	330
163	331
206	331
156	332
170	332
179	332
181	332
147	334
164	336
169	336
102	337
200	337
191	338
128	340
147	340
146	341
152	341
189	345
159	346
152	347
146	348
172	348
144	349
129	350
136	350
170	351
161	352
