507
119	22
157	23
163	24
98	31
182	35
227	35
191	36
197	39
93	40
209	43
230	43
176	45
162	47
188	48
218	48
88	50
109	52
166	52
118	54
225	54
247	55
253	55
253	56
86	59
90	60
162	60
100	64
257	64
141	66
173	66
113	67
259	68
264	68
235	70
219	72
123	73
208	73
257	73
138	74
172	74
225	75
259	77
69	78
271	80
160	81
121	82
136	82
219	82
205	84
263	86
69	87
159	89
226	89
265	89
180	91
203	91
240	95
260	97
66	98
98	98
178	98
203	98
202	100
84	101
108	101
157	102
238	103
136	105
207	105
63	106
148	106
103	107
105	107
238	107
100	112
144	112
152	116
95	119
169	121
124	123
280	124
60	125
96	125
268	125
99	126
97	127
273	128
283	128
97	129
167	130
168	134
57	135
96	137
90	138
56	139
166	139
262	140
269	140
54	141
158	141
280	141
49	142
79	142
281	142
45	143
71	144
136	145
167	146
51	148
173	148
296	148
32	149
33	149
50	150
101	150
114	150
162	150
92	151
85	152
95	152
193	152
142	153
289	153
270	154
308	156
43	157
175	157
270	157
300	157
306	158
53	159
87	160
95	160
260	160
298	160
195	161
35	162
75	163
222	163
224	163
274	163
87	164
96	164
71	165
90	165
254	166
82	167
138	168
294	168
298	168
298	169
58	170
162	170
33	171
238	171
51	172
269	172
275	172
143	174
71	175
306	175
65	176
82	176
253	176
259	176
294	176
75	177
163	178
284	178
246	179
238	180
244	180
304	180
277	181
46	182
202	182
259	182
293	182
282	183
223	185
229	185
259	185
40	187
65	187
210	187
237	187
244	187
45	188
237	188
274	188
291	188
302	188
60	189
231	189
247	189
287	189
277	190
247	191
256	192
271	195
50	196
73	196
162	196
208	196
237	196
301	196
157	197
263	197
117	198
172	198
110	199
45	200
77	200
247	200
127	201
171	201
254	201
262	201
267	201
268	201
137	202
164	202
71	203
120	203
173	203
231	203
131	204
164	204
235	204
273	204
67	205
101	205
157	205
47	207
96	207
157	207
301	207
151	208
253	208
302	208
44	210
286	210
142	211
87	212
112	212
257	212
292	212
48	214
82	214
107	214
198	214
199	214
233	214
239	214
45	215
151	215
36	216
45	217
132	218
209	218
270	218
174	219
274	219
126	220
164	220
168	220
169	220
91	221
82	222
85	222
67	223
209	223
249	225
109	226
117	226
156	226
214	226
295	226
112	227
253	227
51	228
141	228
155	228
96	229
138	229
38	230
147	230
245	231
187	232
224	232
282	232
249	233
96	234
181	234
55	235
112	235
62	236
92	236
107	236
157	236
113	237
151	237
220	237
38	239
43	239
58	239
249	239
109	240
218	240
286	240
131	241
179	242
255	242
127	244
194	244
220	245
224	245
202	246
211	247
277	247
95	248
127	248
38	249
86	249
121	249
158	249
202	249
225	249
71	250
90	250
279	250
81	251
82	251
112	251
212	251
68	252
109	252
202	252
225	252
248	252
45	253
77	253
270	253
281	253
238	254
122	255
165	255
210	256
228	257
243	257
202	258
239	258
63	259
277	259
44	261
57	261
60	261
62	261
70	261
239	261
86	262
194	262
211	262
77	263
273	263
53	264
68	264
77	264
78	264
295	264
203	266
248	266
194	267
233	267
241	268
251	269
62	270
83	270
176	270
244	270
266	270
56	271
295	271
76	272
77	272
186	272
204	272
186	276
51	277
176	277
239	277
271	277
154	278
236	278
273	278
212	280
240	280
294	280
207	281
285	281
237	282
153	283
214	285
219	285
235	285
174	286
294	286
208	287
226	291
237	291
219	292
271	292
294	292
290	293
53	296
269	296
168	297
227	297
172	298
249	299
264	301
282	301
292	301
75	303
281	304
250	306
273	306
72	307
203	307
260	308
290	309
247	310
249	310
291	310
269	313
203	314
63	315
264	315
284	315
60	317
168	317
258	317
265	319
245	320
282	322
73	323
62	324
286	325
87	327
267	327
276	328
287	329
78	330
102	331
239	332
236	333
252	333
264	333
101	334
264	334
251	336
284	336
234	338
286	338
243	339
258	339
82	340
93	340
266	341
76	342
162	342
239	342
89	343
208	343
227	344
160	345
188	345
193	345
78	346
180	346
227	346
244	346
257	347
267	347
269	347
233	348
104	350
172	350
228	350
92	351
116	351
119	351
131	351
134	351
145	351
173	351
208	351
209	351
211	351
237	351
239	351
150	352
181	352
191	352
195	352
254	352
256	352
