595
84	27
107	28
117	28
128	32
141	32
118	37
77	39
150	41
72	51
96	52
147	54
111	55
146	57
182	58
208	58
207	59
58	60
96	63
97	63
111	66
226	69
154	70
185	70
195	71
55	72
155	74
97	78
118	81
49	83
233	83
199	84
63	86
200	87
168	88
46	92
103	92
211	92
118	93
120	94
57	96
60	96
238	98
43	100
102	102
57	104
120	104
132	106
148	106
199	108
157	109
38	110
86	112
133	112
244	112
95	113
141	115
55	116
168	116
60	118
37	119
86	119
130	119
224	119
94	120
155	121
70	122
55	123
59	123
140	123
166	123
82	124
245	124
50	125
35	127
141	127
176	127
83	128
50	129
193	129
65	130
69	130
154	130
224	130
91	132
29	134
47	134
139	134
201	134
239	135
81	136
63	137
114	137
178	137
219	137
222	137
245	137
140	138
33	139
25	140
89	140
104	141
127	141
215	142
228	143
255	143
25	144
113	144
236	144
71	145
170	145
185	145
256	145
134	146
137	146
152	146
215	148
226	148
227	148
125	149
246	149
26	150
256	150
264	150
191	151
242	151
127	152
132	152
145	152
209	152
65	153
69	153
151	153
226	153
132	154
161	154
209	155
128	156
262	156
232	157
204	158
65	159
76	159
137	159
226	159
143	160
61	161
167	161
204	161
216	161
35	162
122	163
124	163
275	163
30	164
201	164
275	164
162	165
248	165
61	166
261	166
46	167
134	167
171	167
56	168
66	169
267	169
279	169
280	169
121	170
45	172
66	172
153	172
157	173
203	174
207	174
39	175
62	176
173	176
197	176
256	176
271	176
294	176
117	177
29	178
168	178
284	178
305	182
90	183
279	183
292	183
298	183
230	184
254	184
41	185
64	185
223	185
31	186
247	186
136	187
211	187
258	187
264	187
276	187
291	187
298	187
36	188
232	188
53	189
204	189
287	189
302	189
280	190
45	191
30	192
56	193
61	193
274	193
79	194
133	194
246	195
254	195
45	196
72	196
75	196
281	197
31	198
36	198
38	198
65	198
65	201
254	201
31	202
57	203
59	203
50	204
122	204
275	205
244	207
68	209
249	209
59	210
79	210
303	210
287	211
292	212
59	214
52	216
87	217
80	218
89	218
52	219
116	220
233	220
237	220
47	221
231	221
64	222
55	223
97	223
108	223
80	225
108	225
263	225
74	226
100	226
183	226
191	226
275	226
284	226
249	227
251	227
287	227
157	229
198	229
230	229
270	229
295	229
47	230
100	230
192	230
37	231
40	231
149	231
151	231
208	231
215	231
224	231
92	232
142	232
56	233
270	233
281	233
50	234
57	235
92	235
174	235
168	236
50	237
87	237
215	238
233	238
278	238
103	239
222	239
96	240
67	241
106	241
112	241
238	241
264	241
274	241
297	241
162	242
168	242
60	243
222	243
227	244
169	246
176	246
257	246
125	247
200	247
237	247
261	247
206	248
212	248
227	248
244	248
165	249
234	250
60	251
192	251
199	251
87	252
106	252
226	252
55	253
78	253
80	253
98	253
199	253
72	254
212	256
130	257
192	257
198	257
118	258
122	258
126	259
217	259
218	259
100	260
107	260
226	260
166	261
175	261
229	261
261	261
210	262
216	263
82	264
91	264
191	264
197	264
48	265
248	265
40	266
126	266
131	266
157	266
191	266
57	267
148	267
184	267
140	268
174	268
197	268
229	268
238	268
252	268
52	269
73	269
82	269
67	270
75	270
204	270
234	270
118	271
122	271
194	271
216	271
115	272
242	272
265	272
40	274
140	274
219	274
220	274
123	276
133	276
134	276
52	277
174	277
204	277
229	277
233	277
47	278
62	278
67	278
181	278
209	279
239	279
241	279
69	281
149	281
165	281
123	282
244	282
62	283
71	283
77	283
169	283
181	284
116	285
244	285
265	285
56	286
62	286
142	286
144	286
169	286
187	287
250	287
104	288
116	288
78	289
50	290
56	290
72	290
107	290
114	290
187	290
263	290
43	291
52	291
97	291
129	291
194	292
67	293
72	293
97	293
90	294
125	294
235	294
240	294
58	295
53	296
164	296
184	296
224	296
245	296
73	297
147	297
68	298
107	298
234	298
173	299
102	300
117	300
229	300
61	301
112	301
53	302
55	302
68	302
90	302
238	302
45	303
48	304
85	304
77	305
177	305
55	306
250	306
70	307
71	307
85	307
48	308
78	308
153	308
180	308
67	309
80	309
156	309
162	309
45	310
55	310
74	310
87	310
95	310
246	311
80	312
84	312
162	312
247	312
91	313
45	315
76	315
156	315
76	318
84	318
169	319
249	319
62	320
74	320
45	321
58	321
246	321
163	322
157	324
170	324
198	324
209	324
58	325
242	325
50	326
164	326
194	327
54	328
182	328
199	328
45	329
158	329
209	329
196	330
101	331
184	332
212	332
143	333
98	334
195	334
205	334
163	337
197	337
200	337
206	337
143	339
192	339
137	340
143	340
173	340
200	340
217	341
102	342
164	342
233	342
240	342
227	343
46	345
127	345
99	346
131	346
143	346
148	346
179	346
112	347
139	347
219	347
58	351
69	351
79	351
118	351
121	351
126	351
164	351
90	352
91	352
103	352
107	352
111	352
127	352
131	352
139	352
148	352
149	352
152	352
176	352
179	352
180	352
184	352
196	352
200	352
214	352
215	352
229	352
