477
128	27
103	28
109	28
119	28
103	29
92	37
130	37
146	41
94	49
108	50
158	52
157	56
193	57
204	58
71	59
211	59
108	61
115	61
109	62
114	62
187	67
181	68
196	68
231	69
63	72
197	72
238	72
78	73
244	73
79	75
108	76
138	77
136	79
184	80
237	81
52	90
105	90
223	91
116	92
133	93
230	93
239	94
245	95
71	96
105	101
122	103
131	103
203	103
71	104
144	104
133	105
50	107
73	107
197	109
249	109
98	110
145	111
204	113
154	114
254	114
132	115
253	116
67	117
70	117
141	117
190	118
98	119
172	119
234	119
67	122
83	122
178	122
95	124
63	125
254	126
79	129
81	129
134	129
138	129
162	129
236	129
192	130
103	131
194	131
41	132
150	132
247	132
29	133
214	134
190	135
131	136
235	136
76	137
153	137
190	138
175	139
25	140
103	140
117	140
139	141
40	142
181	143
197	143
209	143
240	143
25	145
147	145
149	145
227	147
240	147
138	148
174	149
180	149
139	150
26	151
145	151
180	151
204	151
221	151
250	151
27	152
159	152
163	152
183	152
77	153
145	153
141	155
221	155
246	155
77	156
217	156
262	156
269	157
236	158
254	158
156	159
73	160
254	160
256	161
135	162
137	162
249	162
57	163
226	164
84	165
222	165
125	166
184	166
261	166
44	168
65	168
123	168
80	169
267	169
58	170
60	170
124	171
214	171
262	171
28	172
220	173
52	174
137	174
208	174
251	175
294	176
130	177
42	180
52	180
198	180
33	181
44	181
102	182
135	182
279	182
293	182
305	182
193	183
265	183
148	185
121	187
127	187
249	187
66	188
59	189
291	189
267	190
280	190
293	190
82	191
146	191
92	193
70	194
78	194
87	195
301	196
37	197
132	197
281	197
303	201
269	202
70	204
62	205
65	205
112	205
54	207
106	207
300	207
301	207
145	209
92	210
81	211
140	212
229	213
294	213
66	215
92	215
170	215
236	215
85	216
253	216
66	219
250	219
57	220
62	221
36	222
171	222
51	223
40	225
112	225
95	226
104	226
275	226
88	227
97	227
106	227
170	227
244	227
34	228
162	228
164	228
294	229
156	230
229	230
45	231
238	231
51	232
44	234
97	234
205	234
212	235
219	235
35	236
90	236
197	236
290	236
278	237
262	239
44	240
110	240
117	240
234	241
36	242
213	242
219	242
274	242
67	243
73	243
234	245
270	247
197	248
204	248
219	248
226	248
234	248
249	250
179	251
255	251
49	253
212	253
219	253
48	254
102	255
137	255
224	255
226	255
95	256
132	256
230	257
232	257
271	257
237	258
239	258
132	259
243	259
224	260
205	261
229	261
269	261
211	262
243	262
237	263
261	263
139	264
145	264
249	264
38	265
62	265
171	265
179	265
56	266
139	266
197	266
241	266
242	266
132	267
72	268
87	268
82	269
236	269
239	269
247	269
66	270
173	271
126	272
131	272
48	273
141	273
145	273
126	275
217	275
66	276
136	276
156	276
162	276
222	276
239	276
57	277
117	277
242	277
52	278
60	278
107	278
234	278
53	279
77	279
82	279
100	279
179	279
117	281
184	281
253	281
42	282
110	282
260	282
83	283
137	283
77	284
195	284
266	284
130	285
157	285
70	286
77	286
92	286
171	286
86	287
175	287
130	288
157	288
120	289
254	289
70	290
112	290
122	290
129	290
250	290
67	291
102	291
80	294
87	294
189	294
72	295
57	296
76	296
82	296
87	296
106	296
112	296
160	296
260	296
52	297
67	297
106	301
82	302
259	302
43	303
101	303
132	303
264	303
54	305
60	305
128	305
253	305
57	306
109	306
72	307
92	307
85	308
167	308
261	308
170	309
176	309
83	311
85	311
176	311
57	312
44	313
133	315
170	315
210	315
117	317
97	318
192	319
44	320
55	321
255	321
202	322
224	323
185	325
50	326
55	326
243	326
73	327
138	327
68	328
217	328
46	329
206	329
224	329
219	330
208	331
227	331
157	333
79	334
218	335
54	336
214	337
209	338
219	338
151	340
156	340
158	340
216	340
84	341
136	342
240	343
142	345
151	346
158	347
234	348
63	349
233	350
52	351
71	351
82	351
105	351
116	351
130	351
232	351
120	352
173	352
177	352
181	352
195	352
213	352
216	352
