501
121	8
127	8
103	11
132	12
123	16
132	17
99	18
103	21
119	22
100	23
101	23
87	24
110	25
119	29
146	30
128	32
139	33
149	33
164	33
165	33
71	36
98	38
97	39
182	41
107	42
173	42
129	44
156	44
97	45
55	47
93	50
93	51
134	52
188	53
94	54
126	54
159	54
169	54
50	56
101	56
171	56
51	58
60	59
75	60
124	64
89	65
123	67
172	67
44	69
161	71
75	72
88	72
185	72
194	72
81	73
214	73
88	76
35	81
218	84
22	85
22	87
81	89
102	91
38	93
109	93
149	93
187	96
26	99
79	99
196	106
48	107
231	107
23	108
204	109
46	114
97	116
153	116
230	116
106	117
24	120
60	120
154	121
70	122
108	122
177	122
235	124
37	125
95	125
119	125
117	126
233	126
23	129
46	129
69	129
106	129
130	129
168	129
235	129
132	131
154	131
35	132
27	133
202	133
116	134
166	135
45	137
59	137
92	137
116	137
213	137
200	139
66	141
190	141
131	142
233	142
109	144
114	144
58	145
161	145
200	145
211	145
89	146
92	146
147	147
177	147
28	148
65	149
200	149
79	150
167	150
143	151
103	152
108	152
228	152
232	152
87	153
155	153
203	156
161	157
37	159
228	159
101	160
149	160
152	160
209	160
166	161
190	161
28	162
37	162
45	162
136	162
202	162
120	163
145	164
206	164
28	165
33	165
186	165
51	167
138	167
245	167
36	168
242	168
206	169
227	169
112	170
117	170
48	171
36	172
143	172
199	172
97	173
217	173
29	174
142	174
190	174
226	174
109	177
212	177
236	177
146	178
82	179
96	179
29	180
243	181
252	181
126	182
132	183
147	185
177	186
182	186
142	187
249	187
76	188
79	188
171	189
93	190
213	190
63	191
222	191
255	191
72	193
239	193
258	195
109	196
247	196
258	196
204	198
31	199
72	199
184	199
197	199
222	199
45	201
65	201
67	201
206	201
55	202
40	203
177	203
255	204
47	205
103	205
107	205
50	206
51	206
41	207
250	209
253	209
102	212
230	212
233	213
247	213
95	214
42	216
35	217
52	217
256	217
104	218
80	219
98	219
78	220
105	220
116	220
217	221
245	221
52	222
67	222
111	222
45	223
222	223
100	224
63	225
251	225
53	226
46	227
130	227
244	227
232	228
214	231
220	231
242	232
197	233
206	233
55	234
210	234
233	234
64	235
72	235
48	236
66	236
131	236
246	236
57	237
75	237
82	237
239	239
130	240
165	241
172	241
122	242
124	242
115	243
202	243
49	244
57	244
209	244
49	246
197	246
214	246
40	247
42	247
172	247
179	247
96	249
147	249
70	250
76	250
87	250
133	251
242	253
248	253
133	254
71	255
77	255
127	255
188	255
194	255
247	256
60	260
117	260
157	260
163	260
179	260
185	260
52	261
110	261
138	261
172	261
178	261
194	261
195	261
239	261
71	263
79	263
45	264
52	264
97	264
178	266
184	266
208	266
214	267
171	268
178	268
242	268
164	269
170	269
55	270
62	270
90	270
91	270
103	271
138	271
182	271
184	271
188	271
129	272
198	273
201	273
90	275
104	275
105	275
111	275
72	276
156	276
164	276
201	276
65	277
167	277
129	278
137	278
209	278
239	278
243	278
188	280
41	281
47	281
195	281
200	281
243	281
83	282
85	282
90	282
192	282
209	282
218	282
219	282
91	283
222	283
75	284
192	285
105	286
112	286
120	286
96	287
196	287
200	287
86	288
99	288
186	288
202	289
204	289
146	290
137	291
152	291
222	291
51	292
57	292
210	292
214	292
142	293
227	293
217	294
114	296
120	296
113	297
121	297
87	298
181	298
217	298
70	299
78	299
79	299
235	299
86	300
221	300
187	301
101	302
45	303
52	303
209	303
213	303
96	304
178	305
218	305
79	306
208	306
45	307
73	307
156	307
182	308
88	309
118	309
83	310
216	310
62	311
206	311
57	312
90	313
151	313
52	316
57	316
87	316
209	317
124	319
53	320
133	320
228	320
228	321
62	322
72	323
89	323
133	324
47	326
132	327
225	327
86	328
132	331
132	333
70	335
127	335
113	336
123	336
143	336
216	336
134	338
167	338
222	338
134	339
152	339
178	339
75	340
128	340
123	341
144	341
167	341
46	342
120	343
153	344
135	345
204	346
82	348
173	348
164	349
106	350
209	350
63	351
73	351
75	351
81	351
89	351
147	351
174	351
189	351
54	352
94	352
157	352
162	352
189	352
197	352
209	352
