500
147	32
152	32
132	36
131	39
122	40
157	43
100	48
114	51
123	55
154	59
162	59
189	59
195	59
181	61
88	62
117	63
123	67
193	71
207	72
222	72
77	73
66	81
185	83
74	84
230	84
61	91
224	93
74	94
224	94
74	96
55	99
72	104
143	106
159	106
73	107
53	108
168	109
211	109
244	109
67	116
69	116
155	116
55	120
190	120
67	121
195	121
42	123
44	123
234	123
62	124
95	124
96	127
153	127
50	128
77	129
133	129
138	129
255	129
206	130
235	131
104	132
189	133
196	133
212	133
33	134
35	134
151	134
45	136
76	136
94	136
189	136
133	137
102	140
116	141
162	141
139	142
161	142
175	142
206	142
34	143
227	143
168	145
255	145
83	146
165	146
198	146
241	146
138	149
227	150
265	150
139	152
232	152
82	153
159	153
162	153
203	153
222	153
77	154
261	155
41	156
32	157
77	158
229	158
73	160
156	160
226	160
236	161
31	162
56	162
135	162
137	162
35	163
94	164
84	165
115	165
258	166
217	167
269	167
80	168
164	168
184	168
214	168
92	169
65	170
134	170
58	171
62	171
124	171
266	171
278	172
29	173
170	173
52	174
137	175
219	175
28	176
294	176
130	177
284	178
306	181
102	182
134	182
32	183
76	183
298	183
120	185
148	185
127	187
257	189
291	189
29	190
30	190
74	190
92	190
266	190
293	190
69	191
83	191
247	191
75	192
78	193
112	193
70	194
87	194
143	194
146	194
95	195
109	195
262	195
88	196
300	196
262	197
273	197
31	200
142	202
64	204
70	204
135	204
112	205
52	207
106	207
126	207
300	207
267	208
45	209
92	209
80	210
262	210
37	211
66	213
107	213
131	213
227	214
234	214
293	214
102	215
169	216
252	217
55	218
66	218
47	220
61	220
248	222
47	223
111	224
171	224
33	225
43	226
104	226
106	226
97	227
204	227
209	227
275	227
162	228
169	228
115	229
294	229
235	230
34	231
162	231
155	232
227	232
240	232
282	233
97	234
276	234
90	235
120	235
291	238
136	239
127	240
243	240
174	241
180	241
265	241
65	242
73	242
111	242
117	242
182	242
232	242
249	242
285	242
232	245
239	245
270	247
183	248
268	248
271	248
83	249
177	249
219	250
232	250
237	250
48	251
77	251
265	253
282	253
231	254
85	255
93	255
236	255
262	255
43	256
142	256
131	257
141	257
269	258
230	260
235	260
43	261
285	261
103	262
262	262
269	262
96	264
105	264
112	264
235	264
62	265
204	265
208	265
239	265
146	266
152	266
56	267
71	267
196	267
138	268
65	269
81	269
85	269
131	269
239	269
48	271
218	271
244	272
265	272
125	273
129	273
224	273
226	273
227	274
264	274
56	275
65	275
60	276
162	276
169	276
125	277
118	278
140	278
147	278
232	278
278	278
91	279
98	279
138	279
214	279
186	280
107	281
169	281
220	281
42	282
82	282
98	282
162	282
232	282
284	282
77	283
92	283
101	283
169	283
239	283
69	284
77	284
250	284
273	284
155	286
232	286
237	287
66	288
69	288
77	288
129	288
155	288
72	289
92	291
121	291
127	291
142	291
263	291
86	292
88	292
271	292
79	293
168	293
279	293
72	294
81	294
137	294
178	294
102	295
247	295
52	296
57	296
67	296
97	296
260	296
270	296
160	297
172	297
196	297
245	298
257	298
234	299
265	299
58	300
104	300
185	300
265	300
52	302
54	302
100	302
130	302
239	302
182	303
189	303
191	303
274	303
47	304
78	304
126	304
253	304
249	305
274	305
84	306
80	307
92	308
165	308
184	308
261	308
85	309
88	309
108	309
42	310
47	310
168	310
174	310
44	311
82	311
51	312
261	312
104	313
174	313
269	313
131	315
264	315
284	315
169	316
174	316
278	316
283	316
67	317
285	317
96	318
206	318
265	318
54	319
60	319
61	319
90	319
53	320
128	320
274	320
88	321
175	321
55	323
188	323
200	323
98	324
82	325
221	325
72	326
245	326
93	327
181	327
247	327
67	328
267	328
216	329
275	329
204	331
78	332
87	332
217	332
253	332
204	333
246	333
215	336
222	336
282	336
81	337
213	338
287	338
259	339
270	339
160	340
203	341
205	341
214	341
237	342
254	344
62	346
139	346
142	346
162	346
170	346
206	346
246	346
271	346
149	347
257	347
267	347
233	350
52	351
71	351
127	351
216	351
230	351
115	352
118	352
137	352
139	352
170	352
178	352
198	352
240	352
256	352
