812
134	7
140	7
143	7
86	12
169	15
184	24
84	25
168	26
179	26
74	27
162	27
206	27
229	32
86	36
88	36
200	36
75	38
71	39
200	41
205	43
89	45
164	45
76	46
67	47
135	48
215	49
247	50
113	51
215	51
122	52
127	52
164	54
143	55
147	55
65	56
127	56
227	56
180	57
208	57
212	57
91	58
122	58
127	58
114	60
119	60
73	62
227	62
92	63
111	63
155	63
208	63
127	64
133	64
151	64
170	64
73	65
76	65
111	65
119	65
252	65
209	66
176	67
212	67
90	68
223	69
57	70
83	70
151	71
105	72
107	72
210	72
231	72
133	73
140	73
152	73
240	73
170	75
175	75
69	76
211	76
93	77
238	78
83	79
107	79
116	80
141	80
145	80
210	81
238	81
261	81
83	82
153	82
52	83
94	83
98	83
102	83
166	83
117	84
213	85
220	86
83	88
104	88
237	88
151	89
58	90
99	90
133	91
190	91
81	93
158	93
49	94
175	94
220	94
45	95
59	97
72	97
113	97
52	98
83	98
173	98
145	99
155	99
242	99
51	100
133	100
234	100
80	103
114	103
128	103
48	105
70	105
96	105
262	105
58	106
128	108
104	110
140	110
145	110
71	111
148	111
228	111
234	111
254	111
80	114
116	114
222	114
268	115
140	118
148	118
165	118
130	120
117	122
151	122
180	122
164	123
277	123
56	124
177	124
90	127
106	127
264	127
151	128
106	129
131	129
165	129
177	129
183	129
193	130
141	131
214	131
51	132
290	132
30	133
186	133
207	133
292	133
36	134
174	134
161	135
269	135
71	136
109	136
242	136
254	136
277	136
29	138
249	138
139	139
266	139
289	139
284	140
67	142
234	142
242	142
266	143
249	144
26	145
242	145
285	145
256	146
218	147
225	147
248	147
85	148
236	149
54	150
192	150
199	150
27	151
33	151
62	151
91	152
128	152
256	152
288	153
260	154
120	155
236	155
284	156
243	157
246	157
300	157
249	158
307	158
53	160
60	160
129	161
209	161
217	161
27	162
33	162
123	162
133	162
194	162
201	162
289	162
202	163
209	163
285	164
60	165
68	165
28	166
277	166
116	167
139	167
196	168
202	168
300	168
184	169
203	169
85	170
178	170
217	170
241	170
75	171
133	171
234	171
246	171
82	172
124	172
224	172
239	172
286	174
59	175
68	175
74	175
239	175
246	175
299	175
33	176
66	176
150	176
249	176
294	176
145	177
195	178
234	178
239	178
249	178
272	178
146	179
51	180
90	180
155	180
43	181
44	181
74	181
81	181
187	181
194	181
35	182
59	182
65	182
106	182
202	182
254	182
293	182
97	183
206	183
215	183
223	183
82	185
102	185
111	185
224	185
230	185
52	186
59	186
150	186
162	186
44	187
52	187
182	187
187	187
188	187
194	187
211	187
214	187
65	188
69	188
102	188
254	188
107	189
230	189
233	189
291	189
35	190
44	190
93	190
259	190
287	190
293	190
38	191
234	191
245	191
30	192
244	192
251	192
59	193
139	193
55	194
64	194
97	194
132	194
196	194
198	194
272	195
135	196
146	196
156	196
182	196
188	196
193	197
221	197
92	198
97	198
214	198
295	198
65	199
73	199
210	199
213	199
226	199
228	199
125	200
165	200
174	200
175	200
182	200
245	200
194	201
232	201
234	201
106	202
207	203
112	204
46	205
165	205
239	205
40	206
158	206
168	206
175	206
57	207
217	207
232	207
252	207
253	207
221	208
84	209
112	209
158	210
265	210
274	210
152	211
222	211
259	211
96	212
121	212
123	212
136	212
147	212
152	212
193	212
229	212
286	212
32	213
66	213
72	213
199	213
229	213
268	213
33	214
83	214
88	214
207	214
59	215
214	215
168	217
172	217
259	217
48	218
245	218
40	219
263	219
268	219
245	220
290	220
160	221
207	221
214	221
183	222
186	222
212	222
219	222
221	222
245	222
114	223
121	223
147	223
151	223
199	223
252	223
272	223
60	224
66	224
204	224
229	224
97	225
104	225
139	225
143	225
224	226
238	226
263	226
231	227
244	227
272	227
40	228
85	228
204	228
36	229
62	229
67	229
144	229
169	229
269	229
276	229
106	230
244	230
123	231
150	231
52	232
172	232
173	232
204	232
252	232
43	233
44	233
111	233
114	233
176	233
207	233
218	233
249	233
256	233
283	233
213	234
218	234
233	234
269	235
37	236
117	236
143	236
256	236
54	237
62	237
107	237
150	237
188	237
222	237
239	237
47	238
56	238
264	238
197	239
70	240
98	240
130	240
160	240
65	241
92	241
155	241
157	241
170	241
166	242
37	243
72	243
75	243
197	243
222	243
226	243
249	243
251	243
107	244
121	244
124	244
174	244
192	244
200	244
203	244
264	244
272	244
102	245
82	246
86	246
92	246
174	246
186	246
192	246
207	246
269	246
285	246
226	247
251	247
56	248
65	248
72	248
257	248
49	249
69	249
102	249
125	249
162	249
166	249
182	249
207	249
232	249
42	250
93	250
172	250
48	251
61	251
96	251
88	252
131	252
232	252
38	253
121	253
123	253
192	253
48	254
83	254
134	254
160	254
239	254
117	255
218	255
223	255
129	256
150	256
200	256
239	256
195	257
200	257
246	257
107	259
133	259
225	259
227	259
117	260
200	260
218	260
40	261
55	261
102	261
162	261
166	261
224	261
178	262
231	262
267	262
48	263
89	263
179	263
207	263
209	263
45	265
46	265
166	265
82	266
86	266
179	266
248	266
67	267
200	267
213	267
216	267
217	267
261	267
61	268
189	268
201	268
247	268
74	269
78	269
166	269
191	269
231	269
71	270
105	270
107	270
184	270
42	272
110	272
232	273
131	274
154	274
267	274
279	274
101	275
170	275
173	275
177	275
201	275
232	275
123	276
129	276
275	276
42	279
80	279
203	279
167	280
206	280
209	280
211	280
66	281
101	281
186	281
154	282
236	282
61	283
214	283
72	284
95	284
100	284
187	284
273	284
244	285
261	285
90	287
129	287
225	287
256	289
164	290
90	291
143	291
139	292
260	293
264	293
231	294
113	295
112	296
223	296
236	296
270	296
41	297
164	297
153	298
91	299
78	300
242	300
182	301
60	302
136	302
256	302
75	303
78	303
191	303
58	304
105	304
206	304
119	305
144	305
204	305
183	306
191	306
101	307
183	308
76	309
79	309
80	309
189	309
215	310
57	311
71	311
119	311
250	311
46	312
143	312
146	313
173	313
178	313
234	313
243	313
158	314
165	314
252	314
46	315
57	315
189	315
87	316
178	317
188	317
57	318
71	318
86	318
100	318
252	318
70	319
221	319
236	319
165	320
173	320
175	320
178	320
145	321
158	321
188	321
273	321
53	322
98	322
153	322
163	322
192	322
236	323
180	325
70	326
175	326
103	328
163	328
193	328
238	328
267	328
68	329
153	329
75	330
79	331
170	331
172	331
238	332
72	333
88	333
109	333
223	333
102	334
223	334
208	336
230	336
252	336
90	337
108	337
166	337
49	338
88	340
189	340
207	340
166	341
202	341
223	341
226	341
177	342
227	345
139	346
209	346
189	347
49	351
60	351
72	351
177	351
202	351
209	351
76	352
99	352
102	352
112	352
129	352
133	352
143	352
148	352
164	352
169	352
