638
113	28
73	30
102	30
88	32
97	32
66	33
142	41
152	41
122	42
136	45
108	46
55	47
124	55
152	55
159	56
191	61
44	65
124	66
179	68
98	70
173	70
85	72
100	72
199	72
60	73
72	73
53	74
37	77
142	77
85	83
74	84
37	88
217	88
161	90
176	93
161	95
33	97
125	99
219	101
100	102
87	104
175	104
79	105
33	107
126	108
111	109
215	109
119	110
187	110
42	111
56	111
107	111
88	112
216	112
79	114
84	114
56	116
75	117
40	118
180	118
185	118
27	119
97	119
219	121
65	122
54	123
180	123
225	123
43	124
168	124
64	127
73	127
231	127
24	128
58	128
97	128
115	128
151	128
36	129
104	130
25	131
182	131
81	132
210	132
73	133
75	133
171	133
230	134
48	135
104	135
180	135
182	135
196	135
143	137
149	137
196	137
222	137
64	138
100	138
165	138
170	138
113	139
170	140
49	141
232	142
64	143
75	143
162	143
195	143
222	143
48	145
101	145
214	145
225	145
44	146
108	146
98	147
124	149
37	150
62	150
76	150
121	150
178	150
49	151
235	151
29	153
72	154
47	155
98	156
107	156
108	156
96	158
199	158
26	159
35	159
192	159
221	159
231	159
30	160
85	160
232	160
226	161
238	164
63	167
67	167
97	167
45	168
85	168
105	168
107	168
112	168
192	168
212	168
79	171
69	172
240	174
104	176
59	177
67	177
28	179
91	179
212	180
219	181
222	181
226	181
254	181
259	181
139	182
67	183
245	184
226	185
91	187
111	187
125	188
256	188
103	189
119	192
122	192
218	192
254	192
75	193
224	193
224	195
261	195
234	196
208	197
84	198
100	198
192	198
199	198
213	198
234	199
246	199
77	200
83	200
101	200
125	200
239	201
244	201
245	202
257	202
61	203
62	204
206	204
193	205
37	206
72	207
214	207
42	209
83	209
101	209
218	209
251	210
75	212
83	212
229	212
193	213
207	213
200	215
234	215
207	217
214	217
259	217
132	219
83	220
257	220
91	221
125	221
100	225
252	225
144	226
152	226
200	226
205	226
35	227
160	227
174	227
211	227
91	229
192	229
199	229
93	230
97	230
176	230
197	230
211	230
230	230
35	231
138	231
144	231
209	231
43	232
216	232
146	233
153	233
110	234
234	234
260	234
106	236
209	236
260	236
35	237
53	237
212	237
42	238
146	238
153	238
55	239
93	239
116	239
234	239
42	240
67	241
141	241
146	241
174	241
182	241
183	241
212	241
164	242
188	242
70	243
219	243
241	243
256	243
55	244
189	244
194	244
62	245
35	246
42	246
55	246
122	246
169	246
173	246
231	246
116	247
204	248
208	248
236	248
60	249
62	249
194	249
67	250
189	250
192	250
201	250
100	251
110	251
141	252
147	252
150	252
152	253
157	253
105	254
95	255
141	256
168	256
173	256
201	256
41	257
52	257
57	257
176	257
135	258
183	259
177	261
179	261
190	261
204	261
225	261
43	262
67	262
72	262
160	262
164	262
229	262
234	262
152	263
204	263
207	263
255	263
160	264
199	264
125	265
182	265
202	265
237	265
241	265
83	267
196	267
217	267
38	268
135	268
143	268
49	269
57	269
202	269
90	270
176	270
160	271
166	271
182	271
166	272
173	272
180	272
186	272
227	272
135	273
151	273
107	274
142	274
143	274
158	274
196	274
231	274
91	275
150	275
194	275
199	275
207	275
214	276
207	277
231	277
107	278
127	278
237	278
120	279
150	279
42	280
157	280
212	280
73	281
81	281
98	282
103	282
133	282
143	282
149	282
157	282
164	282
179	282
247	282
253	282
183	283
186	283
199	283
42	284
201	284
203	284
164	285
97	286
157	286
208	286
187	288
189	288
120	289
129	289
237	289
73	290
143	290
147	290
228	290
65	291
85	291
176	291
183	291
191	291
208	291
212	291
112	292
156	292
184	292
231	292
237	292
87	293
103	293
160	293
167	293
172	293
255	293
65	294
77	294
118	294
198	294
129	295
140	295
57	296
137	296
146	296
52	297
57	297
118	297
146	297
91	298
96	298
155	298
223	298
126	299
227	299
86	300
152	300
67	301
117	302
183	302
61	303
152	303
207	303
165	304
167	304
207	304
208	304
237	304
239	304
52	305
79	305
81	305
136	305
159	305
183	305
45	306
81	306
102	306
227	306
61	307
74	307
121	307
125	307
142	307
145	307
151	307
179	307
214	307
135	308
167	308
190	308
56	309
81	309
90	309
172	309
130	310
95	311
151	311
214	311
102	312
120	312
137	312
159	312
190	312
227	312
239	312
75	313
88	313
103	313
112	313
233	313
247	313
65	315
159	315
172	315
242	315
155	316
169	316
189	316
195	316
75	317
93	317
60	318
43	319
121	319
126	319
155	319
192	319
48	320
70	320
136	320
169	320
176	320
179	320
102	321
157	321
183	321
44	322
126	322
138	322
173	322
220	322
227	322
233	322
70	323
187	323
201	323
164	324
234	325
187	326
204	326
224	326
62	327
67	327
89	327
126	328
138	328
163	328
55	330
60	330
147	330
192	330
140	331
147	331
167	331
178	331
214	332
244	332
51	333
81	333
89	333
129	333
132	333
69	334
73	334
159	334
219	335
60	336
136	336
192	336
66	337
162	337
174	337
147	338
121	339
177	339
52	340
66	341
136	341
142	341
149	341
162	341
170	341
58	342
202	342
218	342
229	342
229	343
87	344
164	344
173	344
222	344
61	345
94	346
143	346
147	346
121	347
126	347
102	348
47	349
63	350
74	350
111	350
115	350
148	350
67	351
126	351
161	351
189	351
198	351
209	351
218	351
229	351
53	352
73	352
94	352
96	352
130	352
148	352
160	352
169	352
189	352
215	352
