758
124	29
131	29
132	29
109	32
136	39
108	40
103	43
82	45
178	47
170	48
184	48
220	55
76	59
182	63
195	71
236	71
72	72
196	72
160	79
126	80
134	80
81	82
118	82
169	82
202	82
69	83
111	84
103	86
81	87
142	88
118	89
124	89
111	90
103	91
245	91
81	92
200	93
211	95
90	97
124	97
141	97
143	97
159	97
178	97
86	98
132	98
158	98
198	98
59	100
97	101
191	101
99	102
108	102
226	102
238	102
209	103
75	104
132	104
176	104
244	104
142	106
143	106
198	106
226	106
90	107
76	109
200	109
209	111
91	112
213	112
225	112
75	115
139	115
244	115
123	116
166	117
66	120
88	120
207	120
62	121
76	122
103	122
209	122
75	123
228	123
55	124
69	124
90	124
123	125
242	125
90	126
219	126
69	127
91	127
213	127
249	127
59	128
60	128
68	128
74	128
261	128
105	129
219	129
49	130
214	130
84	131
43	135
60	135
93	135
133	136
220	136
139	137
240	137
95	140
105	140
32	141
35	141
264	141
75	143
132	145
36	146
93	146
134	146
139	146
46	147
105	148
118	148
139	148
36	149
267	151
275	151
78	153
94	153
167	153
43	154
124	154
274	154
247	155
118	156
122	156
133	156
139	156
151	156
255	156
264	157
63	158
109	159
145	160
237	161
243	162
220	163
224	163
125	165
57	167
110	167
235	167
131	168
242	169
109	170
266	170
34	173
43	173
221	173
269	173
28	176
32	176
97	177
242	177
245	178
110	180
112	180
109	181
222	181
233	181
100	182
278	182
278	183
227	184
230	184
194	186
202	186
125	187
157	187
98	188
151	189
42	190
109	190
115	190
273	190
286	190
295	190
47	191
92	194
109	194
187	194
65	195
181	195
193	195
127	196
233	196
236	196
70	197
91	197
203	197
210	197
219	198
281	198
295	198
57	199
62	199
118	199
224	199
225	199
111	200
196	200
62	201
69	201
119	201
87	204
47	205
135	205
53	206
236	206
239	206
181	207
77	208
139	208
40	209
53	209
60	209
172	209
179	209
200	209
203	209
207	209
47	210
187	210
189	210
207	210
216	210
262	210
80	211
119	211
33	212
40	212
69	212
93	212
239	212
220	213
95	214
199	214
244	214
268	214
294	214
134	215
220	215
230	215
281	215
80	216
142	216
235	216
47	217
87	217
228	217
51	218
216	218
219	218
43	219
167	219
172	219
244	220
228	221
252	221
173	222
175	222
187	223
199	223
201	223
219	223
232	223
276	223
127	224
141	224
192	224
198	224
225	224
132	225
211	225
60	226
62	226
177	226
180	226
217	226
120	227
160	227
167	227
168	227
285	227
295	227
35	229
43	229
78	230
82	230
92	230
198	230
211	231
217	231
231	231
261	231
98	232
216	232
223	232
225	232
228	232
70	233
192	233
237	233
98	234
108	234
120	234
202	234
206	234
264	234
268	234
75	235
82	236
150	236
143	237
237	237
60	238
291	238
177	239
184	239
207	239
212	239
228	239
242	239
75	240
82	240
108	240
109	240
192	240
233	240
236	240
277	240
199	241
212	241
241	241
136	242
143	242
253	242
60	243
67	243
114	243
218	243
222	243
224	243
241	243
132	244
257	244
247	246
257	247
46	248
50	248
90	249
98	249
116	249
122	249
152	249
199	249
207	249
232	249
263	249
68	250
70	250
132	250
147	250
159	250
168	250
172	250
203	250
207	250
218	250
224	250
227	250
237	250
60	251
222	251
263	251
99	252
104	252
54	253
62	253
184	253
192	253
269	253
188	254
46	255
75	255
89	255
159	255
208	255
211	255
227	255
40	256
48	256
54	256
123	256
126	256
166	256
188	257
244	257
254	257
287	257
159	258
237	258
122	259
153	259
157	259
165	259
211	259
217	259
234	259
263	259
91	260
99	260
129	260
147	260
249	260
193	261
203	261
205	261
211	261
222	261
257	261
262	261
62	262
75	262
77	262
82	262
109	262
136	262
174	262
198	262
69	263
179	264
102	265
128	265
154	265
249	265
56	266
58	266
136	266
165	266
207	266
255	266
274	266
172	267
222	267
51	268
83	268
112	268
145	268
121	269
141	269
154	269
177	269
179	269
40	270
70	270
160	270
183	270
190	270
58	271
151	271
207	271
229	271
233	271
61	272
194	272
211	272
213	272
262	272
70	273
92	273
233	273
266	273
85	274
87	274
217	274
239	274
51	276
53	276
106	276
109	276
47	277
137	277
151	277
176	277
177	277
254	277
258	277
72	278
87	278
99	278
105	278
127	278
181	278
194	278
217	278
278	278
156	279
158	279
197	279
47	280
82	280
189	280
72	281
114	281
210	281
222	281
41	282
62	282
105	282
197	282
259	282
264	282
284	282
65	283
181	283
212	283
215	283
55	284
58	284
102	284
126	284
127	284
162	284
202	284
114	285
219	285
52	286
187	286
189	286
249	286
193	288
102	289
202	289
256	289
75	290
152	290
162	290
181	290
193	290
207	290
211	290
245	290
252	290
52	291
172	291
182	291
46	292
70	292
97	292
126	292
174	292
197	292
213	292
250	292
154	293
133	294
165	294
182	294
213	294
97	295
261	295
41	296
225	296
58	297
60	297
89	297
93	297
219	297
227	297
116	298
164	298
181	298
187	298
191	298
153	299
191	299
240	299
261	299
171	300
133	301
184	301
245	301
276	301
87	302
145	302
166	302
168	302
174	302
138	303
155	303
191	303
75	304
94	304
209	304
245	304
266	304
65	305
115	305
219	305
225	305
256	305
273	305
52	306
60	306
214	307
47	308
70	308
191	308
201	308
217	308
229	308
146	309
197	309
199	309
59	310
60	310
70	310
137	310
168	310
192	310
80	311
89	311
67	312
172	312
75	313
159	313
257	314
169	315
172	315
115	316
121	316
199	316
254	316
43	317
67	317
90	317
153	317
129	318
254	318
267	318
50	319
64	319
75	319
138	319
175	319
267	319
95	320
202	320
206	320
217	320
77	321
115	321
163	321
217	321
244	321
273	321
46	322
120	322
155	322
207	322
105	323
217	324
65	325
113	325
121	325
249	325
46	327
164	327
64	328
103	328
222	328
121	329
176	330
186	330
159	332
50	333
177	333
144	334
187	334
264	334
45	335
64	335
65	335
170	335
174	336
200	336
233	336
187	337
57	338
202	338
82	339
160	339
165	339
235	339
45	340
202	340
65	341
90	341
106	341
144	341
157	341
187	342
190	342
57	343
61	343
244	343
165	344
224	344
56	345
88	345
118	345
206	345
105	346
157	346
165	346
122	347
159	347
178	347
191	347
253	347
226	348
92	349
149	349
177	349
85	350
56	351
85	351
110	351
159	351
215	351
49	352
58	352
75	352
97	352
101	352
117	352
119	352
122	352
162	352
167	352
171	352
184	352
189	352
