771
171	11
148	13
139	15
194	15
201	18
106	21
200	23
216	23
220	23
204	24
227	25
213	26
172	29
242	30
103	32
145	32
124	36
227	36
233	36
173	37
146	38
157	39
221	40
189	42
100	43
135	43
93	44
124	45
117	46
109	47
135	47
165	47
255	47
102	48
144	48
161	48
188	49
220	51
261	51
261	52
161	55
236	55
201	56
117	57
143	57
152	57
162	57
86	58
223	59
237	59
102	61
249	61
117	62
119	62
261	62
126	63
162	63
152	64
164	64
200	64
93	65
143	65
150	65
221	65
267	65
104	67
108	67
137	67
250	67
84	68
177	68
93	69
223	69
229	69
242	69
234	71
108	73
138	74
144	74
189	76
238	76
266	76
90	77
230	78
93	81
99	81
122	83
146	83
143	85
266	85
242	86
92	87
123	88
237	88
76	89
101	89
103	89
274	89
84	90
67	92
143	93
115	94
191	94
162	95
244	95
80	96
264	96
282	96
170	97
62	98
77	98
115	98
185	98
188	98
126	99
94	102
176	102
182	102
79	103
162	103
114	104
126	104
140	104
168	104
199	104
174	106
190	106
65	109
100	109
190	109
115	110
284	110
140	113
273	114
62	116
131	116
279	116
297	117
126	119
80	120
261	121
253	122
259	122
295	122
58	123
267	123
132	124
76	126
127	126
259	129
266	130
288	130
54	131
258	131
244	132
298	134
62	135
139	135
266	136
70	137
258	138
270	138
129	139
246	139
250	139
70	140
253	140
260	140
77	142
253	143
259	144
132	145
139	145
45	147
139	147
303	147
212	148
219	148
297	148
301	149
252	150
257	150
259	150
69	151
77	151
151	151
264	151
206	152
212	152
61	153
68	153
85	153
139	153
220	153
227	153
236	153
92	154
104	154
242	154
143	155
148	155
227	155
234	155
77	156
84	156
242	156
249	156
68	158
264	158
293	158
75	159
249	159
256	159
260	160
162	161
267	161
157	163
164	163
307	163
60	164
100	164
189	164
198	164
221	164
260	164
299	164
143	165
205	165
83	166
91	166
182	166
51	167
226	167
263	167
44	168
106	168
117	168
215	168
232	168
234	168
92	169
112	169
172	169
60	170
119	170
239	170
240	170
75	171
78	171
160	171
167	171
263	171
54	172
220	172
224	172
192	173
198	173
245	173
34	174
149	174
64	175
198	175
269	175
270	175
112	176
72	177
117	177
239	177
244	177
198	178
212	178
44	179
140	179
142	179
158	179
218	179
40	180
158	180
167	180
244	180
276	180
102	181
192	181
194	181
306	181
107	182
224	182
227	182
250	182
135	183
176	183
236	183
305	183
33	185
117	185
204	185
210	185
122	186
258	186
264	187
176	188
210	188
217	188
49	189
55	189
145	189
169	189
93	190
235	190
253	190
303	190
241	191
301	191
227	193
232	193
274	193
284	193
46	194
133	194
135	194
162	194
169	194
107	195
147	196
232	196
294	196
217	197
237	197
277	197
92	198
162	198
224	198
253	198
288	198
140	199
146	199
157	199
237	199
257	199
186	200
193	200
303	200
243	201
288	201
108	202
249	202
304	202
179	203
182	203
277	203
75	204
193	204
195	204
123	205
224	205
67	206
69	206
107	206
115	206
140	206
157	206
61	207
84	207
92	207
99	207
217	207
222	207
229	207
230	207
281	207
303	207
165	208
168	208
209	208
233	208
242	208
249	208
252	208
300	208
124	209
149	209
153	209
162	209
214	209
77	210
84	210
107	210
115	210
237	210
247	210
281	210
92	211
99	211
162	211
286	211
156	212
222	212
226	212
71	213
77	213
33	214
50	214
85	214
92	214
117	214
144	214
214	214
218	214
44	215
124	215
182	215
237	215
252	215
135	216
163	217
85	218
102	218
107	218
160	218
226	218
235	218
259	218
262	218
264	218
266	218
142	219
168	219
182	219
199	219
218	219
247	219
287	219
51	220
79	220
80	220
128	220
223	220
277	220
45	221
72	221
74	221
188	221
204	221
273	221
63	222
65	222
93	222
129	222
87	223
300	223
57	224
142	224
204	224
136	225
207	225
281	225
286	225
45	226
102	226
105	226
108	226
168	226
179	226
223	226
82	227
84	227
95	227
117	227
207	227
247	227
273	227
112	228
131	228
136	228
173	228
185	228
237	228
76	229
85	229
229	229
278	229
38	230
95	230
164	230
207	230
92	231
38	232
136	232
173	232
196	232
202	232
242	232
256	232
131	233
185	233
216	233
253	233
65	234
125	234
192	234
112	235
181	235
202	235
206	235
216	235
253	235
58	236
107	236
132	237
134	237
143	237
253	237
264	237
93	238
97	238
222	238
227	238
227	239
277	239
280	239
40	240
43	240
86	240
89	240
154	240
169	240
192	240
127	241
80	242
81	242
117	242
141	242
196	242
240	242
127	243
216	243
217	243
227	243
242	244
76	245
112	245
232	245
171	246
177	246
100	247
188	247
217	248
232	248
254	248
36	249
57	249
121	249
123	249
151	249
154	249
158	249
196	249
256	249
47	250
48	250
54	250
96	250
178	250
222	250
226	250
238	250
272	250
189	251
192	251
229	252
85	253
115	253
117	253
207	253
208	253
141	254
238	254
274	254
276	254
178	255
82	256
151	256
158	256
242	256
105	257
192	257
111	258
52	259
242	259
40	260
103	260
180	260
182	260
192	260
197	260
263	260
139	261
209	261
247	261
90	263
143	264
194	264
224	264
268	264
53	265
176	265
45	266
84	266
86	266
227	266
112	267
188	268
214	268
220	268
227	268
38	269
82	269
105	269
236	269
45	270
49	270
100	270
112	270
222	270
290	270
232	271
140	272
197	272
240	272
115	274
142	274
153	274
288	274
41	275
100	275
97	276
162	276
199	277
276	277
229	278
75	279
120	280
131	281
162	281
232	281
88	282
149	282
153	282
55	283
70	283
128	285
265	285
88	286
190	286
148	287
46	288
49	288
70	288
270	289
67	290
154	290
181	290
191	290
280	292
41	293
90	293
42	294
67	294
87	294
89	294
191	294
195	294
76	295
65	297
72	297
153	297
188	297
256	297
104	298
208	298
57	299
164	299
174	299
72	300
203	300
208	300
227	300
259	300
265	300
97	301
102	301
196	301
198	301
80	302
95	302
188	302
67	303
80	303
267	303
183	304
188	304
205	304
229	304
174	305
183	305
67	306
161	306
163	306
173	306
198	306
244	307
42	308
62	308
215	309
124	310
184	311
248	311
173	312
161	313
175	313
181	313
129	314
216	314
190	316
181	317
260	317
97	318
175	319
148	320
95	321
153	321
60	324
219	324
238	324
153	325
186	327
239	327
56	328
220	329
187	334
212	336
147	338
134	341
199	341
213	342
77	343
85	346
233	346
133	347
199	347
207	347
172	349
175	349
114	350
224	350
77	351
117	351
136	351
193	351
207	351
209	351
245	351
102	352
106	352
144	352
147	352
172	352
182	352
215	352
235	352
240	352
