627
95	7
99	7
100	15
70	16
190	16
154	17
191	17
162	18
87	20
124	20
131	21
139	22
147	22
188	23
190	28
201	28
208	28
58	30
115	32
187	33
66	35
194	36
116	39
87	40
219	42
53	43
194	45
61	47
127	47
222	48
51	49
86	49
119	49
48	51
76	51
221	51
59	53
191	53
194	53
98	54
86	56
95	56
125	57
51	58
66	58
167	59
66	61
83	61
57	62
95	62
231	62
125	63
66	64
175	64
40	67
142	68
49	70
62	70
234	70
72	73
83	73
79	74
154	74
197	74
141	75
233	77
79	78
152	78
229	78
74	79
84	80
36	81
61	81
201	81
242	84
32	89
159	90
51	91
31	94
138	96
142	97
215	101
211	102
248	104
137	105
138	105
139	105
232	105
124	106
214	107
189	111
36	112
206	112
216	112
45	113
180	113
232	113
225	114
232	115
137	116
127	117
191	118
129	119
183	119
217	120
208	121
255	121
233	122
39	124
129	124
232	124
132	125
138	125
233	128
142	129
84	130
139	130
219	130
224	130
239	130
90	131
194	131
63	132
189	132
72	133
124	133
132	134
131	135
239	135
259	136
249	137
239	138
82	139
86	139
118	139
158	139
270	139
221	140
226	140
204	141
211	141
131	142
182	142
269	142
204	143
151	144
163	144
199	144
39	145
149	145
163	145
32	146
116	146
194	148
198	148
87	151
174	151
266	151
92	152
152	152
207	152
214	152
82	153
223	153
228	153
152	155
166	155
194	155
200	155
214	155
64	156
161	156
207	156
216	156
221	156
57	157
111	157
118	157
207	158
51	159
57	159
72	159
159	159
242	159
248	159
34	161
67	161
148	161
221	161
226	161
60	163
159	163
216	163
218	163
208	164
235	165
241	165
159	167
152	168
34	169
196	169
203	169
249	169
59	170
138	170
165	170
52	171
54	171
196	171
42	172
67	172
74	172
190	172
249	172
166	173
174	173
235	173
48	174
198	174
203	174
212	174
240	174
270	174
38	175
92	175
28	176
152	176
275	176
144	177
269	177
150	178
220	178
226	179
198	181
204	181
234	181
93	183
119	183
141	183
205	183
77	184
84	184
122	184
132	184
210	184
279	184
57	185
293	185
49	186
152	186
166	186
184	186
191	186
239	186
246	186
278	186
42	187
85	187
87	187
286	187
77	188
70	189
142	189
197	189
219	189
224	189
258	189
177	190
182	190
192	190
202	190
285	190
54	191
247	191
80	192
184	192
254	192
192	193
272	193
150	194
132	195
133	195
263	195
202	196
237	196
209	197
85	199
152	199
192	199
280	199
116	200
125	200
209	200
213	200
216	200
247	200
254	200
130	201
219	201
72	202
152	202
259	202
261	202
66	203
174	203
198	203
120	204
208	204
231	204
165	205
180	205
219	205
236	205
149	206
168	206
117	207
33	208
222	208
229	208
158	209
212	209
215	209
252	209
149	210
205	210
75	211
126	211
76	212
82	212
202	212
274	212
119	213
154	213
158	213
168	213
229	213
159	214
165	214
215	214
219	214
235	214
243	214
147	215
202	215
210	215
248	215
271	215
212	216
76	217
90	217
168	217
86	218
147	218
191	219
124	220
63	221
66	221
134	221
181	221
190	221
268	222
57	223
209	223
241	223
244	224
86	225
142	225
147	225
183	225
77	226
132	226
158	226
193	226
213	226
216	226
252	226
81	227
257	227
34	228
37	228
132	228
183	228
187	228
221	228
244	229
249	230
181	231
221	231
47	232
225	232
62	233
257	233
270	233
42	234
262	234
270	234
277	234
142	235
209	235
73	236
126	236
160	236
187	236
276	236
76	237
225	237
240	237
187	238
212	238
213	238
136	239
244	239
270	239
63	240
96	240
123	240
232	240
181	241
235	241
56	242
81	242
92	242
188	242
270	242
75	243
161	243
217	243
199	244
149	245
193	245
209	245
226	246
173	247
161	248
213	248
38	249
191	249
87	250
166	250
201	250
224	250
237	250
259	250
266	251
58	252
137	252
139	252
245	252
263	252
74	253
75	253
179	253
185	253
227	253
123	254
142	254
199	254
177	255
209	255
235	255
196	256
104	257
111	257
166	257
55	258
158	258
200	258
225	258
239	258
137	259
270	259
75	260
120	260
122	260
179	260
183	260
210	260
215	260
197	261
200	261
65	262
110	263
175	263
60	264
85	264
128	264
146	264
193	264
202	264
153	265
166	265
88	266
119	266
183	266
228	266
239	266
105	267
217	267
70	268
145	268
202	268
217	268
242	268
126	269
194	269
176	270
203	270
230	270
153	271
166	271
183	271
207	271
67	272
75	272
79	272
163	272
178	272
82	273
84	273
95	275
143	276
229	276
242	276
48	277
209	277
244	277
72	278
93	278
114	278
259	279
178	280
244	280
163	281
232	281
201	283
217	283
250	283
111	284
143	284
232	284
211	285
250	285
256	286
136	288
147	288
143	289
203	289
145	290
150	290
172	290
176	290
162	291
166	291
212	291
237	291
57	292
113	292
106	293
113	295
190	295
176	296
220	296
251	296
57	297
138	297
148	297
179	297
204	297
213	298
165	299
255	299
257	299
192	300
249	300
235	303
251	303
207	304
244	304
172	306
175	306
165	308
207	309
191	310
238	310
75	311
249	311
115	312
205	312
180	313
108	314
113	314
175	314
253	314
200	315
85	316
191	316
121	317
76	318
119	318
105	320
127	323
93	324
220	324
246	328
247	330
184	331
220	331
219	333
238	333
195	335
223	336
229	336
185	337
220	337
96	338
153	340
180	340
197	341
163	342
166	342
232	346
233	346
180	347
167	350
116	351
127	352
194	352
