644
137	8
135	10
158	10
214	10
223	10
145	11
110	12
171	13
213	20
110	22
96	23
100	23
230	23
146	26
186	27
194	27
165	28
209	32
164	35
240	35
164	36
199	39
153	40
84	41
164	44
139	47
191	48
200	50
233	50
244	50
250	50
191	51
200	51
125	52
140	52
141	52
148	52
201	54
244	54
168	55
222	55
251	56
78	57
185	58
148	59
153	59
83	62
235	63
107	66
199	66
217	67
194	69
243	69
186	70
238	70
230	71
104	72
142	72
153	72
91	73
102	73
128	73
90	74
96	74
248	74
252	74
218	77
119	78
73	79
103	79
183	79
186	79
239	79
91	80
101	81
217	81
248	81
142	82
153	83
165	83
89	84
143	85
158	85
99	86
219	86
269	86
74	87
81	87
255	87
260	88
138	89
230	89
231	89
90	90
135	91
190	92
102	93
160	93
82	94
152	94
153	94
173	94
220	94
124	95
144	95
72	97
135	97
80	98
124	99
184	99
198	99
124	101
88	102
164	102
176	102
191	102
198	102
81	103
103	103
266	104
150	105
124	107
119	108
231	111
189	112
150	114
179	114
81	115
85	115
96	117
236	117
97	119
284	122
182	125
185	129
196	131
292	133
248	135
254	135
162	136
185	137
67	139
75	139
296	141
264	142
246	143
163	144
174	146
161	147
73	148
287	148
183	150
221	150
265	150
64	154
83	154
302	154
76	155
103	155
302	155
84	156
93	156
112	157
307	157
53	158
173	158
307	158
166	159
175	159
231	159
168	160
59	162
264	164
270	164
307	164
300	165
258	166
264	166
272	166
274	166
53	167
168	167
306	167
60	169
204	169
252	170
259	172
265	172
121	174
127	174
272	174
275	174
159	175
175	175
224	175
228	175
266	175
272	175
281	176
282	176
289	176
209	177
69	178
76	178
119	179
127	179
232	179
304	179
86	180
92	180
211	180
244	181
193	182
239	182
305	183
254	185
63	186
204	186
175	187
188	187
239	187
242	188
71	189
79	189
184	189
233	189
305	189
101	190
199	190
227	190
62	191
94	191
120	191
69	192
70	193
87	193
94	193
268	193
296	193
242	194
241	195
209	196
234	196
248	196
305	196
186	197
174	198
197	198
229	198
231	198
194	199
236	200
241	200
268	201
97	202
102	202
303	202
237	203
268	204
80	205
184	205
203	205
75	206
89	206
92	206
194	206
251	206
85	208
274	208
281	208
286	208
280	209
260	210
302	210
175	212
194	212
214	212
268	213
187	214
209	214
249	214
280	214
121	216
128	216
129	216
136	216
173	216
224	216
229	216
246	216
216	217
120	218
114	219
219	219
224	219
253	219
200	220
70	221
267	221
187	222
277	222
286	222
86	223
121	224
127	224
179	224
184	224
290	224
80	225
176	225
280	225
284	225
114	226
200	226
237	226
239	226
245	226
287	226
107	227
116	227
121	227
205	227
219	227
224	227
232	227
254	227
259	227
267	227
225	228
232	228
200	229
122	231
129	231
192	231
218	231
211	232
118	234
122	234
266	234
226	236
228	236
246	236
249	236
292	236
295	236
300	237
130	238
177	238
235	238
259	238
122	239
124	239
219	239
226	239
118	240
168	240
184	241
192	241
226	241
300	241
168	242
234	242
245	242
248	242
287	242
300	242
199	243
152	244
248	244
266	244
286	244
189	245
252	245
291	245
161	246
164	246
103	247
132	247
218	247
234	247
257	247
266	247
285	247
106	248
110	248
112	248
118	248
126	248
155	248
242	248
264	248
298	248
97	249
150	249
224	249
290	249
208	250
143	251
152	251
245	251
247	251
252	251
256	251
278	251
283	251
201	252
204	252
212	252
269	252
127	253
132	253
232	253
264	253
276	253
269	254
97	255
112	256
127	256
136	256
152	256
183	256
192	256
196	256
238	256
245	256
91	257
155	257
262	257
122	258
147	258
190	258
210	258
289	258
294	258
164	259
205	259
247	259
252	259
275	260
281	260
175	261
280	261
286	261
180	262
198	263
260	263
274	263
122	264
140	264
279	264
113	265
117	266
161	266
173	266
185	266
252	266
256	266
226	267
106	268
216	268
223	269
182	270
218	270
256	270
262	270
264	270
181	271
205	271
228	271
269	271
225	272
181	273
188	273
218	275
221	275
276	275
216	277
246	277
269	277
272	277
280	277
108	278
160	278
261	278
296	278
248	279
296	279
174	280
266	280
189	281
222	281
226	281
118	283
295	284
285	286
215	287
108	288
189	288
200	289
215	289
218	289
270	289
122	290
272	290
252	291
260	291
87	292
89	293
197	293
227	293
263	293
272	293
282	293
205	294
254	294
122	295
203	295
277	295
119	296
263	296
125	297
214	297
158	298
177	298
94	299
139	299
153	300
253	300
210	301
258	301
119	302
122	302
158	302
193	302
199	302
203	302
238	302
254	302
194	303
277	303
100	304
122	304
145	304
229	304
279	304
292	304
220	305
226	305
228	305
265	305
241	306
254	306
140	307
163	307
211	307
112	308
194	308
199	308
256	308
113	309
120	309
205	309
220	309
268	309
244	310
279	310
105	311
171	311
231	311
283	312
120	313
161	313
117	314
218	314
220	314
268	314
163	315
205	315
225	315
170	316
200	316
236	316
270	316
247	317
149	319
180	320
230	320
170	321
218	321
145	323
200	323
255	323
257	323
228	326
233	326
263	326
178	327
243	328
250	328
263	328
275	328
279	328
171	330
178	330
108	331
139	331
142	331
184	331
217	331
233	331
137	335
250	336
173	337
217	337
224	337
275	337
180	338
264	338
209	339
185	340
201	340
115	341
132	341
225	341
230	341
121	344
224	344
217	345
156	346
209	346
236	346
245	346
185	347
201	347
198	348
127	351
225	351
226	351
227	351
131	352
155	352
218	352
238	352
255	352
