616
178	15
112	17
126	18
112	20
162	20
197	21
162	22
179	22
198	27
219	28
240	29
166	31
107	33
165	35
207	35
210	36
193	38
221	39
172	43
251	44
211	45
110	46
201	46
220	47
212	49
189	55
155	57
236	57
250	57
257	59
139	60
161	60
170	60
161	61
226	61
182	62
235	62
263	62
95	64
166	67
255	69
214	70
248	70
103	71
208	71
270	71
219	72
120	75
220	76
230	76
253	76
99	78
90	79
199	79
108	80
157	80
119	81
169	81
244	82
261	82
99	83
109	83
110	83
116	83
99	84
104	84
229	84
90	85
129	85
198	85
84	87
116	87
227	87
242	87
110	88
104	89
115	89
243	89
262	89
143	90
156	90
207	90
276	90
100	91
104	91
156	92
166	92
232	93
282	95
193	96
270	96
83	97
243	98
113	99
122	99
104	101
139	101
178	102
234	102
111	103
137	103
190	103
215	104
274	104
104	105
216	105
150	106
269	106
81	107
198	108
205	110
224	110
191	111
117	112
279	112
107	113
172	113
163	114
152	115
137	116
81	117
132	117
193	117
286	117
245	119
204	120
276	120
100	122
163	122
98	123
177	123
254	123
110	124
195	125
111	127
86	129
176	131
277	133
284	133
294	134
305	137
159	139
199	139
209	139
309	143
176	145
164	146
198	146
309	150
259	151
75	152
110	153
178	153
118	154
87	155
174	156
232	156
225	158
300	158
278	159
99	162
189	165
76	166
179	167
188	167
66	168
80	168
182	168
197	168
299	168
190	169
223	169
283	169
304	169
232	170
278	172
285	172
297	173
90	174
271	174
225	175
265	175
182	176
289	177
295	178
137	179
142	179
289	179
176	180
220	180
249	180
229	181
244	181
273	181
252	182
177	183
77	184
82	184
272	184
279	184
294	184
64	185
136	185
77	186
141	186
195	186
68	187
85	187
91	187
101	187
108	187
184	187
186	187
224	187
280	187
267	188
271	188
142	189
147	190
169	190
258	190
62	192
206	192
286	192
63	193
280	193
85	194
186	195
239	195
274	195
232	196
247	196
253	196
125	197
133	197
195	197
230	197
165	198
213	198
269	198
80	199
135	199
255	200
260	200
195	201
275	201
102	202
109	202
65	203
282	203
85	204
242	204
245	204
102	206
202	206
216	206
218	206
224	206
262	206
95	207
252	207
209	208
270	208
272	208
69	209
282	209
165	210
112	211
85	212
117	212
95	213
234	213
77	214
105	214
229	214
282	214
294	214
161	215
199	215
219	215
301	215
90	216
99	216
107	216
290	216
294	216
119	217
126	217
209	217
181	218
258	218
269	219
274	219
282	219
263	221
190	222
209	222
263	222
294	222
300	222
201	224
189	225
100	226
179	226
230	226
239	226
244	226
246	226
252	226
268	226
92	227
233	227
239	227
201	229
223	229
224	229
267	229
288	229
215	230
293	230
135	231
143	231
294	231
95	232
102	232
130	232
132	232
193	232
246	232
252	232
189	233
198	233
273	233
280	233
224	234
253	235
258	235
280	235
286	235
273	236
215	237
216	237
137	239
142	239
239	239
240	239
169	240
189	240
226	240
137	241
207	241
225	241
163	242
218	242
273	242
279	242
294	242
182	243
200	243
240	243
280	243
300	243
250	244
273	244
81	245
192	245
260	245
137	246
225	248
260	248
249	249
172	250
182	250
184	250
262	250
292	251
167	252
282	252
175	253
268	253
179	254
100	255
118	255
203	255
233	255
121	256
125	256
141	256
147	256
167	256
249	256
94	257
113	257
127	257
132	257
257	257
259	257
247	258
223	259
267	259
270	259
191	260
215	260
219	260
229	260
264	260
284	260
290	260
247	261
127	263
147	263
142	264
143	264
179	264
246	264
253	264
206	265
167	266
179	266
188	266
198	266
207	266
209	266
258	266
264	266
137	267
202	267
267	267
276	267
290	267
145	268
220	268
294	268
164	269
281	269
207	270
267	270
195	271
242	271
273	271
173	272
214	272
97	273
93	274
288	274
148	275
198	275
273	275
205	276
266	276
277	276
279	276
291	276
230	277
284	277
270	278
201	279
233	279
238	279
191	280
197	280
204	280
239	281
291	281
112	283
135	283
233	284
260	284
269	284
106	285
275	285
272	286
263	287
279	287
186	289
191	289
263	289
97	290
124	290
140	290
209	290
221	290
204	291
268	291
116	293
186	293
237	293
107	295
111	295
230	295
285	295
221	296
223	296
237	296
287	296
209	297
210	298
231	299
287	299
223	302
228	302
262	302
279	303
211	304
215	304
228	305
236	305
174	306
159	307
192	307
250	307
125	308
167	308
226	308
267	308
118	309
179	309
245	309
134	310
172	310
215	310
241	310
250	310
207	311
209	312
247	312
250	312
127	313
177	313
235	313
115	314
242	314
254	314
255	314
226	315
268	315
269	315
106	316
127	316
251	316
236	317
292	318
186	319
256	319
258	319
120	320
131	320
283	320
285	320
289	320
154	321
178	323
202	323
153	324
186	324
215	324
262	325
285	325
194	327
285	327
233	328
194	329
185	330
255	330
192	332
215	332
221	332
290	332
173	333
269	333
272	333
279	334
193	335
242	335
257	335
274	335
173	337
186	338
193	339
199	339
263	339
157	340
165	340
195	340
201	340
211	340
219	340
221	340
222	340
242	341
271	342
162	343
257	343
289	344
195	346
231	346
265	346
131	348
214	348
176	349
260	350
146	351
161	351
179	351
271	351
282	351
284	351
153	352
168	352
200	352
229	352
231	352
239	352
252	352
256	352
271	352
