316
86	7
103	7
130	7
180	7
218	7
234	8
192	9
208	9
246	9
167	10
70	13
73	13
189	14
95	16
132	16
61	17
146	17
79	18
102	18
127	22
164	22
140	23
145	27
156	27
53	28
133	28
86	29
147	29
64	31
138	32
253	35
128	36
95	40
130	40
244	40
121	41
136	41
172	42
234	42
52	43
110	43
136	43
154	45
126	46
258	46
100	47
142	47
228	48
118	49
265	49
218	50
205	51
193	52
173	53
184	53
256	53
103	54
48	55
123	55
163	55
237	55
48	56
123	57
137	58
211	59
162	60
210	60
105	61
219	61
232	61
128	63
142	64
169	64
45	65
167	65
178	65
199	66
212	67
50	68
55	70
191	70
47	71
202	71
273	71
55	76
49	79
197	79
247	81
254	81
121	82
199	82
204	82
222	86
229	86
145	88
246	91
150	92
199	92
200	93
229	93
253	93
162	94
222	94
259	94
190	97
277	99
170	100
212	100
219	102
155	103
205	103
206	103
212	105
219	106
53	108
163	108
107	109
207	111
244	115
249	116
282	116
111	117
173	117
193	117
59	118
72	120
87	122
111	122
52	123
96	123
142	123
152	123
116	124
194	124
127	126
64	127
264	128
77	129
163	130
88	131
243	131
281	131
216	132
101	133
104	136
123	136
229	136
266	136
274	136
144	137
172	137
256	137
123	138
177	138
135	139
149	139
115	140
234	140
55	141
221	141
241	143
140	144
154	144
120	146
228	146
130	147
146	147
195	147
160	149
187	149
234	149
149	150
142	153
280	153
214	154
143	155
154	155
55	157
224	157
206	160
181	161
92	162
232	162
217	164
280	165
154	166
158	166
181	166
97	167
150	168
233	168
139	169
154	169
224	171
158	173
143	174
179	174
175	175
160	176
63	177
101	177
176	178
193	179
292	179
68	180
81	180
278	180
95	182
107	183
141	183
277	183
183	186
69	187
85	187
139	187
97	188
231	188
111	191
65	192
279	192
216	196
285	196
286	196
224	197
71	200
219	200
242	201
287	202
219	207
244	207
287	207
249	209
290	209
127	210
234	211
286	214
223	216
278	217
234	218
284	218
290	218
294	218
280	227
256	230
77	231
160	236
257	237
273	239
81	247
274	248
294	248
269	251
162	257
270	258
89	262
268	262
170	263
186	270
257	271
186	276
95	277
258	280
250	283
104	286
173	288
256	288
251	289
151	293
157	293
110	294
111	294
186	295
242	296
249	296
259	296
152	300
185	301
150	302
170	303
222	303
234	304
242	304
244	304
130	305
254	307
253	308
222	310
226	311
232	312
221	313
119	315
141	315
168	315
232	315
166	316
235	316
226	317
223	318
203	320
209	321
214	322
223	322
232	324
208	325
213	327
177	328
224	330
177	333
214	335
168	337
170	337
160	341
207	341
157	348
179	348
199	348
