503
82	7
90	8
56	9
188	9
201	9
211	9
146	10
161	10
111	12
89	13
99	13
61	14
115	14
150	15
176	15
93	20
121	20
75	21
84	21
122	22
145	22
85	23
205	23
135	24
55	25
99	25
171	25
195	25
159	26
186	26
219	26
53	27
163	27
45	28
140	28
140	29
80	30
218	34
129	35
138	35
188	35
194	36
199	36
85	37
225	37
52	40
86	40
145	40
43	41
197	42
100	43
180	43
188	43
137	44
235	46
57	47
157	47
92	48
141	50
192	50
164	53
207	53
216	53
89	55
39	56
144	56
145	56
188	56
165	57
179	58
174	59
100	60
111	60
64	62
138	62
150	62
174	63
165	64
76	65
93	65
143	65
143	66
165	67
34	68
105	68
117	68
130	68
167	68
240	68
69	69
174	69
58	70
120	70
99	71
79	72
146	72
175	72
183	72
124	73
137	73
158	73
62	77
209	77
170	78
124	79
126	80
140	80
181	80
190	80
31	82
75	83
196	84
171	85
243	85
135	86
185	86
234	87
78	88
214	89
150	90
184	92
192	93
202	93
241	93
189	94
231	94
243	94
255	94
40	95
52	95
63	95
182	95
210	95
72	96
230	96
239	96
134	97
148	97
154	99
112	100
128	100
189	100
92	101
203	101
55	102
82	102
179	102
225	103
33	104
47	105
107	105
183	105
233	105
69	106
148	106
175	106
90	109
111	109
230	109
207	111
102	112
116	112
128	112
144	112
93	114
178	115
32	116
224	116
108	117
187	117
242	117
274	117
87	118
135	118
232	118
260	118
97	119
253	119
141	120
100	122
105	122
124	122
248	122
259	123
276	123
286	123
202	124
241	124
263	124
130	125
276	125
172	127
292	127
102	129
273	130
164	131
76	132
97	132
146	132
263	132
36	133
130	133
147	133
267	133
297	133
248	134
252	135
257	135
296	135
101	136
111	136
137	136
310	136
281	137
82	139
156	139
197	139
185	141
209	141
265	141
272	141
273	141
257	143
36	144
249	144
296	144
59	145
132	145
174	145
166	146
167	146
270	146
268	147
145	148
142	149
127	150
258	150
260	150
268	150
32	151
143	151
253	151
48	155
65	155
159	155
262	155
274	155
38	157
288	157
79	158
267	158
248	159
281	159
307	159
149	160
251	160
257	160
43	161
34	163
52	163
69	163
170	163
267	163
41	164
161	164
84	166
196	166
258	167
251	168
301	169
275	171
38	172
180	173
197	173
287	173
291	173
266	176
88	179
241	180
258	180
249	181
87	182
194	182
200	182
259	182
292	182
184	184
98	186
302	186
272	187
295	187
79	188
215	188
259	188
263	188
283	188
200	189
263	190
274	190
85	191
248	191
46	193
187	193
305	193
278	195
283	197
298	198
220	200
241	201
246	201
189	205
200	205
231	205
235	205
242	205
254	205
274	206
284	206
270	207
49	208
134	208
161	208
237	209
221	211
237	211
256	211
284	211
268	212
79	213
247	213
68	214
83	215
153	217
222	217
276	217
242	218
244	218
72	219
294	219
256	220
254	221
53	223
176	223
274	223
275	223
268	224
183	225
291	228
223	230
254	230
275	232
64	233
248	233
182	234
69	236
183	236
57	237
224	237
291	237
242	238
248	238
261	239
224	241
254	241
230	242
281	243
61	248
255	248
263	248
281	248
292	248
230	249
283	249
266	250
243	253
281	255
138	257
236	257
258	259
269	259
67	261
148	261
223	261
75	264
216	264
276	265
80	266
147	266
231	266
223	267
251	267
260	267
269	267
216	269
153	270
123	271
128	271
81	272
240	272
277	272
84	273
236	273
77	275
190	275
209	275
214	275
241	275
80	276
162	276
227	277
240	280
77	282
143	283
189	283
190	283
242	284
274	284
201	285
209	285
211	285
226	285
232	286
138	287
252	287
106	288
189	289
241	289
251	290
222	291
211	292
135	293
188	293
201	293
273	293
193	294
221	294
113	295
85	296
190	297
234	297
242	297
103	298
237	298
101	299
171	299
176	302
179	302
190	302
225	302
224	303
191	304
230	304
267	305
146	306
253	306
90	307
191	310
224	310
145	311
194	311
215	311
220	312
253	313
260	313
208	314
234	314
237	314
193	317
224	317
231	317
107	318
222	318
105	320
206	322
222	322
260	323
228	324
240	329
114	330
177	330
227	331
236	332
237	333
135	335
150	336
169	336
175	336
213	336
135	337
182	338
245	339
231	341
135	342
161	342
212	342
191	344
239	344
177	345
221	346
237	348
230	350
206	351
221	351
