400
130	7
169	7
90	8
119	8
130	8
239	8
248	8
147	9
183	9
191	9
70	10
98	10
111	10
136	12
191	12
173	13
182	14
171	15
238	15
148	16
222	16
237	16
172	17
117	18
67	19
141	19
107	20
128	20
213	20
229	20
57	22
195	24
246	24
263	24
71	26
175	26
202	26
53	27
107	28
201	28
210	28
122	29
157	29
183	29
229	29
245	29
254	29
130	30
141	30
77	33
135	33
165	33
228	33
234	33
263	36
128	37
125	38
157	40
118	42
149	42
64	46
141	46
123	48
48	50
158	50
193	50
199	51
151	52
193	52
248	52
254	53
265	53
157	55
120	57
93	59
157	61
123	62
239	62
121	64
160	64
45	65
109	65
114	65
135	65
266	67
126	68
146	68
156	68
213	68
220	68
105	73
157	73
183	73
194	73
137	74
162	74
189	74
200	74
111	76
147	77
81	78
190	80
260	81
273	81
43	82
179	84
264	84
187	86
195	88
231	88
57	91
235	91
91	92
53	93
105	93
155	93
165	93
64	94
67	94
190	94
170	96
160	97
152	98
179	98
188	98
207	98
269	98
197	99
53	100
126	100
133	100
159	100
77	102
114	102
214	102
45	104
82	105
154	105
192	105
202	105
176	106
83	107
163	108
208	108
98	109
217	110
99	111
89	112
220	112
75	113
80	113
141	113
281	113
172	115
239	115
124	116
177	116
215	116
45	117
132	117
244	117
112	119
287	120
87	121
147	122
158	123
42	124
132	125
275	128
101	130
302	130
186	132
297	133
132	135
295	135
108	136
177	136
180	136
263	136
175	138
121	140
273	140
168	141
105	142
304	142
291	144
137	146
269	147
48	150
126	151
303	152
253	153
49	155
180	155
279	155
267	156
289	156
173	158
307	160
166	161
181	161
291	161
52	163
175	163
269	163
55	165
281	165
220	166
65	167
68	167
167	167
286	167
301	169
275	170
55	172
77	172
172	172
52	173
291	173
286	174
193	175
60	178
63	178
73	178
186	178
55	179
187	183
165	184
233	184
302	186
53	187
264	187
272	187
219	188
236	189
273	189
227	190
265	192
179	194
170	195
280	196
259	197
217	200
244	200
258	200
294	200
114	201
255	202
67	204
221	204
287	204
219	205
230	205
302	205
303	205
246	207
282	207
298	208
70	209
257	209
295	209
265	210
115	211
173	214
164	215
68	216
78	216
122	216
276	216
275	217
293	217
63	220
226	221
75	222
206	223
279	223
251	225
292	225
113	226
206	230
226	230
244	230
260	230
73	231
120	232
275	232
277	234
245	235
250	235
206	237
228	237
292	237
74	239
258	239
82	240
75	241
265	241
199	242
209	246
249	247
265	247
279	247
200	248
294	248
200	250
266	250
122	251
123	254
211	254
81	255
203	255
280	255
128	258
269	259
283	259
168	262
203	262
276	266
245	267
251	267
118	269
121	270
155	270
167	270
179	271
189	271
210	272
258	273
127	274
257	274
234	275
246	275
250	275
154	277
180	278
210	278
264	278
124	279
221	279
190	280
236	280
186	281
180	283
242	284
274	284
106	286
180	286
124	287
221	287
262	288
214	289
180	290
199	290
172	291
205	291
240	292
272	293
167	295
225	295
133	296
170	296
172	296
247	296
199	297
215	297
183	299
170	302
227	302
215	304
268	304
182	305
239	305
125	306
232	306
254	306
130	307
203	307
201	308
232	310
219	312
234	312
237	312
254	313
257	313
138	314
208	315
237	315
196	317
224	317
165	319
172	319
256	321
222	323
223	323
232	323
236	323
242	323
189	324
172	326
179	328
