412
100	7
117	7
118	7
164	8
178	8
218	8
146	9
207	9
92	10
196	10
231	10
93	12
129	12
87	17
100	17
145	19
66	20
82	25
90	29
153	30
59	31
78	31
119	33
122	34
247	34
83	35
182	35
100	38
121	38
102	39
128	39
226	39
53	40
64	40
215	40
164	41
227	41
130	42
186	42
162	43
255	44
112	45
207	45
135	46
230	50
245	50
255	50
189	51
199	51
246	53
49	55
68	55
179	55
237	55
59	56
220	56
168	57
124	59
159	59
115	60
150	60
211	60
137	61
62	62
74	63
202	63
260	63
258	64
44	66
81	66
192	66
116	68
76	69
138	69
143	69
163	69
184	69
264	69
139	70
167	70
174	70
212	70
262	70
94	71
132	72
70	73
153	73
73	75
86	75
144	77
167	77
100	78
137	78
78	81
147	81
269	83
160	85
212	85
41	86
153	87
85	89
243	89
203	90
209	90
249	90
123	92
161	92
142	93
153	93
147	94
138	95
202	95
46	97
131	98
155	98
278	98
72	99
149	99
179	99
185	99
272	99
280	99
202	100
250	100
118	102
123	103
37	105
146	105
195	105
52	106
62	106
280	106
281	106
42	107
68	109
110	109
274	111
167	113
176	113
59	115
39	116
71	116
160	117
182	117
193	117
199	119
37	124
179	124
276	126
44	129
109	129
178	131
50	132
62	132
71	132
85	132
94	132
284	132
118	133
283	134
229	135
264	136
234	137
219	138
267	138
171	139
190	139
226	139
55	140
77	141
98	141
154	141
279	141
69	142
89	142
305	142
99	143
105	143
196	143
70	144
184	144
185	144
213	144
221	145
97	147
121	147
152	148
231	148
292	148
75	150
41	152
307	152
116	153
184	153
89	154
152	154
105	155
183	155
280	155
100	160
111	160
127	160
161	160
308	160
185	161
279	161
290	161
185	162
154	163
169	163
209	163
106	164
290	164
75	165
147	165
100	166
212	167
296	167
298	167
113	168
161	169
187	169
271	170
31	171
37	171
82	172
305	172
46	174
120	174
137	174
109	176
277	176
125	178
181	178
102	179
133	179
35	180
298	180
133	182
108	183
142	183
124	184
150	185
37	186
295	186
37	187
50	187
57	187
270	187
286	187
132	188
304	188
133	190
46	191
49	191
139	191
305	193
189	194
110	196
276	197
181	198
303	199
304	199
109	200
198	200
189	201
296	201
234	202
285	202
49	204
181	204
207	205
303	205
81	206
198	206
297	206
207	211
277	211
177	212
210	212
203	214
300	215
77	216
295	216
296	216
88	217
186	218
203	218
179	221
236	221
296	221
57	223
186	224
240	226
293	228
284	229
201	230
285	231
162	232
155	233
285	234
229	235
259	235
282	235
260	236
296	236
202	237
287	237
124	241
64	243
88	248
293	248
166	250
263	254
66	255
96	255
209	256
283	257
164	258
264	259
180	261
225	261
230	262
282	264
211	265
242	265
270	266
277	266
231	268
174	270
179	270
72	271
243	271
174	277
270	278
175	279
148	281
78	282
265	282
275	284
140	286
148	286
174	286
153	290
272	292
153	295
88	297
218	297
229	297
123	300
251	301
169	303
132	304
229	305
230	305
278	305
123	306
253	306
120	307
131	307
93	310
168	310
204	312
261	312
123	313
195	313
230	313
260	313
209	314
237	314
183	315
190	315
253	316
204	317
121	318
259	318
260	318
143	320
246	320
140	321
231	321
237	321
101	322
111	322
179	323
182	323
186	324
194	324
120	328
247	328
186	329
250	331
155	333
110	338
249	338
155	339
241	339
232	340
248	341
218	342
218	345
171	350
150	351
204	351
218	351
131	352
142	352
157	352
183	352
213	352
218	352
221	352
