542
43	63
90	68
58	71
29	75
103	81
39	82
20	92
118	93
24	102
128	105
22	114
29	115
93	115
103	115
57	117
143	118
25	124
54	124
28	125
46	125
103	126
111	126
86	127
95	127
28	128
123	128
128	128
36	129
153	129
56	132
133	132
46	133
47	134
110	137
81	138
85	138
122	138
147	138
26	139
123	139
132	139
134	142
147	143
47	144
48	147
86	147
96	147
123	148
165	148
91	149
128	150
133	150
48	151
54	152
169	152
149	153
34	154
48	155
71	155
91	155
93	155
152	155
26	156
128	157
63	158
129	158
117	159
34	160
28	161
74	162
76	162
108	162
169	162
138	163
151	163
48	164
50	164
93	164
65	165
179	166
41	167
117	167
126	167
156	167
108	169
117	169
165	169
168	169
70	170
72	170
79	170
83	170
78	172
104	172
52	173
100	174
126	174
42	175
36	176
85	176
117	176
131	176
156	176
91	178
106	178
157	178
163	178
78	180
91	180
102	181
104	181
181	181
131	182
37	183
97	183
131	184
143	184
195	184
47	187
49	187
157	187
75	188
104	188
112	188
152	188
40	189
43	189
82	191
33	192
35	192
97	192
101	192
143	192
131	194
131	195
152	196
51	197
43	198
81	198
114	198
116	198
153	198
88	200
43	201
52	201
114	201
175	201
101	202
33	203
37	203
39	203
104	204
131	205
134	205
184	205
61	206
151	206
52	207
63	207
70	207
79	207
85	208
115	208
119	208
121	208
72	211
77	211
52	212
154	212
216	212
45	214
83	215
114	216
123	216
126	216
134	216
135	217
211	217
204	218
119	219
149	219
151	219
66	221
72	221
164	222
172	223
35	224
169	224
135	225
158	225
147	226
117	227
127	228
204	228
205	228
60	229
65	229
82	229
149	229
158	229
169	229
199	229
73	230
122	231
164	231
156	232
73	233
108	233
178	233
66	234
69	234
60	235
174	235
146	236
207	236
55	237
60	237
76	237
82	237
134	237
199	237
90	238
91	238
192	238
201	238
83	239
99	239
156	240
163	240
46	242
69	243
52	244
55	244
63	244
151	244
154	244
209	244
202	245
61	246
46	247
52	247
184	247
39	248
61	248
76	248
84	248
139	248
177	248
227	248
232	248
47	249
70	249
79	249
67	250
100	250
107	250
202	250
47	251
194	251
40	252
67	254
172	254
62	255
208	255
215	255
48	256
86	256
93	256
128	256
150	256
40	257
133	257
152	257
157	257
194	257
40	259
145	259
187	259
189	259
52	260
54	260
86	260
92	260
133	260
69	261
100	261
107	261
108	261
116	261
126	261
152	261
172	261
198	261
206	261
62	262
146	262
175	262
176	262
64	263
92	263
100	263
86	264
47	265
52	265
87	265
92	265
78	266
79	266
164	266
215	266
224	266
126	267
167	267
187	267
72	268
206	268
67	269
72	269
80	269
87	269
133	269
137	269
157	269
96	270
100	270
117	271
118	271
124	271
80	272
82	272
110	272
182	272
206	272
217	272
63	273
87	273
212	273
47	274
73	274
145	274
221	274
43	275
133	275
140	275
175	275
187	275
127	276
178	276
179	276
193	276
189	277
204	277
63	278
87	278
96	278
102	278
112	278
118	278
83	279
138	279
157	279
223	279
163	280
51	281
57	281
84	282
155	282
95	283
45	284
170	284
232	284
40	285
189	285
228	285
104	286
127	286
193	286
98	287
120	287
159	287
201	287
183	288
220	289
76	290
120	290
50	291
59	291
115	291
70	292
218	292
94	293
98	293
131	293
232	294
126	295
170	295
99	296
149	296
43	297
81	297
88	297
193	297
208	297
112	298
154	298
160	298
195	298
198	298
88	299
94	299
95	299
126	299
135	299
52	300
191	300
203	300
214	300
112	301
121	301
163	301
62	302
88	302
56	303
83	303
95	303
91	304
102	304
147	304
66	305
153	305
191	305
195	305
203	305
96	306
97	306
92	307
170	307
197	307
83	308
155	308
124	309
190	309
208	309
138	310
97	311
222	311
47	312
92	312
138	312
200	312
119	313
182	314
119	315
136	316
153	317
155	317
217	317
126	319
165	319
167	319
43	320
62	320
114	321
93	322
56	323
59	323
205	323
152	324
221	324
92	325
122	325
197	325
154	326
87	327
107	327
164	327
168	327
44	328
66	328
118	328
205	328
209	328
216	328
130	329
62	330
47	331
50	331
96	331
103	331
216	331
70	333
71	333
153	333
136	334
201	334
115	335
159	335
82	336
170	336
212	336
66	337
74	337
84	337
192	337
128	338
115	339
103	340
148	340
54	341
59	341
121	341
170	341
204	341
159	342
174	342
47	343
52	343
77	343
89	343
77	345
68	346
90	346
127	346
191	346
70	347
207	347
64	348
56	349
80	351
98	351
108	351
117	351
132	351
178	351
56	352
64	352
70	352
100	352
122	352
137	352
191	352
192	352
