556
105	43
94	45
80	47
88	47
81	48
140	51
130	52
127	55
119	56
82	62
88	62
90	65
101	65
160	66
79	73
69	80
170	80
69	95
190	96
150	101
115	102
160	102
64	107
207	108
111	109
70	110
89	111
142	112
151	112
159	112
132	113
60	115
199	116
111	117
109	119
215	122
155	123
199	123
223	123
162	124
178	124
102	128
108	128
74	129
208	129
186	130
51	131
108	132
228	132
208	135
74	136
127	136
164	136
175	136
102	137
106	137
180	137
184	137
68	138
50	139
88	139
121	140
214	140
149	141
143	142
144	142
191	142
125	143
109	144
133	145
175	146
72	147
125	147
129	147
164	147
49	148
79	148
158	148
146	149
230	149
165	150
170	150
190	151
176	152
197	152
67	153
90	153
93	153
221	153
121	155
132	155
135	155
165	155
86	156
158	156
207	156
121	157
128	158
154	159
227	159
52	160
152	160
219	160
135	161
188	161
194	161
235	162
167	163
176	163
141	164
129	165
225	165
87	166
95	166
97	166
156	166
206	166
153	167
242	167
209	168
227	168
234	168
92	170
77	171
84	171
181	171
48	172
193	173
127	174
232	174
85	175
92	175
241	175
56	176
162	176
131	177
202	177
52	178
100	178
209	178
94	179
145	179
80	180
151	180
59	181
188	182
163	183
181	183
193	183
199	185
94	186
101	186
49	187
72	187
101	187
109	187
151	187
80	188
90	188
159	188
154	189
75	190
220	190
62	191
179	193
187	194
62	195
75	196
163	197
120	198
125	198
57	199
67	199
91	199
226	200
130	201
84	202
254	202
67	203
247	203
179	204
181	204
186	204
102	205
186	205
46	206
97	206
171	206
61	207
165	211
171	211
180	213
255	213
184	214
186	214
249	214
62	215
97	215
241	215
90	216
172	217
178	217
57	218
77	219
193	219
204	219
257	219
259	220
145	221
249	221
102	222
105	222
113	222
200	222
209	222
214	222
67	223
121	224
137	224
144	224
185	224
249	224
46	226
67	226
122	226
129	226
130	226
136	226
183	227
60	228
219	228
266	228
95	229
98	229
102	229
117	230
202	230
208	230
93	231
251	231
258	231
85	232
199	233
260	233
60	234
112	234
72	235
98	235
105	235
228	235
251	235
94	236
129	236
183	236
244	236
112	237
122	237
123	237
211	237
220	237
53	238
65	238
100	239
105	239
112	239
237	239
244	239
107	240
94	241
186	241
257	241
87	242
211	244
123	245
130	245
205	245
87	246
47	247
81	247
97	247
99	247
130	247
137	247
177	248
212	248
257	248
264	248
107	250
137	250
144	250
145	250
152	250
160	250
207	250
222	251
230	251
111	252
113	252
153	252
160	252
92	253
97	253
249	253
256	253
117	254
123	254
130	254
135	254
123	257
130	257
222	257
82	258
100	258
153	258
168	258
175	258
179	258
207	258
218	258
111	259
167	259
198	259
61	260
72	260
76	260
123	260
238	260
248	261
255	261
55	262
131	262
137	262
66	263
87	263
91	263
182	263
187	263
238	264
245	264
131	265
177	265
182	265
218	265
48	266
107	266
126	266
210	266
245	266
145	267
212	267
66	268
138	268
182	268
229	268
58	269
101	269
200	269
262	269
138	270
203	270
117	271
126	271
134	271
119	272
126	272
194	273
212	273
162	274
168	274
230	274
232	274
126	275
263	275
59	276
120	276
147	277
234	277
102	278
141	278
184	278
200	278
218	278
244	278
54	279
93	279
129	279
157	279
162	279
112	280
223	280
113	281
120	281
137	281
140	281
245	281
268	281
189	284
260	284
48	285
141	285
137	286
207	286
216	286
241	286
144	287
153	287
189	287
201	287
130	288
137	288
194	288
201	288
210	288
69	290
130	290
153	290
125	291
248	291
203	292
146	293
97	294
131	294
133	294
137	294
146	294
162	294
186	294
253	295
254	295
81	296
90	296
126	296
193	296
64	297
218	297
261	297
75	298
210	299
234	299
64	300
90	300
154	300
195	300
244	300
86	301
139	301
231	301
267	301
133	302
58	303
159	304
247	304
262	304
220	305
159	306
72	307
193	307
82	309
89	309
152	309
207	310
154	311
268	311
133	313
242	313
147	314
92	315
185	315
227	315
107	316
154	316
166	317
237	317
57	318
101	318
148	318
208	318
250	318
85	319
90	319
118	320
111	321
185	321
255	321
229	322
234	322
67	323
79	323
127	323
152	323
248	323
62	325
122	325
266	326
113	327
235	327
238	327
254	327
166	328
83	329
130	329
250	329
90	330
126	331
142	331
172	331
229	331
258	331
90	332
117	333
187	333
242	333
84	334
116	334
108	336
241	336
126	337
129	338
146	338
257	338
155	339
124	340
77	341
93	341
261	341
114	342
214	342
238	342
259	342
88	343
67	344
151	345
163	345
236	345
259	345
125	347
265	347
97	348
254	350
81	351
91	351
145	351
188	351
221	351
238	351
252	351
69	352
71	352
109	352
117	352
125	352
155	352
169	352
204	352
209	352
241	352
