406
148	39
153	40
127	44
128	44
135	45
144	47
151	48
69	51
127	52
173	54
137	55
42	58
76	59
66	61
98	61
89	62
143	66
42	68
186	68
33	69
122	69
127	69
86	70
51	72
99	72
78	73
42	74
57	74
171	74
150	75
122	76
138	77
30	78
189	80
55	85
139	85
153	85
142	86
34	87
198	90
103	94
107	94
82	99
176	99
21	100
121	100
112	101
110	102
202	102
90	104
176	104
110	105
142	105
151	105
112	106
101	107
108	107
123	109
206	109
183	112
142	113
147	113
23	116
95	116
110	118
209	119
149	120
113	124
112	128
113	130
136	130
213	131
206	133
182	134
31	135
37	136
138	136
27	137
27	139
86	139
117	139
199	139
217	139
36	140
192	142
173	143
90	144
208	144
27	147
36	147
183	147
217	147
175	148
33	149
43	149
45	149
211	149
52	150
90	150
149	150
43	151
137	151
52	153
94	153
225	153
140	154
52	155
64	155
73	155
61	157
120	157
219	158
123	161
27	162
32	162
200	163
61	164
51	165
183	165
57	167
236	167
32	168
66	168
205	168
47	169
27	170
32	170
143	170
232	171
187	172
189	172
40	175
47	175
163	175
66	176
137	176
127	177
47	178
73	178
75	178
196	178
201	178
54	179
55	179
93	179
169	179
34	180
132	180
63	181
213	181
98	182
145	182
184	182
29	183
32	183
185	183
206	184
73	186
98	186
196	186
235	186
225	187
54	188
63	188
69	188
62	189
104	189
138	189
152	189
199	190
77	191
177	191
137	192
45	193
47	193
82	193
157	193
96	194
37	195
47	195
223	195
237	195
100	196
182	196
214	196
229	196
55	197
62	197
70	197
73	197
94	197
230	198
31	199
34	199
98	200
100	200
172	200
63	201
69	201
141	201
144	201
182	201
224	201
235	201
81	202
105	204
132	204
139	204
89	205
149	205
155	205
177	205
188	205
38	206
81	206
86	206
94	206
130	206
32	207
40	207
47	207
139	208
70	211
97	211
145	211
188	211
65	212
236	212
40	213
230	213
35	214
174	214
41	215
80	215
194	215
138	216
36	217
91	217
140	217
52	218
56	218
65	218
84	218
89	218
61	220
68	220
127	220
177	220
179	220
104	221
127	221
159	221
221	221
116	222
117	222
163	224
43	225
65	225
76	225
36	226
52	226
46	227
105	227
189	227
116	228
127	228
144	229
180	229
122	230
130	230
162	230
113	231
183	231
225	231
74	232
103	232
148	232
151	232
166	232
193	232
92	235
99	235
83	236
105	236
154	236
159	236
160	237
117	238
147	238
111	239
64	240
105	241
150	241
101	242
110	242
119	242
99	244
160	244
57	246
36	247
62	247
110	248
162	248
164	248
140	249
231	249
144	250
108	251
169	251
50	252
54	252
100	252
216	253
144	254
217	254
94	255
214	255
48	256
108	258
207	258
108	260
39	261
94	262
97	262
219	262
39	263
162	263
86	264
136	264
166	265
111	266
178	267
139	268
99	270
180	271
85	272
132	276
45	277
74	280
98	280
133	281
197	282
74	285
41	286
98	286
215	286
199	287
61	290
119	292
207	292
48	294
204	296
212	296
59	297
120	297
194	297
211	297
59	298
43	300
45	300
201	300
195	301
45	302
209	302
81	303
83	303
207	303
195	304
57	305
98	306
80	310
90	310
83	311
117	311
176	313
181	314
118	316
191	317
84	318
181	318
74	319
200	319
45	321
129	321
192	321
57	325
74	326
121	327
46	331
56	332
190	334
47	340
178	340
65	344
123	345
139	346
180	346
183	346
117	347
147	349
110	351
174	351
66	352
105	352
156	352
158	352
