506
180	44
157	49
227	55
110	57
97	58
104	58
83	59
225	62
121	63
113	65
73	69
127	71
115	74
240	74
140	81
125	82
67	83
239	83
144	85
237	85
116	86
141	87
181	89
247	90
192	91
65	93
123	94
113	97
231	97
142	98
172	98
100	100
248	100
60	104
210	104
231	104
122	105
233	107
110	108
227	108
195	109
182	110
250	110
123	112
174	113
181	113
50	116
100	116
156	117
195	119
68	121
182	121
47	123
55	123
61	123
147	123
182	123
263	123
85	124
166	125
157	128
149	129
223	129
244	129
62	130
154	131
183	132
176	136
266	136
167	137
222	137
72	140
57	142
194	142
206	142
56	143
158	143
258	143
63	144
179	144
185	144
223	144
156	147
223	147
56	148
168	148
174	148
47	150
185	151
192	151
207	151
158	152
225	152
268	154
267	155
45	156
54	156
175	156
223	156
194	157
268	157
157	160
247	160
193	162
261	162
272	163
188	164
225	164
226	164
47	166
55	166
204	166
270	167
195	168
271	170
190	172
207	172
56	174
62	175
114	175
183	176
207	176
274	176
120	177
47	178
62	180
80	180
135	180
164	180
56	181
88	181
227	181
267	181
53	182
55	182
210	182
179	183
193	183
271	183
141	185
210	185
63	187
182	187
214	187
60	188
69	188
79	188
53	191
60	191
234	191
182	192
273	192
94	193
223	193
244	194
47	195
53	195
240	195
158	197
185	197
249	197
124	198
55	199
61	199
105	199
115	199
121	199
163	199
226	199
228	199
69	200
77	200
278	200
62	201
69	201
112	201
279	201
39	202
85	202
77	203
232	204
236	204
122	205
272	205
33	206
85	206
90	206
132	206
46	207
137	207
40	208
102	208
247	208
259	208
110	209
242	209
34	211
266	211
120	212
252	212
56	213
58	213
126	214
158	214
210	214
77	216
110	216
117	216
164	216
215	216
70	217
230	217
242	217
50	218
100	218
117	218
125	218
274	218
85	219
87	219
90	219
107	219
275	219
70	220
99	220
125	220
236	220
247	220
64	221
72	221
78	221
79	221
132	221
36	222
144	222
182	222
148	224
189	224
107	225
116	225
271	226
87	227
225	227
72	228
116	229
122	229
148	229
90	231
97	231
229	231
130	232
155	232
159	232
66	233
69	233
122	233
164	234
186	234
135	235
80	236
122	236
274	236
98	237
116	237
124	237
146	237
175	237
273	237
75	238
91	238
100	238
103	238
155	238
206	238
152	239
66	240
132	240
180	240
35	241
61	241
82	241
145	241
160	241
75	242
180	242
195	242
107	243
115	243
150	243
189	243
124	244
132	244
199	244
91	245
107	245
184	245
189	245
75	246
85	246
101	246
131	246
150	246
189	246
199	246
207	246
139	247
142	247
52	248
117	248
123	248
160	248
197	248
204	248
212	248
45	249
71	249
108	249
155	249
163	249
87	250
92	250
144	250
147	250
270	250
102	251
110	251
113	251
178	251
189	251
197	251
133	253
138	253
194	253
202	253
123	254
142	254
187	254
79	255
118	255
148	255
150	255
72	256
231	257
66	258
72	258
87	258
102	258
187	258
81	259
95	259
97	259
132	259
190	259
90	260
118	260
155	260
201	260
209	260
143	261
146	261
206	261
63	262
103	262
138	262
179	262
214	262
107	263
167	263
190	263
99	264
199	264
231	264
234	265
155	266
171	266
176	266
195	266
113	267
149	267
189	267
202	267
213	267
98	268
90	269
202	269
217	269
262	269
90	270
107	270
109	270
130	270
157	270
171	270
100	271
138	271
175	271
208	271
38	272
198	274
120	275
208	276
217	276
110	277
128	277
155	277
198	277
212	277
219	277
157	279
202	279
106	280
212	280
117	281
140	281
217	283
219	283
196	284
227	284
157	285
164	285
199	285
222	285
209	286
230	286
140	288
153	288
259	288
145	289
164	291
204	292
198	293
52	295
153	295
163	295
106	296
146	297
151	297
50	300
104	300
164	300
260	303
121	304
151	305
153	305
228	305
44	307
138	308
232	308
226	309
102	311
121	311
162	312
229	312
153	313
138	315
148	315
133	316
187	316
49	317
102	317
163	317
98	318
104	319
117	319
48	320
149	321
187	321
133	322
103	323
116	323
255	325
92	326
50	327
66	328
155	329
234	333
126	335
155	336
238	336
138	337
80	341
119	341
125	341
185	342
138	343
146	343
150	343
86	345
179	345
119	348
77	349
95	351
125	351
141	351
147	351
170	351
227	351
68	352
82	352
84	352
104	352
163	352
183	352
187	352
198	352
212	352
