554
184	33
212	35
185	36
192	36
149	42
172	44
190	47
202	50
209	50
239	54
134	55
237	55
149	58
171	59
179	59
240	59
140	62
157	65
247	71
119	74
138	75
91	77
232	78
142	80
205	85
256	88
83	89
134	91
124	92
260	92
191	94
202	96
204	96
260	97
133	100
152	100
77	101
157	102
189	103
261	103
121	104
152	105
189	105
201	106
202	106
132	111
76	112
170	112
160	113
250	113
189	114
125	115
264	115
192	116
207	117
109	119
219	120
67	123
182	123
249	123
270	123
150	124
207	125
214	125
201	126
204	126
191	127
115	130
190	130
269	131
66	133
82	134
165	135
204	135
214	135
107	137
191	137
203	138
191	141
69	142
94	142
156	142
176	143
275	143
232	144
167	146
145	147
204	147
257	147
265	147
72	149
192	149
159	150
278	151
147	154
150	154
186	154
176	155
225	155
265	155
82	158
140	159
154	159
195	159
67	160
282	160
74	161
282	161
66	162
189	162
194	162
227	162
257	162
134	164
276	164
152	165
166	165
67	167
178	167
185	167
224	167
194	169
201	169
170	171
286	171
288	171
158	173
233	173
185	175
190	175
224	175
58	176
204	176
283	178
167	179
204	179
274	179
235	180
147	181
217	181
236	181
192	182
198	182
58	186
65	186
206	186
138	187
142	187
285	187
150	188
218	188
200	189
195	193
125	195
163	196
216	196
59	197
132	197
238	197
225	198
65	199
192	200
209	200
229	200
147	201
169	201
174	201
238	202
283	202
243	204
282	204
131	205
152	205
65	206
68	206
119	206
195	206
70	207
208	207
80	208
90	208
128	208
97	209
99	209
138	210
139	210
195	210
210	210
234	210
106	211
229	211
289	211
64	213
150	213
197	213
238	213
241	213
59	214
147	214
171	215
67	217
72	217
155	217
261	217
80	218
88	218
238	218
243	218
290	218
136	219
175	219
74	220
80	220
126	220
133	220
244	220
248	220
267	222
270	222
89	223
97	223
54	224
253	224
258	224
278	224
54	226
57	226
82	226
89	226
134	226
234	226
264	227
66	228
240	228
61	229
114	229
69	230
73	230
122	230
222	230
97	231
104	231
105	231
110	231
228	232
253	232
240	233
142	234
289	234
248	235
259	235
290	235
61	236
68	236
90	236
97	236
131	236
147	236
76	237
80	237
188	237
56	238
138	238
90	239
122	239
193	239
285	239
84	240
104	241
112	241
129	241
131	241
137	242
138	242
145	243
158	243
99	244
100	244
161	244
91	245
226	245
227	246
52	247
85	247
77	248
192	248
85	249
91	249
161	249
121	250
125	250
244	251
77	252
168	252
252	252
289	252
70	253
128	254
133	254
219	254
137	255
151	255
222	255
85	256
78	257
80	257
137	257
157	257
111	258
178	258
229	258
73	259
97	259
102	259
104	259
147	259
208	259
112	260
119	260
167	260
182	260
202	260
56	261
213	261
157	263
162	263
173	263
194	263
213	263
82	264
87	264
128	264
121	265
162	265
197	265
202	265
218	265
97	266
104	266
112	266
173	266
106	267
203	267
82	268
97	268
155	268
169	268
178	268
209	268
227	268
247	268
58	269
77	269
91	269
147	270
190	270
218	270
224	270
233	270
254	270
115	271
121	271
160	271
194	271
209	271
122	272
130	272
147	272
91	273
132	273
136	273
215	273
160	274
85	275
102	276
106	276
162	276
186	276
243	276
92	277
215	277
232	277
53	278
85	278
86	278
122	278
201	278
224	278
116	279
190	279
204	279
220	279
237	279
145	280
214	280
227	280
244	280
132	281
183	281
219	281
248	281
108	282
190	282
204	282
103	283
116	283
127	283
187	283
193	283
197	283
237	283
150	284
181	284
210	284
277	284
110	285
202	285
204	285
240	285
248	285
209	286
219	286
227	286
185	287
224	287
254	287
110	288
231	288
102	289
103	289
139	290
202	291
209	291
150	292
204	292
224	292
212	293
215	293
122	294
151	294
219	294
230	294
137	295
227	295
117	296
234	296
170	297
173	299
227	300
151	301
230	301
234	301
275	301
117	302
154	302
160	302
210	303
237	303
238	303
173	304
177	304
113	305
208	306
243	306
212	307
168	308
161	309
153	310
154	310
178	310
235	312
65	313
66	313
127	313
238	313
120	315
177	315
285	315
168	316
248	316
126	317
231	317
283	317
165	318
234	318
281	318
284	318
62	319
118	319
153	319
251	319
272	319
177	320
244	322
177	323
247	324
165	325
275	325
276	325
241	326
180	328
115	329
244	329
63	331
141	334
170	334
203	335
114	337
184	337
115	338
146	338
203	338
126	339
128	339
150	339
155	339
266	339
171	340
145	341
161	341
171	341
265	341
186	342
189	342
133	345
198	345
171	346
179	346
80	347
150	347
171	347
190	347
161	348
258	348
158	349
102	350
107	350
105	351
128	351
131	351
188	351
199	351
201	351
248	351
92	352
96	352
116	352
171	352
180	352
199	352
214	352
226	352
237	352
256	352
