596
147	46
155	47
188	51
191	52
198	52
97	53
201	53
208	54
115	56
122	57
222	58
146	60
155	60
92	61
97	61
158	61
168	61
128	65
230	73
108	77
128	77
66	80
218	80
128	82
222	86
188	87
194	87
205	88
217	88
64	89
236	89
188	95
193	95
179	96
205	98
139	101
55	102
145	104
178	104
247	106
180	107
139	108
190	109
121	112
255	114
239	115
48	116
170	116
246	116
110	117
190	117
179	118
98	121
209	122
51	123
258	123
238	124
246	124
138	126
203	128
98	129
179	129
192	129
172	132
179	132
47	134
222	134
255	134
245	135
72	136
203	136
209	136
98	137
153	137
192	137
152	139
154	140
180	140
180	142
63	143
54	144
85	144
167	145
222	145
209	146
216	146
221	146
260	146
45	148
155	148
64	149
254	149
181	151
120	153
149	154
151	154
217	154
221	154
39	155
140	155
175	155
168	156
256	157
166	158
254	158
40	160
143	160
194	160
72	161
254	161
31	162
177	162
184	162
222	162
110	163
34	164
57	164
243	165
156	166
274	167
28	169
34	169
57	169
168	169
258	169
145	170
34	171
184	171
244	172
33	173
271	173
184	174
247	175
144	176
198	177
28	178
45	178
55	178
29	180
156	180
193	180
247	180
45	181
38	182
186	182
232	182
261	182
199	183
206	183
220	183
226	183
251	183
30	186
55	186
194	186
32	187
47	187
214	188
234	188
225	189
207	191
219	194
269	194
31	195
49	195
64	195
154	195
184	195
186	195
206	196
38	198
49	199
32	200
136	200
215	200
55	201
82	201
89	201
159	201
164	201
189	201
197	201
43	202
180	202
209	202
219	202
142	205
209	205
183	207
213	207
232	207
233	207
197	208
63	209
71	209
80	209
87	209
278	209
72	210
183	210
55	211
199	211
241	211
256	211
213	212
224	212
228	213
55	214
218	214
49	215
262	215
57	216
178	216
125	219
78	220
105	220
187	220
228	220
250	220
113	221
115	221
207	221
239	221
63	222
70	222
192	222
233	222
274	222
212	223
255	224
260	224
37	225
247	225
182	226
243	226
254	227
268	227
47	228
190	228
223	228
42	229
229	229
56	230
212	230
34	231
58	231
63	231
51	232
254	232
121	233
130	233
216	233
137	234
128	235
229	235
243	235
268	235
270	236
116	237
249	237
57	238
80	238
86	238
112	238
127	238
237	238
261	238
65	239
67	239
93	240
157	240
196	240
43	241
100	241
88	242
112	242
115	242
162	242
134	243
146	243
202	243
272	243
154	245
173	245
227	245
162	246
179	247
182	247
232	247
169	248
202	248
81	249
75	250
207	250
122	251
125	251
126	251
154	251
187	251
131	252
157	252
100	253
108	253
207	253
187	254
232	254
108	255
118	255
140	255
179	255
125	256
147	256
182	256
68	257
75	257
130	257
239	257
37	258
40	258
76	258
84	258
100	258
207	258
92	259
118	259
124	259
130	259
135	259
209	259
63	261
68	261
147	261
157	261
191	261
126	262
273	262
86	263
92	263
152	263
162	263
174	263
239	263
108	264
110	264
118	264
191	265
204	265
102	266
135	266
182	266
184	266
207	266
209	266
246	266
37	267
72	267
76	267
152	267
162	267
179	267
87	268
93	268
126	268
132	268
141	268
214	268
157	269
125	270
167	270
199	270
66	271
72	271
94	271
102	271
118	271
95	272
207	272
110	273
212	273
82	274
104	274
111	274
113	274
141	274
143	274
150	274
204	274
95	275
135	275
184	275
81	276
90	276
125	276
233	276
75	277
150	277
187	277
62	278
66	278
96	278
165	278
204	278
243	278
91	279
120	279
193	279
173	280
201	280
209	280
220	280
247	280
271	280
133	281
169	281
76	282
82	282
105	282
111	282
181	282
234	282
92	283
97	283
120	283
143	283
177	283
209	283
224	283
237	283
183	284
185	284
259	284
66	285
138	285
116	286
169	286
191	286
214	286
224	286
98	287
105	287
173	287
229	287
264	287
92	288
100	288
126	289
201	289
214	289
229	289
219	290
91	291
190	291
234	291
244	291
137	292
181	292
200	292
249	293
41	294
123	294
193	294
200	294
138	296
219	296
123	297
208	297
212	297
214	297
222	297
193	298
199	299
50	301
138	301
208	301
222	301
266	301
214	302
231	302
120	303
144	303
174	303
227	303
43	304
48	304
212	304
218	304
221	304
234	304
202	305
162	306
189	306
167	307
225	308
226	308
51	309
156	309
144	310
192	310
169	311
202	311
267	311
229	312
230	312
117	314
239	314
249	314
267	314
254	315
54	316
156	316
165	316
209	316
235	317
244	317
50	318
108	319
114	319
154	319
219	319
272	319
273	319
62	320
165	321
223	321
107	322
261	322
268	323
165	324
57	325
44	326
231	326
96	327
221	327
234	328
274	328
167	329
275	329
225	330
263	330
93	331
103	332
166	332
157	333
270	333
129	336
190	336
214	336
136	337
67	338
103	338
217	338
250	338
267	338
102	339
167	339
119	340
166	340
129	341
191	341
182	342
136	343
160	343
63	344
117	344
137	344
140	344
149	344
117	346
167	346
202	346
50	347
160	348
87	349
128	349
67	350
95	350
136	350
54	351
136	351
140	351
149	351
159	351
204	351
206	351
217	351
228	351
239	351
77	352
80	352
90	352
93	352
119	352
178	352
192	352
194	352
247	352
