630
118	11
129	13
134	14
217	16
223	17
104	23
166	23
206	23
174	24
120	31
249	32
96	33
115	35
252	43
91	46
170	46
134	47
178	48
220	51
168	55
260	56
88	58
229	58
92	59
188	59
156	63
224	63
229	63
82	65
170	65
153	66
179	66
216	66
128	67
123	68
268	69
143	71
223	71
241	71
216	72
230	73
77	74
131	74
123	75
243	76
183	77
125	78
191	78
230	78
72	80
238	80
102	81
226	81
230	81
268	81
173	83
182	84
256	84
105	85
161	85
232	87
256	89
215	90
229	90
253	90
170	91
208	91
242	91
256	91
272	91
230	93
244	93
257	94
69	98
234	100
274	100
247	101
260	101
221	102
228	102
206	103
218	103
134	105
278	106
64	109
131	111
261	113
105	115
112	115
99	116
111	116
118	117
187	117
93	118
99	118
289	120
86	122
81	123
90	124
93	124
101	124
106	126
108	126
126	126
100	127
132	127
220	127
91	128
181	128
214	128
60	129
116	129
106	130
259	131
292	133
174	134
285	134
292	134
181	135
83	136
131	136
92	138
223	138
259	138
265	138
295	138
232	139
274	139
295	139
117	140
137	140
142	141
238	141
242	141
290	142
191	143
126	144
298	144
141	145
58	146
257	147
262	147
189	148
198	148
245	148
270	148
116	149
263	149
86	151
91	151
107	151
236	151
255	151
114	152
197	152
238	152
245	152
123	153
131	153
200	153
295	153
220	154
225	154
269	154
273	154
284	154
262	157
261	159
296	159
86	160
102	160
107	160
227	160
233	160
266	160
78	161
81	161
245	161
249	161
240	162
280	162
57	163
71	163
222	163
249	164
259	164
274	164
276	164
53	165
187	165
234	165
240	165
277	165
94	166
101	166
297	166
306	166
171	167
249	167
262	167
89	169
175	169
222	169
101	170
108	171
181	171
229	171
234	171
127	172
132	172
285	172
120	173
94	174
125	174
181	174
223	174
277	174
81	175
100	175
114	175
132	175
140	176
235	176
239	176
271	176
273	176
282	176
50	177
76	177
87	177
94	177
101	177
229	177
289	177
119	180
118	181
124	181
125	181
131	181
274	181
229	182
107	183
113	183
252	183
257	184
280	184
244	185
106	186
124	186
130	186
201	186
304	186
98	187
204	187
207	187
244	187
251	187
277	187
120	188
124	188
130	188
257	188
136	189
296	189
55	190
67	190
119	190
208	190
212	190
262	190
264	190
200	191
268	191
171	192
119	193
178	193
214	194
222	194
244	194
250	194
254	194
112	195
244	195
67	196
74	196
189	196
231	196
238	196
268	196
272	196
305	196
295	197
106	199
114	199
116	199
76	200
81	200
100	200
151	200
222	200
107	201
119	201
126	201
137	201
144	201
228	201
246	201
252	201
254	201
259	201
303	202
85	204
269	204
130	205
177	205
229	205
137	206
169	206
185	206
235	206
119	207
195	207
303	207
124	208
230	209
114	210
200	210
242	210
46	211
101	211
124	211
127	211
169	211
249	211
297	211
86	212
160	212
51	214
114	214
122	214
127	214
144	214
200	214
219	215
227	215
225	216
87	217
94	217
233	217
109	218
114	218
239	218
207	219
209	219
217	220
87	221
97	221
102	221
160	221
225	221
232	221
81	222
151	222
214	222
223	222
231	222
238	222
292	222
301	222
129	223
152	223
299	223
115	224
196	224
65	225
103	225
67	226
74	226
97	226
146	226
152	226
223	226
253	226
112	227
229	227
230	227
258	227
111	228
112	228
214	228
278	228
167	229
236	229
82	230
97	230
245	230
284	230
76	231
91	231
222	231
236	231
248	231
219	232
227	232
242	232
106	233
107	233
129	233
137	233
258	233
100	234
115	234
127	234
227	234
263	234
91	235
219	235
233	235
76	236
85	236
50	237
71	237
162	237
166	237
209	237
46	239
53	239
77	239
127	239
214	239
233	239
72	240
163	240
101	241
173	241
254	241
96	242
103	242
108	242
117	242
121	242
122	242
230	242
244	242
259	242
270	243
55	245
62	245
213	246
251	246
274	246
57	247
72	247
65	248
117	248
124	248
216	248
234	248
237	248
112	249
119	249
239	249
255	249
274	249
104	250
216	250
265	250
296	250
173	251
182	251
108	252
110	252
224	252
269	252
91	253
222	253
254	254
51	255
91	256
128	256
183	256
222	256
233	257
261	257
269	257
85	258
225	258
231	258
165	259
265	259
115	260
244	260
117	261
165	261
231	261
239	261
259	261
90	262
194	262
218	262
262	262
278	262
87	263
224	263
77	264
219	264
72	265
203	265
95	266
197	266
227	266
87	267
186	267
81	268
90	268
262	268
205	269
108	271
191	271
274	272
105	273
112	274
50	275
50	276
105	276
191	277
194	277
209	277
289	278
190	279
54	280
185	280
267	280
180	281
210	281
195	283
154	285
191	285
194	285
185	286
181	287
178	289
105	290
200	290
153	291
194	291
58	292
95	292
179	295
185	295
201	295
205	295
112	296
165	296
240	296
61	298
100	300
196	300
207	300
273	300
91	301
153	301
105	302
185	302
235	302
292	302
165	303
185	303
247	303
174	304
196	305
251	306
278	306
152	308
185	308
264	308
98	309
251	309
174	311
290	311
232	313
256	313
285	314
110	315
192	315
65	316
95	316
226	316
283	316
179	318
65	320
285	320
145	321
227	321
101	322
193	322
265	322
272	324
180	325
71	327
253	331
257	333
259	333
275	336
206	337
246	337
198	339
271	340
208	341
214	341
248	341
73	343
214	346
143	349
183	349
106	350
263	350
201	351
203	351
209	351
252	351
82	352
92	352
94	352
114	352
117	352
128	352
131	352
224	352
263	352
