653
97	8
124	17
131	17
91	20
147	20
140	21
184	23
156	24
190	24
163	25
167	25
206	26
212	26
221	28
76	29
92	33
92	39
222	39
66	43
88	44
194	46
97	47
64	53
233	53
196	57
106	59
151	59
163	61
194	61
106	65
151	65
62	66
66	67
96	67
98	67
151	67
239	68
186	69
106	71
101	72
129	73
198	73
58	74
97	76
100	76
186	76
181	77
189	77
203	77
94	78
125	78
240	78
85	80
125	80
77	81
212	81
165	82
196	82
194	84
104	85
55	86
96	86
214	87
225	87
204	88
87	89
98	89
127	89
45	90
214	90
246	90
196	91
202	91
143	94
80	95
135	95
146	95
156	95
129	96
194	96
175	98
204	98
228	98
194	99
219	99
252	99
166	100
203	100
227	101
42	102
175	102
190	102
176	103
71	107
78	107
245	109
255	110
217	111
135	112
193	113
178	114
190	115
260	117
72	119
78	119
125	119
38	121
156	121
232	123
67	125
72	125
73	125
86	127
91	129
100	130
107	131
270	131
270	132
30	135
64	135
67	135
262	135
74	136
80	137
153	140
273	140
273	141
98	142
63	143
103	143
189	143
194	143
56	144
145	146
166	146
265	146
26	147
89	147
153	147
217	147
223	147
65	148
203	148
209	148
97	149
103	149
195	149
237	149
90	150
244	150
163	152
270	152
107	153
229	153
72	154
249	154
229	155
234	156
113	157
242	158
217	159
88	160
280	160
204	161
206	161
226	161
66	162
69	162
207	162
217	162
59	163
80	163
96	163
102	164
104	164
241	164
80	165
218	165
246	165
255	165
277	165
69	166
173	167
227	167
261	167
59	168
204	168
52	169
232	169
239	169
52	171
217	172
45	173
101	173
159	173
272	173
87	174
91	174
107	174
212	174
246	174
69	175
73	175
227	175
231	175
61	177
64	177
80	177
234	177
245	177
204	178
211	178
80	179
143	180
158	180
198	181
36	182
53	182
74	182
80	182
256	182
29	183
91	183
106	183
112	183
48	184
200	185
260	185
60	186
61	186
66	186
98	186
104	186
234	186
242	186
274	186
279	186
148	187
211	187
164	188
169	188
220	188
222	188
91	189
94	189
237	189
242	189
39	191
80	192
156	192
223	192
85	193
229	193
200	194
39	195
60	195
67	195
112	195
118	195
276	195
74	196
76	196
244	196
247	196
274	196
211	197
68	198
211	198
229	199
234	199
52	200
62	200
68	200
79	200
204	200
209	200
215	200
222	200
40	201
45	201
46	201
110	201
117	201
170	201
179	201
187	201
194	201
96	202
274	204
277	204
91	205
142	205
215	205
179	206
186	206
220	206
227	206
266	206
150	207
202	207
220	207
232	207
161	208
213	208
224	208
41	209
45	209
46	209
54	209
62	209
72	209
85	209
91	209
109	209
115	209
243	209
57	210
106	210
169	210
238	210
123	211
115	212
202	212
207	212
249	212
177	213
275	213
184	214
215	214
217	214
238	214
222	215
208	216
231	216
213	217
194	218
200	218
222	218
140	219
148	219
166	219
229	219
79	220
95	220
109	220
73	221
109	221
113	221
114	221
122	221
154	221
280	221
172	222
80	224
131	224
140	224
95	225
80	226
116	226
122	226
154	226
200	226
204	226
60	227
66	227
74	227
98	228
172	228
190	229
92	230
144	230
168	231
244	231
98	232
177	232
204	232
264	232
67	233
82	233
218	233
249	233
52	234
61	234
81	234
82	234
131	234
204	234
224	234
81	235
82	235
93	235
98	235
116	235
122	235
188	235
194	235
209	235
210	235
274	235
88	236
106	236
115	236
124	236
216	236
269	236
276	236
45	237
46	237
75	237
249	237
169	239
172	239
203	239
95	240
207	240
254	240
40	241
69	241
75	241
83	241
224	241
227	241
63	242
72	242
85	242
87	242
126	242
139	242
142	242
199	242
40	244
47	244
207	244
48	246
72	246
91	246
96	246
106	246
227	246
40	247
100	247
130	247
212	247
213	247
232	247
44	248
91	248
189	248
199	248
86	249
206	249
217	249
219	249
157	250
203	250
224	250
67	251
72	251
92	251
136	251
189	251
210	251
194	252
86	253
92	253
143	253
179	253
241	253
37	255
44	255
82	255
86	255
177	255
182	255
186	255
203	255
165	256
207	256
210	256
212	256
223	256
245	256
269	256
160	257
191	258
52	259
201	259
227	259
231	259
234	259
88	260
82	261
207	261
152	262
45	263
80	263
77	264
78	264
143	264
146	264
152	264
209	264
210	264
219	264
40	265
191	265
216	266
226	266
233	266
70	267
191	267
194	267
229	268
47	269
62	269
92	269
153	269
196	269
42	270
70	270
85	270
87	270
204	270
237	270
253	270
66	271
214	272
221	272
248	272
259	272
204	273
218	274
209	276
66	278
160	278
185	278
236	278
239	278
39	279
158	279
209	279
267	279
244	280
186	281
190	281
64	282
162	282
144	283
150	283
212	283
216	283
79	284
197	284
217	284
76	285
158	285
192	285
65	286
199	286
249	286
156	288
157	288
240	289
69	291
144	292
267	293
265	295
63	301
65	301
75	302
173	302
58	303
73	303
260	304
42	306
163	307
175	307
73	308
156	308
175	308
211	308
70	309
148	309
163	312
167	312
77	313
177	313
241	313
156	314
205	314
219	314
72	315
75	315
156	315
148	316
69	317
144	317
260	317
167	318
222	319
226	319
235	319
156	321
123	322
130	323
144	323
227	323
44	325
65	326
80	326
109	326
202	326
123	328
197	328
129	329
71	332
199	332
236	333
234	334
242	335
118	336
164	336
198	337
229	337
199	339
108	340
231	340
46	342
118	342
166	342
230	344
108	346
153	346
233	346
176	349
66	350
171	350
80	351
84	351
95	351
99	351
111	351
168	351
223	351
233	351
52	352
54	352
185	352
200	352
212	352
219	352
224	352
230	352
