601
123	43
135	46
94	47
165	52
171	53
178	54
196	57
81	59
124	67
74	71
97	71
186	72
124	74
157	74
135	76
194	77
171	78
197	78
67	80
102	80
137	80
102	86
193	86
99	87
161	87
199	87
137	89
176	89
123	90
161	93
178	94
192	94
112	97
166	97
191	97
172	99
177	99
55	100
101	100
142	101
151	101
122	102
193	102
73	103
94	103
160	103
122	104
212	107
76	108
131	110
211	110
125	111
212	111
190	112
198	112
184	113
199	114
48	117
172	119
213	122
227	124
67	125
197	125
61	126
184	126
208	126
226	126
170	129
174	129
75	132
71	133
44	134
221	135
230	135
168	136
76	140
152	140
71	141
82	141
47	143
155	143
171	143
57	146
151	146
55	147
61	148
65	148
168	149
178	150
72	151
189	151
183	153
226	153
77	154
81	154
42	155
87	155
96	155
102	155
151	156
174	156
61	158
235	158
248	159
77	160
102	161
167	161
193	161
200	161
35	162
69	162
107	162
208	162
214	162
68	164
62	165
64	165
192	165
56	166
170	166
177	166
101	167
95	168
173	168
104	169
106	169
29	170
41	170
96	170
216	170
243	170
72	172
104	173
110	173
208	173
208	175
30	176
40	176
78	176
85	176
38	177
210	177
220	177
65	178
73	178
78	178
219	178
58	179
85	180
194	180
243	180
58	181
196	181
50	182
162	182
189	182
229	182
107	183
170	183
235	183
220	184
233	184
213	185
74	186
79	186
203	186
210	186
257	186
159	187
92	188
44	189
86	189
90	189
98	189
100	189
225	189
59	190
66	190
71	190
105	190
190	191
159	192
197	192
202	192
225	192
60	193
261	194
43	195
52	195
232	195
48	196
237	196
141	197
224	198
73	199
78	199
79	199
84	199
155	199
105	200
201	200
43	201
59	201
72	201
110	201
167	201
174	201
197	201
48	202
203	202
223	202
229	202
38	203
146	203
192	203
86	205
97	205
102	205
236	205
67	206
240	207
253	208
197	209
209	209
213	209
220	209
234	209
261	209
79	210
154	210
95	211
97	211
102	211
110	211
117	211
202	211
208	211
209	211
252	211
76	213
69	214
95	215
213	215
252	215
257	215
46	216
101	216
162	216
168	216
220	216
33	217
223	217
40	218
45	218
78	218
83	218
265	218
192	219
196	219
40	220
108	220
115	220
168	220
174	220
33	221
95	221
101	221
223	221
199	222
53	223
141	223
206	223
47	224
49	224
78	224
83	224
95	224
42	225
148	225
104	226
105	226
216	226
71	227
75	227
114	227
139	227
159	227
221	227
231	227
57	228
147	228
199	228
85	229
93	229
205	229
97	231
114	231
121	231
192	231
130	232
133	232
197	232
205	233
214	233
211	234
219	234
57	235
85	235
95	236
198	236
204	236
182	237
235	237
189	238
139	239
146	239
153	239
244	239
44	240
149	240
60	241
66	241
72	241
73	241
173	241
66	242
95	242
179	242
189	242
219	242
225	242
85	243
130	243
139	243
195	243
204	243
209	243
250	244
170	245
254	245
81	246
37	247
141	247
151	247
203	247
92	248
95	248
188	248
208	248
218	248
237	248
239	248
46	249
193	249
222	249
224	249
145	250
175	250
179	250
202	250
184	251
207	251
208	251
228	251
230	251
237	251
81	252
121	252
214	252
76	253
92	253
115	253
130	253
99	254
121	254
143	254
166	254
168	254
201	254
82	255
206	255
207	255
41	256
61	256
228	256
57	257
121	257
172	257
212	257
214	257
115	258
217	258
232	258
89	259
92	259
242	259
261	259
77	260
82	260
172	260
183	260
199	260
204	260
206	260
138	261
143	261
211	261
105	262
179	262
187	262
72	263
99	263
204	263
248	263
187	264
224	264
38	265
89	265
96	265
98	265
209	265
211	265
87	266
170	266
214	266
228	266
238	266
52	267
67	267
193	267
195	267
256	267
117	269
88	270
136	270
175	270
177	270
203	270
205	270
152	271
111	272
142	272
182	272
214	272
235	274
243	274
210	275
237	275
46	276
94	276
254	276
261	276
90	277
40	278
46	278
81	279
153	279
181	279
203	279
191	280
230	280
184	281
210	281
222	281
47	282
70	282
142	282
192	282
251	282
41	283
212	283
215	283
221	283
58	284
62	284
196	284
217	284
255	284
67	285
70	285
225	285
92	286
99	286
234	286
94	287
246	287
254	288
127	289
179	289
210	289
153	290
169	290
192	290
200	292
67	293
78	293
174	293
183	294
242	294
45	295
249	295
257	296
126	297
153	297
182	297
64	298
157	298
168	298
183	299
65	300
157	300
161	300
77	301
144	301
119	305
252	305
52	306
163	306
167	306
176	306
188	306
77	307
183	307
46	308
72	308
157	308
162	308
144	309
117	310
156	310
182	310
72	311
73	311
168	311
163	313
156	314
184	314
215	314
72	315
78	315
67	316
175	316
252	316
82	318
250	318
158	322
177	322
208	322
66	325
73	325
177	325
165	326
236	326
49	327
158	328
246	328
171	329
70	330
187	330
147	331
149	331
207	332
81	334
157	334
161	334
188	334
240	334
64	335
147	337
156	337
199	337
82	338
130	338
133	338
171	338
174	338
80	339
201	340
119	341
122	341
175	341
74	344
79	346
92	346
164	346
125	349
133	350
72	352
86	352
111	352
115	352
165	352
167	352
174	352
187	352
190	352
191	352
199	352
201	352
212	352
223	352
