606
89	7
105	8
215	8
227	8
142	9
150	9
151	9
238	9
241	10
131	11
166	12
222	12
233	14
111	15
186	15
248	15
208	16
134	18
141	18
150	18
156	18
89	19
157	19
164	19
197	19
117	20
227	20
240	20
130	21
83	22
256	23
124	24
152	25
154	25
134	27
166	27
168	27
175	27
177	28
182	30
259	30
151	32
158	32
159	32
245	32
98	33
258	33
78	34
248	40
71	43
201	43
103	44
165	46
79	47
110	47
176	49
99	50
153	52
210	52
109	53
158	53
221	53
87	54
188	55
79	56
181	59
224	59
87	61
71	62
78	62
64	63
214	63
79	65
85	65
87	68
92	68
117	75
237	76
150	77
247	78
86	81
92	81
70	82
146	83
221	83
116	84
213	84
100	85
93	86
108	86
89	87
197	88
100	90
132	90
232	90
239	90
139	91
72	92
275	92
72	93
165	93
87	94
114	94
200	94
240	96
104	99
200	99
202	99
166	100
197	101
209	102
217	102
80	103
147	103
66	104
68	104
172	104
95	105
245	105
218	106
224	106
278	106
95	108
100	108
145	108
236	108
219	109
88	110
202	110
209	110
225	110
102	111
108	111
155	111
179	111
116	112
78	113
123	113
254	113
123	115
226	115
238	115
244	116
234	117
254	117
142	118
173	120
264	120
116	121
108	122
120	122
152	122
244	122
249	122
271	122
102	123
257	123
262	123
281	123
110	124
63	125
135	125
249	125
251	125
290	125
120	126
129	126
186	126
62	127
69	127
126	127
133	127
155	127
195	127
196	127
204	127
212	127
216	127
243	127
52	128
117	128
88	130
94	130
179	131
184	131
287	131
142	132
147	132
279	132
287	132
80	133
95	133
196	134
102	135
155	135
168	135
252	135
270	135
53	136
260	136
275	136
162	137
219	137
223	137
167	138
175	138
177	138
211	138
252	138
69	139
83	139
127	139
133	139
183	139
118	140
242	140
254	140
62	141
70	141
111	141
167	141
82	142
140	142
173	142
288	142
76	143
102	143
110	143
146	143
155	143
163	143
166	143
211	143
135	144
136	144
183	144
189	145
193	145
217	145
92	147
100	147
118	147
127	147
155	147
174	147
180	147
217	147
252	147
111	148
147	148
195	148
224	148
225	148
232	148
240	148
233	149
251	149
120	150
127	150
199	150
72	151
52	152
174	152
179	152
189	152
168	153
174	153
217	154
232	154
110	155
137	155
138	155
210	155
80	156
92	156
104	156
213	156
222	156
85	157
160	157
237	157
79	158
166	158
132	159
249	159
56	160
80	160
85	160
174	160
213	160
242	160
249	160
278	160
222	161
254	161
103	162
145	162
155	162
220	162
226	162
272	162
290	162
196	163
97	164
179	164
73	165
155	165
157	165
227	166
272	166
199	167
213	167
236	167
274	167
66	168
72	168
218	168
232	168
239	168
241	168
164	169
174	169
243	169
150	171
225	171
244	171
160	172
191	172
208	172
218	172
50	173
58	173
186	173
229	173
250	173
252	173
281	173
97	174
90	175
126	175
141	175
265	175
131	176
200	176
272	176
160	177
244	177
279	177
283	177
290	177
84	178
90	178
208	178
238	178
250	178
269	178
205	179
242	179
142	180
174	180
212	180
269	180
69	181
120	181
131	181
242	181
277	181
62	182
196	182
290	182
44	184
262	184
167	185
170	185
133	186
254	186
61	187
72	187
114	187
138	187
197	187
261	187
150	188
180	188
280	188
127	189
240	189
47	190
149	191
229	191
127	192
142	192
114	193
235	193
271	193
252	194
263	194
110	195
267	195
285	195
122	196
129	196
181	196
235	196
259	196
285	196
277	197
125	199
241	199
60	200
138	200
43	201
45	201
282	201
195	202
259	202
282	202
51	203
53	203
125	203
52	204
263	205
267	205
205	206
255	207
280	207
116	208
197	208
121	210
172	210
65	211
258	211
62	212
64	212
112	212
237	212
55	213
243	213
277	213
138	214
206	214
238	215
92	216
112	216
121	216
82	217
172	217
248	218
258	218
88	219
107	219
258	219
76	220
116	220
118	220
248	220
70	222
223	222
237	222
258	222
107	223
266	224
154	225
261	225
277	225
100	226
114	226
224	226
214	227
84	228
100	228
136	229
240	229
185	230
97	231
178	231
134	232
207	232
261	232
153	233
216	233
239	233
254	233
266	234
198	235
57	236
185	236
191	236
216	236
232	236
173	238
174	238
180	238
184	238
208	238
140	239
260	239
68	241
199	241
239	241
269	241
90	242
102	242
218	242
223	242
199	243
87	244
139	244
164	244
181	244
167	245
239	245
243	245
100	246
192	246
194	246
266	247
108	248
75	249
76	249
184	249
181	250
183	250
201	250
246	250
248	250
89	251
153	251
168	251
106	252
173	252
235	252
87	254
173	254
189	254
184	255
189	255
71	256
76	257
122	257
237	257
74	258
153	258
209	258
199	259
87	260
171	261
189	261
199	261
219	261
120	262
209	262
212	262
85	263
105	264
85	266
207	266
69	267
200	267
110	268
220	268
162	270
181	271
213	271
251	272
73	273
208	273
93	274
245	276
158	278
162	278
113	284
203	285
190	286
199	286
99	287
158	287
77	288
103	288
122	290
233	290
213	291
231	291
99	292
199	292
205	292
98	293
113	294
92	295
182	298
220	298
213	299
182	302
87	303
225	303
199	304
174	305
186	305
222	305
199	308
152	309
207	310
186	311
174	313
191	320
157	336
