732
147	7
163	10
172	11
72	12
119	13
190	16
148	20
63	23
134	23
135	23
54	24
180	24
53	25
170	25
179	26
190	26
196	27
153	32
48	37
152	39
187	40
86	41
72	43
156	43
119	44
130	44
200	44
141	45
163	45
207	45
129	47
149	47
166	47
191	47
39	48
175	48
86	50
162	50
73	51
84	51
108	51
131	53
113	54
175	54
155	55
191	56
207	56
123	57
35	58
83	58
130	58
174	58
108	59
214	59
77	61
105	61
148	61
86	62
133	62
167	62
68	63
48	65
157	65
77	67
116	67
123	67
143	67
144	67
39	68
68	68
76	68
108	68
123	68
157	68
194	68
31	69
132	69
33	70
152	71
33	72
191	72
107	74
76	75
86	75
121	76
27	78
70	78
123	80
169	80
204	81
38	82
86	83
94	83
143	83
37	84
116	84
198	84
200	84
65	85
123	85
163	85
117	86
73	87
145	87
40	88
163	88
196	88
228	88
179	89
94	91
139	91
201	91
29	92
117	92
130	92
142	92
87	93
114	93
175	93
37	94
68	94
157	94
225	96
20	97
144	97
226	97
48	98
70	98
201	98
20	99
88	99
217	99
165	100
216	100
193	101
154	102
205	102
139	104
141	104
170	104
107	105
157	105
20	106
112	106
221	107
77	108
135	110
171	111
27	112
112	113
80	114
163	114
221	115
231	116
145	117
156	117
211	117
221	117
230	117
128	118
92	121
113	122
103	123
121	123
148	124
27	126
23	127
44	127
158	127
51	128
145	128
210	129
219	129
103	130
108	131
113	131
179	131
185	131
189	131
28	133
35	133
37	134
41	134
209	137
219	137
229	137
81	138
181	138
183	138
190	138
219	139
87	140
108	140
51	141
57	141
108	141
120	141
182	143
237	144
36	146
111	151
38	152
49	152
66	152
217	152
72	153
175	153
223	153
56	154
157	154
49	155
53	156
152	156
189	158
46	160
48	160
53	160
72	161
62	162
77	162
225	162
228	162
61	165
67	166
183	167
198	168
203	168
97	169
160	169
155	170
177	171
183	171
44	172
145	172
43	173
51	173
57	173
203	173
36	174
178	174
209	174
119	176
198	176
237	177
43	179
50	179
93	179
157	179
162	179
187	179
198	179
219	179
51	180
57	180
66	180
70	180
224	180
178	181
201	181
243	181
245	181
100	182
125	182
207	183
208	183
36	184
43	184
72	184
211	184
148	186
214	186
51	187
63	187
140	187
199	188
43	189
49	189
84	190
229	190
35	192
37	192
140	192
42	193
52	193
57	193
126	194
132	194
57	195
63	195
65	195
69	195
199	195
143	196
150	196
75	197
77	197
214	197
218	197
66	199
75	199
81	199
102	199
197	199
199	199
221	199
37	200
38	200
42	200
44	200
50	200
124	200
131	200
227	200
164	201
171	201
187	201
51	203
57	203
102	203
227	203
142	204
89	205
243	205
31	206
37	206
102	206
115	206
106	207
148	207
151	207
157	207
164	207
170	207
171	207
177	207
221	207
225	207
38	209
81	209
83	209
74	210
38	211
58	211
66	211
83	211
130	211
203	211
32	212
157	212
163	212
170	212
177	212
185	212
190	212
194	212
209	212
246	212
51	213
58	213
66	213
72	213
93	213
245	214
40	215
50	215
102	215
110	215
209	216
110	217
217	217
225	217
229	217
147	218
202	218
75	219
83	219
207	219
102	220
110	220
128	220
163	220
167	220
169	220
183	220
93	221
105	221
156	221
173	221
187	221
190	221
194	221
40	222
133	222
161	222
194	222
199	222
217	222
218	222
34	223
75	223
120	223
123	223
199	223
217	223
68	224
205	224
115	225
227	225
229	225
58	226
85	226
133	226
154	226
235	226
41	227
50	227
146	227
160	227
235	227
35	228
150	228
142	229
167	229
194	229
226	229
115	230
150	230
174	230
187	230
50	231
68	231
105	231
172	231
61	232
77	232
122	232
160	232
183	232
70	233
102	233
202	233
45	234
85	234
142	234
157	234
160	234
183	234
202	234
80	235
244	235
38	236
45	236
145	236
92	237
102	237
122	237
125	237
226	237
229	237
46	238
53	238
189	238
70	239
167	239
170	239
145	240
174	240
62	241
107	241
202	241
223	241
118	242
121	242
139	242
144	242
153	242
183	242
207	242
213	242
217	242
46	243
53	243
189	243
39	244
62	244
80	244
97	244
131	244
136	244
187	244
48	245
56	245
74	245
144	246
174	246
192	247
207	247
235	247
196	248
235	248
150	249
153	249
210	249
123	250
178	250
180	250
104	251
107	251
118	251
139	251
157	251
224	251
65	252
74	252
115	252
170	252
182	252
185	252
196	252
200	252
217	252
222	252
71	253
89	253
188	253
39	254
174	254
205	254
232	254
62	255
137	256
222	256
237	256
238	256
174	257
189	257
196	257
227	257
71	258
43	259
180	259
182	259
96	260
101	260
174	260
215	260
38	261
87	261
115	261
123	261
140	261
179	261
187	261
217	261
111	262
46	263
53	263
62	263
67	263
198	263
88	264
96	264
46	265
58	266
75	267
217	267
220	267
40	268
67	269
88	269
96	269
123	269
72	270
204	270
40	271
113	271
142	271
52	272
85	272
107	272
151	273
72	274
60	275
160	276
57	278
60	278
87	278
203	278
60	279
91	279
70	280
71	280
94	280
221	280
232	280
78	281
107	281
76	282
85	282
194	282
152	283
206	283
85	285
90	285
93	285
172	286
60	287
71	287
74	287
56	288
44	289
85	289
67	290
174	290
77	291
136	291
154	291
91	292
229	292
77	293
130	293
164	293
125	294
172	295
187	295
74	296
98	296
137	296
155	296
226	296
164	297
51	298
187	298
174	299
180	299
46	300
62	300
83	300
192	300
82	302
146	302
187	302
225	302
99	303
112	303
60	304
189	305
128	307
147	307
189	307
220	307
49	308
88	309
218	309
98	310
128	310
131	311
194	311
198	311
62	312
111	312
121	312
147	312
172	313
45	314
55	314
62	314
200	314
88	315
137	316
147	316
166	316
133	317
211	317
54	318
97	319
121	319
126	319
138	320
157	321
133	322
157	323
126	324
129	324
70	325
96	326
122	326
158	327
122	328
51	329
131	329
201	329
70	331
156	331
45	334
89	334
195	334
93	335
58	336
143	336
156	336
194	336
199	338
152	340
49	341
88	341
93	342
144	342
140	343
164	344
180	344
122	345
128	345
54	346
153	346
190	346
190	347
174	348
52	349
85	350
149	350
79	351
91	351
139	351
143	351
147	351
171	351
65	352
105	352
110	352
133	352
160	352
