679
133	11
140	11
124	13
125	13
98	19
154	28
65	30
104	31
177	33
121	34
163	35
104	38
88	39
98	39
140	39
142	39
148	40
120	41
122	41
47	44
182	45
136	50
171	50
146	52
135	55
36	56
190	56
135	57
170	57
172	57
146	58
116	60
101	61
149	61
155	61
67	64
133	64
170	66
192	66
114	67
169	67
34	68
143	69
155	71
68	72
169	74
183	74
107	75
46	77
55	77
33	78
162	78
138	79
167	79
118	80
149	80
104	81
124	81
72	83
138	84
148	84
82	85
72	87
24	88
36	88
177	88
105	89
117	89
138	89
117	91
126	91
151	91
146	93
182	93
36	94
159	94
206	94
34	95
26	96
92	96
74	97
100	97
102	97
195	97
68	98
80	98
110	98
117	98
185	98
174	99
62	100
126	100
36	101
146	101
46	102
171	102
181	102
195	102
68	103
33	104
136	104
80	105
92	105
157	105
22	106
88	106
100	106
110	106
98	107
182	107
36	109
123	109
212	109
111	110
171	110
195	111
133	113
88	114
124	114
136	114
168	114
64	115
95	115
98	115
110	117
136	118
196	119
67	120
110	120
150	120
209	120
94	121
100	121
215	121
114	122
186	122
86	123
126	123
199	123
133	124
147	124
173	124
164	127
101	129
151	129
46	130
109	130
142	131
102	132
124	132
164	132
142	133
131	135
156	135
213	135
102	137
202	137
102	138
116	139
150	141
95	145
102	146
107	147
172	147
97	148
130	148
142	148
40	149
47	150
139	151
152	151
26	153
31	153
174	153
39	156
96	156
107	156
104	157
203	157
26	158
116	159
121	159
212	159
213	160
226	162
38	164
220	165
28	168
31	168
237	168
40	169
212	169
228	169
234	169
192	174
45	175
199	175
231	175
232	175
52	179
113	179
225	180
41	181
178	181
208	182
214	182
41	184
66	186
113	186
223	186
230	187
169	188
237	188
63	189
162	189
115	190
198	190
204	191
154	192
182	192
198	192
147	193
171	193
39	194
141	195
147	195
156	195
162	195
71	197
114	197
138	197
172	197
46	198
53	198
90	198
233	199
114	201
182	201
202	202
209	202
52	204
61	204
63	204
191	204
200	204
87	205
151	206
156	206
240	206
182	207
191	207
95	208
200	208
119	209
232	209
47	210
67	210
69	210
207	210
209	210
157	211
164	211
53	213
72	213
58	214
207	214
194	215
196	215
38	216
45	216
79	216
84	216
153	217
155	217
47	218
52	218
215	218
65	219
33	220
52	220
58	220
60	220
94	220
134	220
70	221
72	221
126	221
173	221
120	222
179	222
33	223
76	223
157	223
189	223
98	224
153	224
197	224
60	225
69	225
158	225
215	225
218	225
119	226
125	226
47	227
52	227
69	227
98	227
179	227
75	228
111	228
117	228
108	229
197	229
204	229
60	230
91	230
179	230
68	231
136	231
144	231
151	231
96	232
142	232
40	233
68	234
75	234
77	234
96	234
102	235
108	235
52	236
60	236
151	236
157	236
158	236
159	236
117	237
204	237
210	237
219	237
46	238
50	238
90	238
96	238
211	238
224	238
109	239
113	239
123	239
179	240
188	240
194	240
195	240
201	240
214	240
35	241
44	241
62	242
66	242
133	242
163	242
182	243
186	243
194	243
77	244
79	244
104	244
105	244
135	244
200	244
214	244
70	245
97	245
210	245
79	246
120	246
123	246
140	246
142	246
36	247
44	247
97	247
150	247
163	247
169	247
88	248
105	248
147	248
220	248
155	249
156	249
100	250
118	250
127	250
130	250
194	250
46	251
53	251
140	251
169	251
175	251
178	251
79	252
109	252
185	252
172	253
174	253
194	253
145	255
146	255
193	255
109	257
186	257
219	257
62	258
71	258
100	258
150	258
155	258
202	258
57	259
92	259
108	259
177	259
215	259
64	260
75	260
167	260
97	261
115	261
117	261
121	261
182	261
75	262
85	262
137	262
139	262
64	263
86	263
97	263
158	263
166	263
195	263
206	263
182	264
97	265
192	265
200	265
211	265
58	266
135	266
192	267
200	267
40	268
47	268
90	268
167	268
197	268
204	268
105	270
108	270
126	270
147	270
197	270
211	270
172	271
176	271
177	271
40	272
82	273
139	273
147	273
202	273
204	273
38	274
101	274
105	274
150	274
177	274
67	275
70	275
208	275
42	276
144	276
60	277
110	277
164	277
197	277
65	278
97	278
182	278
191	278
192	278
195	278
208	279
56	280
167	280
171	280
83	281
173	281
176	281
197	281
211	281
72	282
142	282
160	282
181	283
203	283
65	284
89	284
95	284
164	284
69	285
144	285
47	286
95	286
41	287
81	287
110	287
203	287
56	288
191	288
194	288
207	288
211	288
82	289
89	289
49	290
52	290
60	290
142	291
197	291
91	292
43	294
60	294
69	294
82	296
91	296
65	297
67	297
78	297
144	297
157	297
185	297
207	297
214	297
155	298
197	298
160	300
199	300
43	301
55	301
56	301
189	302
53	304
62	304
64	304
85	305
148	305
70	306
72	306
114	306
96	307
105	307
53	310
78	310
84	310
165	310
62	311
69	311
198	311
45	312
48	312
114	312
61	313
93	313
95	313
113	313
167	313
183	313
78	314
98	314
106	314
108	314
204	314
133	315
69	316
129	317
157	317
113	319
123	319
134	319
67	320
91	320
93	320
98	320
108	320
129	320
157	320
174	320
185	320
55	323
78	323
123	323
125	323
184	323
84	326
140	326
53	327
87	327
90	327
90	328
106	328
44	329
126	329
173	329
184	329
141	330
201	330
122	331
187	332
191	332
81	333
83	333
86	334
89	334
165	334
194	334
141	335
89	336
114	336
47	337
94	337
105	337
121	337
80	338
111	338
47	340
142	340
55	341
155	341
205	341
89	342
93	342
94	342
111	342
135	342
141	342
152	343
202	345
123	346
130	346
141	346
146	346
161	346
79	348
141	348
194	348
198	348
62	349
90	351
93	351
101	351
114	351
130	351
153	351
59	352
70	352
74	352
79	352
106	352
123	352
144	352
147	352
152	352
162	352
163	352
166	352
