787
164	10
190	13
140	14
77	18
166	21
164	30
205	30
79	34
125	36
173	36
200	38
174	40
149	43
181	46
190	46
211	46
70	47
199	47
113	51
137	53
152	53
181	54
112	55
187	55
87	56
146	56
155	56
195	56
128	58
137	58
145	59
180	59
145	60
149	60
55	61
155	61
194	63
203	65
87	66
194	67
144	68
135	69
145	69
161	70
189	70
179	72
50	73
133	73
160	73
190	74
179	77
94	78
114	78
158	78
195	78
212	78
137	79
118	80
139	80
219	80
223	80
149	83
45	84
159	84
91	85
114	85
128	85
135	85
163	86
167	86
152	87
225	87
84	88
114	88
158	88
172	89
79	90
161	90
56	91
65	91
75	91
94	91
161	93
214	93
229	93
50	94
85	94
114	94
128	94
149	94
119	95
129	95
232	95
75	97
78	97
83	97
138	97
157	97
43	98
65	98
208	98
186	100
113	101
34	102
84	102
119	102
93	103
122	104
129	104
172	104
209	104
137	105
68	106
80	106
231	106
48	107
193	107
203	107
47	109
82	109
148	110
168	110
93	111
193	111
122	112
203	112
101	113
50	114
182	114
124	115
135	115
192	115
194	117
38	118
136	118
144	118
101	119
46	120
164	120
178	120
220	120
223	120
162	121
77	122
207	122
88	124
122	124
162	124
77	125
196	125
217	125
210	126
122	127
185	128
159	129
224	129
97	130
137	130
88	131
55	134
145	134
115	135
60	136
120	136
122	136
128	136
37	137
107	137
31	138
99	138
137	138
212	138
224	138
141	140
182	141
56	143
109	143
120	143
162	146
245	146
182	147
107	150
35	151
111	152
121	153
129	153
154	153
164	156
184	156
193	156
53	157
152	157
61	158
250	158
223	159
213	160
111	161
121	161
223	161
45	164
53	164
232	164
248	168
187	169
118	170
60	171
68	171
46	173
52	173
116	173
246	173
212	174
54	175
219	175
189	177
227	181
233	181
32	182
76	182
119	183
66	185
80	185
193	185
219	185
47	186
53	186
203	187
209	187
64	188
164	188
244	188
158	189
32	190
33	191
72	192
173	193
121	194
166	194
189	194
39	195
45	195
71	195
77	195
119	195
130	195
209	196
214	196
182	197
239	197
160	198
166	198
227	198
54	201
46	202
53	202
120	202
151	202
168	202
174	202
104	203
229	203
76	205
82	205
184	205
194	205
235	205
193	206
68	207
75	207
212	207
214	207
215	207
245	207
256	207
126	208
54	209
60	209
200	209
202	209
75	210
61	211
80	211
255	211
73	212
101	212
163	212
168	212
229	212
234	213
109	214
193	214
200	214
80	215
132	215
245	215
46	216
52	216
85	216
73	217
80	217
109	217
207	217
53	218
58	218
219	218
222	218
67	219
117	219
207	219
225	219
232	219
72	220
201	220
87	221
165	221
167	221
241	221
252	221
58	222
92	222
98	222
177	222
184	222
232	222
252	222
53	223
137	223
238	223
67	224
34	225
184	225
201	225
35	226
98	226
191	226
211	226
217	226
72	227
74	227
107	227
209	227
67	228
191	228
194	228
74	229
86	229
90	229
151	229
156	229
226	229
231	229
157	230
165	230
170	230
83	231
163	231
170	231
177	231
110	232
115	232
122	232
133	232
138	232
67	233
47	234
60	234
177	234
209	234
245	234
74	235
187	235
237	235
67	236
83	236
89	236
170	236
177	236
243	236
148	237
207	237
231	237
98	238
101	238
110	238
197	238
199	238
35	239
155	239
189	239
110	241
130	241
40	242
47	242
89	242
91	242
117	242
122	242
136	242
155	242
169	242
177	242
181	242
207	242
83	243
222	243
227	243
61	244
67	244
169	245
222	245
40	246
75	246
102	246
110	246
122	246
232	246
239	246
169	247
212	247
91	248
182	248
183	248
68	249
75	249
101	249
110	249
122	249
187	249
189	249
49	250
117	250
119	250
145	250
218	250
226	250
43	251
76	251
91	251
122	251
136	251
192	251
194	251
36	252
43	252
133	252
140	252
153	252
155	252
169	252
181	252
56	253
110	253
160	253
162	253
50	254
167	254
198	254
201	254
218	254
101	255
102	255
112	255
122	255
202	255
76	256
167	256
127	257
232	257
50	258
68	258
92	258
202	258
205	258
38	259
43	259
45	259
60	259
184	259
232	259
214	260
222	260
227	260
235	260
127	262
153	262
159	262
214	262
218	262
68	263
92	263
112	263
120	263
162	263
53	264
68	264
76	264
87	264
104	264
184	264
187	264
241	264
121	265
130	265
152	265
162	265
241	265
39	266
45	266
109	266
172	266
182	266
218	266
68	267
170	267
95	268
187	268
192	268
61	269
77	269
87	269
96	269
99	269
130	269
170	270
230	270
70	271
87	271
109	271
179	271
192	271
152	272
227	272
80	273
89	273
114	274
120	274
146	274
149	274
179	274
55	275
61	275
70	275
184	275
64	276
158	276
212	276
216	276
245	276
42	277
47	277
138	277
152	277
219	277
228	277
100	278
104	278
232	278
89	279
152	279
164	279
166	279
202	280
80	281
82	281
96	281
157	281
184	281
219	281
55	282
176	282
224	282
51	283
73	283
79	283
187	283
192	283
202	283
42	284
130	284
172	284
180	284
194	284
96	285
240	285
172	286
224	287
227	287
178	288
45	289
51	289
47	290
142	290
204	290
216	290
227	290
41	291
87	291
220	291
130	292
194	292
212	292
82	293
94	293
104	293
113	293
200	293
54	295
57	295
61	295
142	295
47	296
49	296
96	296
227	296
66	297
102	297
104	297
43	298
219	298
74	300
81	301
57	302
80	302
81	302
191	302
197	302
209	302
50	303
80	303
81	303
148	303
193	303
45	304
54	304
93	304
108	304
169	304
67	305
113	305
203	305
172	306
212	306
149	307
239	307
62	308
67	308
67	309
95	309
45	310
57	310
77	310
129	311
148	311
85	312
101	312
180	312
212	312
93	313
108	313
113	313
116	313
231	313
219	314
95	316
150	316
177	316
182	316
50	317
67	317
100	317
130	317
46	318
60	318
175	318
180	318
226	318
77	319
80	319
108	319
111	320
116	320
122	320
148	320
194	320
76	321
94	321
177	321
180	321
83	322
87	322
170	322
99	323
149	324
183	324
55	325
60	325
62	325
134	325
170	325
197	325
46	326
106	326
123	326
54	327
81	327
88	327
119	327
123	327
140	329
91	330
197	330
87	331
154	331
230	331
89	332
187	332
230	332
124	333
202	333
207	333
101	334
104	334
110	334
119	334
120	334
142	334
146	334
214	334
155	335
175	335
209	335
48	337
57	337
172	337
222	338
55	339
147	339
177	339
100	340
104	340
70	341
84	341
96	341
128	341
148	341
152	341
154	341
120	343
128	343
62	344
96	344
156	344
69	345
61	346
83	346
152	346
156	346
167	346
149	347
211	347
100	348
202	348
130	349
166	349
104	350
120	350
133	350
136	350
61	351
113	351
144	351
145	351
156	351
158	351
166	351
174	351
197	351
53	352
64	352
74	352
75	352
79	352
89	352
100	352
155	352
184	352
185	352
