568
161	7
174	7
204	7
146	8
132	9
182	9
253	10
126	12
127	12
167	13
284	13
275	15
191	16
131	17
136	19
162	19
192	20
292	20
305	21
127	22
136	23
238	24
273	24
189	25
276	25
264	27
287	27
124	30
145	30
298	30
308	30
134	31
184	31
219	31
235	31
301	32
287	33
142	35
249	36
254	36
220	39
255	40
274	40
107	41
249	41
298	43
249	45
292	45
297	45
111	46
255	46
279	46
292	46
225	47
233	47
302	47
193	48
102	50
242	50
249	50
109	51
202	51
264	51
253	52
268	52
166	53
242	54
188	55
126	56
221	56
300	56
133	57
268	58
276	58
195	59
262	59
199	61
202	61
190	62
102	63
108	63
205	63
236	65
279	68
189	69
301	69
270	70
242	71
270	71
191	72
193	72
226	72
204	73
195	74
242	74
249	74
200	75
135	76
261	76
249	77
205	78
213	78
219	78
256	78
162	79
240	79
242	79
144	80
152	80
224	80
226	80
232	81
247	81
110	83
144	83
103	84
136	84
206	84
275	84
306	84
256	85
306	85
152	86
172	86
189	86
201	86
232	86
279	86
128	87
145	87
196	87
223	87
262	87
292	87
162	88
171	88
212	89
229	89
179	90
219	90
245	90
262	90
105	91
237	91
240	91
241	91
252	91
179	92
201	92
268	92
193	93
122	94
285	94
206	95
268	95
219	97
252	97
114	98
122	98
259	98
224	99
188	101
194	101
268	101
165	102
215	102
243	102
169	103
185	103
248	103
271	103
160	104
234	104
204	105
175	106
241	106
116	107
174	107
194	107
269	107
271	107
109	108
309	108
149	109
190	109
277	109
120	110
133	110
257	110
205	111
207	111
260	111
262	111
128	112
203	112
213	112
241	112
298	112
142	113
162	113
218	113
244	113
129	114
156	114
277	114
306	114
114	115
118	115
288	115
114	116
217	116
227	116
282	116
289	116
180	117
189	117
269	117
93	118
136	118
142	118
233	118
244	118
260	118
272	118
118	120
130	120
225	120
309	120
163	121
169	121
189	121
233	121
289	121
90	122
207	122
111	123
147	123
156	123
162	123
298	123
309	123
110	124
180	124
281	124
194	125
221	125
274	125
283	125
168	126
207	126
100	127
257	127
123	128
202	128
267	128
202	130
299	130
194	131
262	131
117	132
274	132
305	132
169	133
259	133
291	133
164	135
188	135
157	136
210	136
212	136
285	136
204	137
210	137
239	138
140	139
148	139
156	139
164	139
229	139
232	139
285	139
108	140
121	140
132	140
201	140
214	140
305	140
115	141
172	142
233	142
247	142
131	143
161	143
271	143
310	143
211	144
252	144
285	144
294	144
122	145
262	146
295	146
93	148
114	148
122	148
201	148
209	148
160	149
151	151
139	152
167	152
175	152
187	152
200	152
251	152
299	152
222	153
268	153
117	154
210	154
217	154
254	154
152	155
246	155
308	155
272	156
236	157
144	158
254	158
267	158
201	159
205	159
209	159
269	160
294	160
176	161
222	161
281	161
291	161
308	161
187	162
218	162
225	162
287	162
134	163
164	165
210	165
217	165
304	165
132	167
205	167
210	167
278	167
170	168
174	168
218	168
279	168
285	168
289	168
147	170
194	170
246	170
263	170
98	171
185	171
187	171
250	172
210	173
132	174
241	174
107	175
124	175
141	175
112	176
176	176
256	176
195	177
205	177
290	177
235	178
284	178
294	178
130	179
187	179
220	179
277	180
144	181
244	181
251	181
96	182
206	182
227	182
98	187
218	187
227	187
238	187
258	187
198	188
251	188
282	188
269	189
284	189
218	191
224	191
276	191
284	191
230	192
232	192
259	192
270	192
198	193
199	193
214	193
136	194
135	195
153	195
180	195
103	196
278	198
214	199
236	199
253	199
297	199
107	201
159	201
171	201
201	201
208	201
269	201
123	202
180	202
286	204
164	205
218	206
221	206
262	206
295	206
171	207
208	207
211	208
237	208
154	209
181	210
269	210
296	210
203	211
232	211
262	211
295	211
223	212
218	214
223	214
233	214
170	215
288	216
298	216
180	217
187	217
204	217
210	217
195	218
283	218
223	219
295	219
139	220
260	220
218	221
280	222
289	224
137	225
204	225
207	225
275	225
280	225
150	226
123	227
196	227
255	227
224	229
227	229
240	229
281	231
143	232
207	233
209	233
256	233
150	234
276	234
277	234
188	235
209	235
224	235
121	236
158	236
215	236
123	238
168	240
224	240
215	241
247	241
147	242
187	243
191	243
208	243
215	243
119	244
205	244
198	245
152	246
242	246
121	247
236	247
254	247
138	248
265	248
272	248
216	249
177	250
216	250
205	251
210	251
257	251
192	252
198	252
204	252
269	252
147	254
223	255
240	255
154	256
216	256
219	256
265	256
155	257
164	258
210	258
205	259
208	259
227	259
170	260
177	260
178	260
188	260
241	260
196	261
221	261
257	261
212	265
232	265
252	266
203	267
225	267
219	270
225	271
231	271
239	272
206	273
199	274
199	275
219	275
244	278
246	278
219	281
213	283
232	284
220	287
239	288
227	296
