564
220	11
218	12
261	13
229	15
249	15
200	17
197	18
250	19
202	20
211	25
229	25
221	26
270	27
165	32
155	33
175	33
179	33
210	35
231	36
239	36
168	37
263	37
138	38
207	38
255	38
261	39
194	40
178	43
218	45
207	46
259	46
231	47
239	47
253	47
182	48
206	48
144	49
243	49
274	50
192	51
153	55
206	55
223	55
131	56
137	56
238	57
243	57
254	58
248	60
281	60
129	62
190	62
223	62
231	62
276	62
116	63
219	63
165	65
154	66
123	68
247	68
181	70
289	70
149	71
219	71
224	71
129	72
237	72
189	73
237	75
244	75
209	76
268	76
275	76
167	78
295	79
189	80
224	81
189	82
209	82
234	82
234	83
111	84
117	84
164	84
271	84
123	85
163	85
249	86
104	88
243	88
252	88
260	88
293	88
201	90
298	90
159	91
287	91
288	91
109	92
122	92
217	92
224	92
233	92
296	94
204	96
252	97
121	98
247	98
217	101
223	101
278	101
288	101
156	102
162	103
247	103
253	103
179	105
269	106
273	106
96	107
119	107
188	107
194	108
254	108
266	111
287	111
259	112
176	113
266	113
95	114
103	114
274	114
202	116
265	117
169	118
205	118
252	118
221	119
267	119
102	120
297	122
102	124
132	124
110	125
117	125
188	128
193	128
289	128
293	129
269	131
126	132
242	132
300	132
226	133
275	133
300	133
105	134
198	134
261	134
266	134
187	135
192	135
193	137
251	137
132	138
258	138
89	139
127	139
178	139
216	139
275	139
236	140
282	140
120	141
151	141
227	142
259	142
262	142
264	142
234	143
272	143
295	143
294	144
167	146
288	146
121	147
115	148
193	148
234	148
158	149
240	149
152	150
200	151
248	151
272	151
277	151
216	152
240	152
255	152
264	152
268	152
276	152
298	152
123	153
127	153
138	153
223	153
248	153
115	154
152	154
159	154
175	154
205	154
208	154
215	154
233	155
168	156
239	156
248	157
254	157
200	158
205	158
300	158
303	158
191	159
106	160
168	160
184	160
191	160
215	160
223	160
288	160
294	160
131	161
139	161
162	161
192	161
210	161
254	161
273	161
222	162
261	162
131	163
300	163
178	164
184	164
273	164
95	166
125	166
201	166
281	166
300	166
306	166
99	167
239	167
154	168
199	168
244	168
110	169
149	169
253	169
210	170
281	170
164	171
173	171
175	171
192	171
259	171
227	172
287	172
289	172
136	173
158	173
135	174
168	174
194	174
233	174
244	174
248	174
277	174
305	174
93	175
211	175
127	176
130	176
214	176
143	177
259	177
135	178
137	178
196	178
249	178
284	178
145	180
210	180
232	180
191	184
196	184
274	184
223	185
293	185
117	186
210	186
239	186
90	187
112	187
146	187
196	187
199	187
201	187
208	187
212	187
246	187
262	187
273	187
304	187
152	188
243	188
269	188
175	189
158	190
161	190
224	190
277	190
282	190
127	191
131	191
138	191
170	191
234	191
106	192
191	192
102	193
124	193
188	193
251	194
260	195
263	195
234	196
239	196
131	197
201	197
256	197
213	200
218	200
222	200
188	201
276	201
278	201
133	202
177	202
181	202
196	202
231	202
264	202
223	203
239	203
212	204
269	204
166	205
241	205
246	205
254	205
119	206
130	206
259	206
172	207
210	207
249	207
142	208
150	208
158	208
196	208
223	208
130	210
182	210
201	210
125	212
124	214
236	214
154	215
210	215
229	215
258	215
288	215
133	216
298	216
255	217
204	218
209	218
127	219
185	219
267	219
97	220
147	220
225	220
261	220
163	221
137	222
162	222
186	223
238	223
261	223
210	225
215	225
90	226
92	226
133	226
154	226
256	226
171	227
227	227
232	228
171	229
197	230
93	231
188	231
256	231
291	231
216	232
174	233
277	233
210	235
188	236
106	237
100	238
153	238
197	238
227	238
266	238
121	239
143	240
178	240
246	240
135	241
245	241
291	241
151	242
218	242
227	242
229	242
115	243
210	243
212	243
255	243
97	245
188	245
227	245
141	246
151	246
233	246
240	246
219	247
250	248
214	250
229	250
92	251
106	252
185	252
188	252
214	252
82	254
165	254
197	254
206	254
241	254
244	254
229	255
236	256
215	258
273	258
110	259
163	260
181	260
183	260
197	260
206	260
210	260
146	261
193	261
236	262
247	262
83	264
172	264
230	264
132	265
170	265
116	266
219	266
237	266
95	267
210	267
101	268
112	268
104	269
193	269
230	269
190	270
248	270
230	271
220	272
90	273
122	273
163	273
182	273
256	273
190	274
191	274
195	275
212	275
125	276
170	276
173	276
204	277
232	277
249	277
250	277
260	278
261	278
128	279
212	281
220	281
190	282
195	282
204	282
219	282
233	282
237	282
170	285
228	285
157	286
219	286
239	287
242	287
131	288
119	289
124	289
216	289
186	290
208	290
229	290
164	291
168	291
249	291
138	293
150	293
175	295
217	295
221	295
241	295
186	296
158	297
208	297
237	297
141	298
225	298
166	302
175	302
155	303
217	305
165	306
225	306
221	312
