538
211	12
255	16
200	17
237	17
223	19
181	24
179	26
214	27
244	29
223	30
261	30
190	34
178	35
174	38
164	40
206	40
223	40
238	42
245	42
196	43
268	43
171	48
174	48
188	48
148	49
234	51
238	51
147	52
164	52
224	52
242	52
150	53
279	53
241	56
135	59
213	59
288	59
166	60
202	60
214	60
250	60
289	60
148	61
224	62
247	62
200	63
139	64
160	64
235	64
187	65
213	68
224	68
200	69
218	69
148	70
184	70
233	71
235	71
132	72
152	72
248	72
176	74
241	75
271	75
285	75
260	76
218	77
220	77
225	77
214	78
138	79
139	80
201	82
241	82
220	85
263	85
175	86
215	86
232	86
290	86
124	88
184	88
202	88
239	89
202	91
262	91
269	91
276	94
178	96
262	96
229	97
266	97
184	98
189	98
255	98
196	102
244	102
276	102
238	103
290	103
192	104
194	104
219	104
275	104
281	105
211	106
228	106
198	110
282	113
213	114
218	114
282	114
115	115
263	115
272	115
269	116
211	117
242	117
247	117
219	120
255	122
260	122
296	122
156	123
162	123
212	123
218	123
104	124
113	124
247	125
260	125
268	126
211	127
187	128
196	128
229	128
235	128
254	130
284	133
298	133
214	134
162	135
189	135
220	135
189	139
196	140
272	140
185	142
200	142
304	143
299	144
237	146
126	147
192	147
269	147
134	148
184	148
216	148
112	149
118	149
119	150
244	150
255	150
187	151
231	151
251	151
152	152
297	152
159	153
237	154
269	154
210	155
222	155
228	155
242	155
260	155
120	156
144	156
266	156
274	156
187	157
300	157
258	158
152	159
159	159
177	159
186	159
169	160
275	160
220	161
226	161
281	162
299	163
112	164
193	164
235	164
242	164
292	164
199	165
241	165
280	166
305	166
145	167
153	167
171	167
299	167
304	167
199	168
183	170
234	170
240	170
116	171
137	171
145	171
177	171
264	171
185	172
208	172
98	173
108	173
137	174
198	174
212	174
248	174
125	175
155	175
254	175
132	176
124	177
116	178
162	178
177	178
266	178
267	178
157	179
172	179
224	179
232	179
274	179
186	180
193	180
229	180
237	180
125	181
118	182
254	182
141	183
180	183
184	183
203	183
157	185
166	185
287	185
90	186
187	186
193	186
212	186
220	186
258	186
90	187
150	187
161	187
204	187
237	187
242	187
269	187
104	188
210	188
225	188
228	188
234	190
258	190
243	191
105	192
135	192
150	192
293	193
135	194
145	194
282	194
293	194
163	195
155	196
180	196
225	196
274	196
118	197
188	197
213	197
218	197
234	197
267	197
98	198
109	198
205	198
300	198
189	199
207	199
145	200
164	200
201	200
119	202
169	202
178	202
303	202
132	203
146	203
288	203
219	204
237	204
254	204
207	205
245	205
287	205
105	206
201	206
204	206
156	207
249	207
259	207
155	208
277	208
195	209
295	209
101	210
101	211
198	211
143	212
210	212
213	212
241	212
288	213
120	214
171	214
232	214
291	214
110	215
190	215
205	215
230	215
299	215
126	216
127	217
143	217
217	217
234	217
267	217
142	218
168	218
262	218
100	219
204	219
270	219
295	219
151	221
217	221
135	222
142	222
159	222
168	222
174	222
124	224
165	224
91	225
205	226
211	226
242	226
270	226
228	227
274	227
249	228
257	228
260	228
148	229
220	229
222	229
118	230
284	230
212	231
249	231
263	231
126	233
148	233
179	233
191	233
155	234
169	235
232	235
89	236
122	236
147	236
101	237
255	237
224	238
257	239
157	240
202	240
249	240
179	241
228	241
177	242
191	242
268	242
149	243
168	243
220	243
249	244
257	244
97	245
215	245
239	245
140	246
155	246
221	246
227	246
98	247
285	247
221	248
288	248
175	249
217	250
241	250
246	250
138	251
191	251
94	252
122	252
280	252
147	253
103	254
172	255
240	255
204	256
224	256
249	256
255	256
139	257
89	258
129	258
145	258
231	258
182	259
101	261
246	261
136	262
257	262
109	263
147	264
232	265
180	266
182	266
89	267
232	267
96	268
145	268
224	268
238	268
102	269
104	269
162	270
233	271
274	272
90	273
179	273
208	273
112	276
159	277
224	277
227	277
167	280
216	280
209	281
176	282
115	283
129	283
185	283
227	283
167	284
227	285
244	285
254	287
181	289
184	289
265	289
184	291
204	291
227	291
232	291
246	291
273	292
270	293
156	294
240	294
171	295
218	296
232	296
238	296
184	297
211	297
196	298
218	301
267	301
171	302
218	303
156	304
246	305
237	306
253	306
231	307
249	307
165	308
220	308
168	310
149	311
220	311
231	312
224	313
230	313
255	314
167	317
231	317
224	318
172	319
176	319
242	319
153	320
155	320
224	320
199	322
210	322
148	323
184	328
193	329
207	329
210	329
211	329
194	334
213	334
