619
157	3
173	3
188	3
203	3
73	4
135	4
72	7
244	8
185	14
72	16
78	16
70	17
249	19
239	24
69	27
152	32
251	34
69	37
61	40
151	40
142	41
233	42
60	43
275	44
54	45
78	45
253	45
69	46
179	47
232	48
227	50
101	51
111	51
203	51
93	53
182	53
198	53
252	53
75	54
131	54
55	55
192	55
84	56
110	58
256	58
123	61
95	62
74	64
243	64
253	64
78	65
251	65
204	66
216	66
172	67
139	68
196	68
166	69
183	69
251	69
62	70
108	70
103	71
75	74
82	74
196	74
81	75
132	75
261	75
129	76
190	76
208	76
219	76
82	77
136	77
58	78
245	78
238	79
246	79
115	80
140	80
253	80
59	81
109	82
111	82
124	82
112	83
99	84
100	84
129	84
252	84
136	88
147	88
137	90
52	91
96	91
79	92
143	93
52	94
162	94
253	94
72	95
134	95
85	96
90	96
258	96
238	97
85	98
127	98
231	98
240	98
116	99
167	99
77	100
111	100
152	100
153	102
158	102
246	102
268	103
117	105
257	105
66	106
130	106
136	106
38	107
41	107
50	107
55	107
147	107
169	107
171	107
182	107
243	107
258	107
271	107
276	107
277	107
61	108
176	108
249	108
69	113
100	113
211	113
276	113
116	114
123	114
172	114
40	115
269	115
157	116
259	116
277	116
32	117
109	117
116	117
196	117
268	117
189	118
262	118
212	119
139	120
217	120
218	120
224	120
48	121
56	121
110	121
56	122
84	122
90	122
151	122
162	122
247	122
257	122
269	122
254	123
66	125
71	126
96	126
103	126
164	126
40	127
264	127
32	128
96	128
173	128
213	128
246	128
254	128
255	128
38	129
110	129
136	129
206	129
208	129
81	130
109	132
231	133
154	134
164	134
184	134
224	134
230	134
31	135
243	135
248	135
260	135
49	136
102	136
274	136
103	137
70	138
224	138
96	139
110	139
264	139
266	139
131	140
234	140
39	141
129	141
133	141
70	142
202	143
123	144
208	144
215	144
233	144
240	144
56	145
105	145
238	145
245	145
133	146
102	148
104	148
231	148
245	148
24	149
71	149
262	149
280	149
209	150
253	150
129	151
49	152
66	152
237	152
108	153
186	153
193	153
241	153
264	153
27	154
29	154
216	155
253	155
278	155
39	156
58	156
107	156
46	157
220	157
222	157
232	158
27	159
31	159
119	159
226	159
242	160
286	160
195	161
207	161
210	161
265	161
286	161
276	162
58	164
66	164
112	164
295	164
33	165
47	165
105	165
207	165
248	165
35	166
48	166
67	168
73	168
196	168
219	168
235	168
237	168
243	168
273	168
173	169
178	169
202	169
223	169
293	169
21	170
116	170
261	170
275	170
206	171
57	172
105	172
211	172
243	172
253	172
158	174
275	174
238	175
34	176
140	176
233	176
286	176
46	177
72	177
209	177
216	177
222	177
237	177
27	178
201	178
213	178
256	178
290	178
21	179
26	179
104	179
263	179
278	179
274	180
158	181
194	181
234	181
290	181
32	182
47	182
68	182
254	182
207	183
212	183
274	183
29	184
234	184
291	184
54	185
219	185
249	185
87	186
104	186
181	186
149	187
29	188
36	188
45	188
62	188
66	188
141	188
154	188
164	188
192	188
198	188
297	188
170	189
224	189
266	191
35	192
45	192
87	192
186	192
189	192
203	192
142	193
155	193
177	193
197	193
231	193
259	193
271	193
78	194
126	194
245	194
54	196
60	196
23	197
238	197
26	198
150	198
161	198
220	198
291	198
96	199
133	199
199	199
206	199
78	200
92	200
140	200
166	200
184	200
206	200
74	201
299	201
234	202
295	202
217	203
226	203
35	204
38	204
63	204
143	204
232	204
87	205
223	205
245	205
241	206
260	206
200	207
278	208
296	208
128	209
275	209
280	209
52	210
143	210
162	210
27	211
252	211
77	212
83	212
213	212
18	213
94	213
138	213
170	213
127	214
48	215
35	217
39	217
97	217
79	218
86	218
91	218
184	218
203	218
41	219
93	219
164	219
201	219
193	220
206	220
209	220
155	221
29	222
50	222
73	223
155	223
170	223
88	224
153	224
198	224
58	225
187	226
35	227
41	227
119	227
146	227
227	227
57	231
66	231
194	231
220	231
16	232
33	232
165	232
190	232
210	232
237	232
65	233
85	233
197	233
227	234
174	236
177	236
209	238
217	239
167	240
65	241
55	242
148	242
238	242
190	243
227	243
176	244
201	244
206	244
218	244
71	245
183	245
201	245
123	246
60	247
157	248
190	248
61	249
197	249
205	249
135	250
149	250
194	250
203	250
146	251
208	251
232	251
238	251
118	252
183	252
213	252
168	253
94	254
124	254
167	254
207	254
84	255
95	255
85	256
78	257
187	257
73	258
95	258
174	259
226	259
231	261
200	262
220	262
176	263
180	263
95	264
106	264
91	265
199	265
215	265
67	266
69	266
127	266
134	266
221	266
224	266
235	266
79	267
86	267
194	267
99	269
115	270
165	270
189	270
202	271
79	272
80	272
124	272
185	272
157	273
200	273
72	275
132	275
193	275
78	276
85	276
191	277
114	279
203	279
169	280
164	281
137	283
194	283
165	284
89	286
113	287
115	287
131	287
170	287
98	289
106	289
183	289
185	289
81	290
200	290
196	291
104	294
128	294
84	295
94	295
104	295
110	299
135	299
104	300
161	300
166	304
152	305
103	307
141	310
167	310
159	312
175	313
143	315
149	315
118	316
167	316
170	316
158	317
125	318
131	319
171	321
142	326
