449
155	3
206	3
228	3
246	3
68	4
140	4
112	5
164	6
67	7
161	8
252	8
239	14
61	18
238	20
221	21
256	21
128	22
249	26
63	29
122	29
52	32
256	32
116	35
179	35
123	36
242	36
71	37
54	39
218	42
232	43
260	43
149	44
214	45
49	47
171	48
59	49
164	49
60	50
266	52
43	54
205	54
160	56
198	56
226	56
233	56
61	59
61	60
267	61
228	63
73	65
171	65
62	66
116	66
167	68
173	68
126	69
41	70
59	70
168	70
100	73
269	74
33	76
151	76
146	77
222	77
228	77
125	78
48	79
231	79
129	80
100	82
144	82
154	83
137	84
243	84
96	85
166	86
160	87
162	87
131	88
222	88
229	88
31	89
129	89
156	89
96	90
239	90
245	91
265	92
114	94
161	94
94	95
138	95
216	95
222	95
238	95
274	95
132	96
243	96
203	97
208	97
147	98
141	99
237	99
243	99
101	100
222	100
229	100
134	101
164	103
175	105
199	105
203	105
30	107
101	107
143	107
243	107
248	107
268	107
31	108
139	108
208	108
210	108
215	108
229	108
131	109
215	109
233	109
222	110
140	111
224	111
108	113
184	113
55	114
84	114
167	114
226	114
257	114
232	115
30	117
166	117
263	117
99	118
159	118
86	119
54	122
224	122
54	123
208	123
214	123
229	124
112	125
111	126
223	126
228	127
76	128
82	129
271	129
94	130
171	132
178	132
221	132
207	133
82	134
213	134
214	134
226	134
228	134
219	135
233	135
107	136
111	136
201	136
204	136
194	138
200	138
213	138
218	139
219	139
106	143
274	144
196	145
200	145
203	145
212	145
218	145
216	146
224	146
230	146
108	147
57	148
50	149
178	149
89	150
95	150
131	150
165	150
149	152
155	152
203	152
207	153
231	153
24	155
25	155
97	155
108	155
207	155
104	157
187	157
193	157
195	157
199	158
27	159
281	159
27	160
89	161
97	161
193	162
199	162
22	163
134	163
149	163
156	163
198	163
211	163
244	164
198	165
134	166
179	166
173	167
250	167
28	168
77	168
82	168
136	168
202	168
208	168
217	168
54	169
60	169
147	169
223	169
189	170
274	170
21	172
281	172
121	173
156	174
223	174
227	174
189	175
160	176
71	177
76	177
128	177
200	177
135	178
266	178
203	179
204	179
279	179
188	180
227	180
209	181
66	182
71	182
160	183
274	183
164	184
72	185
77	185
192	185
194	185
20	186
69	187
199	187
123	189
208	190
133	191
212	191
20	193
274	193
86	194
120	195
81	197
86	197
24	198
210	198
33	199
56	199
165	199
52	200
160	204
22	206
190	206
203	206
117	208
191	209
221	209
26	211
86	211
126	211
271	211
81	213
71	214
172	214
66	215
221	215
223	215
186	216
192	216
51	217
67	217
125	217
164	217
182	217
47	218
162	218
172	218
201	218
211	218
132	221
180	221
213	221
196	222
276	222
71	223
72	223
121	225
173	227
210	227
76	229
54	230
86	230
211	230
34	231
76	231
185	234
57	235
64	235
156	235
194	235
57	236
82	236
172	236
203	236
208	236
187	237
68	239
173	239
179	239
85	240
196	240
62	241
157	241
209	241
257	241
179	242
248	244
172	246
266	246
39	247
67	247
249	247
83	249
96	249
94	251
95	253
178	254
250	254
254	254
73	255
59	257
91	257
99	257
129	259
179	259
264	260
45	264
94	266
102	267
103	270
103	273
110	273
171	273
261	273
44	275
117	276
161	276
105	277
172	277
179	277
126	279
119	282
135	282
166	282
180	282
155	283
114	286
127	286
46	287
114	287
166	287
260	287
38	288
37	289
143	289
120	290
151	290
126	294
128	294
134	295
168	296
221	296
134	297
124	298
125	299
132	300
211	300
247	303
168	304
53	305
126	306
133	307
108	309
115	311
140	315
156	315
57	316
213	320
237	321
205	323
142	333
198	333
157	334
88	335
189	335
181	336
223	336
83	341
104	341
163	344
171	344
138	345
146	345
157	345
90	346
164	346
92	347
