739
102	3
113	3
115	3
141	3
155	3
193	3
204	3
225	3
82	4
122	5
112	6
145	6
90	9
165	9
165	11
233	11
266	11
131	12
131	14
70	15
239	19
270	20
227	21
68	25
143	26
249	27
258	27
272	27
259	30
233	31
271	31
243	33
66	34
254	34
98	35
120	38
132	38
204	38
200	39
243	39
208	40
214	40
215	40
237	40
121	42
70	43
98	43
94	45
238	46
241	46
125	48
193	48
244	48
57	49
188	49
248	49
202	50
208	50
218	51
221	51
277	51
83	52
202	53
238	53
197	54
188	56
183	57
233	57
236	57
80	59
213	59
218	59
253	59
59	60
239	60
114	61
59	62
198	62
263	62
161	63
176	63
193	63
171	64
226	64
261	64
155	65
221	65
233	65
239	65
248	65
228	66
171	67
166	68
240	68
174	70
176	70
206	70
213	70
279	71
268	72
201	73
202	73
228	73
53	74
186	75
199	75
53	76
172	77
183	77
256	77
264	77
81	78
190	78
285	78
86	81
215	81
265	81
246	83
49	84
209	85
238	85
192	86
200	86
173	88
175	88
183	88
263	88
66	89
146	89
166	89
179	89
78	90
97	90
142	90
225	90
62	91
147	92
224	92
271	92
180	93
184	93
218	93
231	93
238	93
146	94
156	94
286	94
175	95
253	95
211	96
259	96
267	96
196	97
203	97
274	97
83	98
286	99
136	101
231	101
75	102
176	102
183	102
187	102
197	102
203	102
237	102
130	103
251	103
257	103
168	105
211	105
215	105
231	105
62	106
236	106
237	106
239	106
286	106
46	107
50	107
95	107
98	107
161	107
206	107
211	107
276	107
289	107
176	108
178	108
183	108
225	108
170	109
265	110
267	110
161	111
212	111
225	111
62	112
154	112
206	112
219	112
226	112
241	112
81	113
234	113
51	114
73	114
184	114
270	114
178	115
144	116
241	116
93	117
100	117
138	117
81	118
213	118
246	118
173	119
175	119
207	119
215	119
217	119
253	119
267	120
274	122
156	124
253	124
151	125
258	125
273	125
233	126
200	127
238	127
258	127
50	128
69	128
173	128
179	128
188	128
288	128
294	130
156	131
214	131
229	131
239	131
214	132
243	132
285	132
90	133
72	134
124	134
166	134
180	134
231	134
251	134
255	134
237	135
243	135
85	136
119	136
72	137
188	137
193	137
237	137
276	137
79	138
181	138
188	138
201	138
207	138
94	139
173	139
181	139
231	139
276	139
284	139
260	140
267	140
166	141
173	141
290	141
82	143
150	143
213	143
219	143
57	144
156	145
166	145
144	146
173	146
284	146
201	147
207	147
289	147
50	148
194	149
83	150
253	150
258	150
194	151
258	151
276	151
159	152
188	152
241	152
242	152
264	152
52	154
63	154
221	154
227	155
231	155
287	155
44	156
188	156
280	156
44	157
247	157
156	158
181	158
186	158
221	158
252	158
264	158
272	158
56	159
226	159
271	159
74	161
96	161
159	161
200	161
203	161
208	161
192	162
197	162
233	162
238	162
186	164
191	164
226	165
250	165
43	166
116	166
147	166
170	166
231	166
68	167
84	167
179	167
52	168
77	168
99	168
177	168
184	168
238	168
297	168
157	169
220	169
282	169
51	170
197	170
209	170
243	170
248	170
263	170
201	171
220	171
85	172
141	172
147	172
191	172
230	172
251	172
120	173
184	173
213	173
216	173
64	174
216	174
295	175
73	176
193	176
195	176
230	176
251	176
82	177
86	177
157	177
198	177
221	177
228	177
234	177
159	178
258	179
287	179
290	179
141	180
234	180
239	180
271	180
222	181
136	182
226	182
228	182
258	182
291	182
232	183
234	183
53	184
78	184
211	184
106	185
41	186
89	186
198	186
205	186
93	187
101	187
201	187
208	187
210	187
236	187
221	188
225	188
161	189
246	189
216	190
221	190
229	190
221	191
286	191
228	192
278	192
229	195
265	195
98	196
50	197
201	197
254	197
152	198
158	198
203	198
84	199
268	199
122	200
213	200
248	200
273	200
289	200
117	201
216	201
219	201
229	201
251	201
241	202
225	203
87	204
130	204
158	204
288	204
202	205
233	205
236	205
241	205
81	206
126	206
238	206
251	206
113	207
120	207
266	207
248	209
103	210
56	211
94	211
195	211
225	211
265	211
284	211
98	212
101	212
121	212
130	212
228	212
238	212
204	214
194	215
228	215
116	216
198	216
103	217
206	217
247	217
282	217
287	217
99	218
112	218
125	218
240	218
242	218
94	219
250	219
51	220
52	220
121	220
263	220
99	221
95	222
139	222
233	222
100	223
105	223
130	223
89	224
233	224
220	225
260	225
282	225
98	226
282	226
136	228
253	228
58	229
218	229
252	229
256	230
59	233
282	233
214	234
94	235
138	237
147	237
239	237
252	237
211	238
229	238
241	238
251	238
236	239
249	239
277	240
66	241
145	241
147	241
213	241
254	241
226	242
83	243
93	244
267	244
190	245
238	245
284	246
162	248
220	248
243	248
283	248
143	249
172	249
192	249
63	251
270	251
132	252
136	252
190	252
90	253
215	253
230	253
262	253
73	254
125	254
185	254
260	254
279	254
269	255
278	255
191	257
226	258
203	259
185	260
250	260
114	261
79	262
136	262
179	262
182	262
70	263
217	263
271	263
266	264
191	265
206	265
100	266
165	266
182	266
225	266
232	266
134	267
178	267
147	268
212	268
241	268
172	269
198	270
266	270
130	272
157	272
219	272
146	273
163	273
205	273
255	273
271	273
272	273
78	274
238	274
176	275
183	275
137	276
221	276
240	276
70	277
157	277
198	277
112	278
249	279
133	280
190	280
217	280
276	280
188	281
264	281
180	282
117	283
210	283
211	283
224	283
255	283
196	284
95	285
142	285
206	285
77	286
107	286
180	286
188	286
217	286
226	286
228	286
160	287
164	287
188	287
203	287
147	288
247	288
172	289
176	289
210	290
196	291
210	291
160	292
188	292
245	292
162	294
176	294
186	294
103	295
104	295
201	295
240	296
83	297
151	297
198	297
192	298
208	298
235	298
238	298
86	299
126	299
187	299
131	300
173	300
219	300
108	301
134	301
201	301
239	301
243	301
253	301
230	302
213	303
137	304
92	305
248	305
175	306
244	307
135	308
243	309
193	311
99	312
129	313
158	313
161	313
176	313
224	313
207	314
117	315
137	315
199	315
104	316
230	316
244	316
148	317
193	317
214	317
213	318
131	319
178	319
185	319
222	320
207	321
126	322
139	322
203	322
146	324
164	327
169	327
169	328
200	329
129	331
186	332
163	335
138	336
144	338
188	341
176	342
177	342
