590
83	3
98	3
114	3
118	3
122	3
225	3
232	3
252	3
238	4
243	4
69	8
233	8
238	8
154	10
218	12
141	13
203	13
213	13
198	14
228	14
233	14
204	16
138	17
243	17
248	17
265	17
200	18
85	19
213	19
208	20
67	21
138	22
94	23
202	23
258	24
85	27
238	29
244	29
246	29
251	29
204	30
62	31
197	32
203	32
254	32
258	32
231	34
238	34
195	35
104	36
226	36
228	36
211	37
259	37
209	38
225	38
59	40
109	40
215	40
118	41
254	41
82	43
240	44
233	45
250	46
209	47
233	47
120	48
198	48
200	48
235	48
274	48
126	49
273	49
191	50
211	50
127	54
181	54
217	54
250	54
259	54
123	55
213	55
281	55
96	57
249	57
201	58
91	59
240	59
73	60
99	60
213	60
221	60
227	60
236	60
238	60
59	61
208	61
187	62
231	62
280	62
86	63
110	63
203	64
208	64
244	64
221	65
217	66
77	68
188	68
256	68
88	70
266	70
283	70
168	71
210	71
104	72
203	72
234	73
114	74
163	74
198	74
203	74
247	74
250	74
97	75
122	75
116	76
234	76
252	76
256	76
213	77
218	77
260	78
262	78
282	79
267	80
191	81
198	81
100	82
271	82
56	83
226	83
199	84
206	84
213	84
227	84
234	84
247	85
271	85
288	85
278	86
183	87
247	89
58	90
113	91
228	91
240	91
102	92
220	92
266	92
215	93
259	93
263	93
208	95
215	95
241	95
256	95
264	95
97	96
277	96
269	97
118	98
234	98
183	99
240	99
201	100
208	100
221	101
228	101
269	101
193	102
201	102
228	102
257	102
262	102
271	102
183	104
121	106
50	107
116	107
186	107
228	107
256	107
283	107
289	107
106	108
241	108
286	108
221	109
180	111
182	111
184	112
277	113
215	114
219	114
261	114
267	114
208	115
278	118
283	118
174	119
179	119
198	119
208	119
248	119
267	119
292	119
213	120
235	120
105	121
186	121
218	121
219	121
252	121
259	121
203	122
224	122
231	122
234	122
282	124
94	125
172	126
259	127
172	128
247	128
264	128
110	129
213	129
255	129
229	130
58	131
96	131
156	131
186	131
224	131
226	131
235	131
136	133
151	133
171	133
264	133
235	134
257	134
162	135
189	135
226	135
238	135
263	135
268	135
272	135
132	136
243	136
281	136
278	137
107	138
244	138
248	138
257	138
286	138
288	138
261	139
261	141
248	142
266	142
114	143
155	143
225	143
291	143
73	144
184	144
253	144
278	144
229	145
236	145
74	146
149	146
277	147
90	148
236	148
237	148
253	148
271	148
184	149
266	149
269	149
180	150
256	150
258	150
243	151
246	151
296	151
99	152
248	152
281	152
140	153
189	153
256	153
58	154
228	154
288	154
292	154
134	155
151	155
70	156
231	156
248	156
71	158
134	158
151	158
254	158
130	159
187	159
282	159
289	159
148	161
247	161
221	162
228	163
155	164
296	164
244	165
249	165
252	165
96	167
152	167
265	167
56	168
213	168
91	169
121	170
124	170
119	171
241	171
271	171
272	171
201	172
230	172
284	172
75	174
215	174
251	174
259	174
244	175
86	176
181	176
232	176
125	178
131	178
201	178
255	178
294	178
123	180
197	180
179	181
270	182
288	182
180	183
277	183
90	184
264	184
265	184
275	185
257	186
197	187
157	188
164	190
244	190
265	190
155	191
184	191
269	191
286	191
61	193
214	193
169	194
277	194
274	195
79	196
278	196
214	198
264	198
74	199
176	199
234	199
161	201
65	202
82	202
263	202
236	203
174	204
199	204
205	204
258	204
265	204
273	204
156	205
161	205
273	205
77	206
280	207
247	208
254	208
205	210
249	210
253	210
71	211
153	212
154	212
197	212
205	212
254	212
263	213
266	213
96	214
139	214
189	214
191	214
64	215
91	215
237	216
71	217
126	217
139	217
152	217
205	217
132	218
238	218
242	218
261	219
132	220
187	220
140	221
263	221
220	222
244	222
247	222
286	222
136	223
169	223
280	223
160	224
196	225
203	225
273	225
238	226
241	226
248	227
185	229
224	229
153	230
242	230
267	230
74	232
242	233
240	235
135	236
232	236
282	236
76	237
184	237
189	237
272	237
211	239
240	240
274	240
130	241
142	241
80	242
183	242
249	242
209	244
237	244
197	246
244	247
229	248
238	248
203	249
217	250
77	251
155	251
203	251
142	252
207	252
264	252
126	253
188	253
246	253
248	253
146	254
173	254
199	254
79	256
89	256
219	256
221	256
141	257
180	257
182	257
188	257
153	258
163	258
248	258
252	258
100	259
197	259
156	260
159	260
269	262
273	262
95	263
134	263
243	263
155	264
204	264
213	264
182	265
193	265
232	265
237	265
108	266
156	266
162	267
243	267
225	268
227	268
229	268
256	269
214	270
150	272
188	272
238	272
195	273
231	273
247	274
252	274
97	276
225	276
243	276
108	277
150	277
178	277
148	279
214	279
217	279
90	280
160	282
168	283
243	283
175	285
239	285
117	286
202	286
210	286
160	287
230	288
250	290
221	291
149	299
228	300
215	301
220	301
125	302
206	302
123	303
155	303
238	304
113	306
129	306
233	307
147	308
163	308
226	310
136	312
184	313
154	314
155	314
160	315
162	316
144	317
