585
98	3
114	3
184	5
99	6
131	7
178	7
195	7
142	8
232	10
75	13
187	13
224	13
155	14
196	14
121	16
171	18
198	18
203	18
159	19
138	20
168	20
243	20
115	24
132	25
75	26
144	26
213	26
218	26
183	27
236	27
113	28
178	29
237	31
72	32
207	32
213	32
60	33
91	35
114	35
180	35
61	37
86	37
193	38
230	38
236	38
188	39
59	41
196	41
53	42
166	42
53	44
161	44
166	44
181	44
241	44
241	45
69	46
63	48
197	48
228	48
229	48
236	48
56	49
175	49
235	49
168	50
174	50
203	50
208	50
165	53
175	53
228	53
74	54
196	54
200	54
167	56
129	57
193	57
66	58
216	58
62	60
69	60
203	60
209	60
239	61
54	62
93	62
132	62
177	63
202	63
78	64
237	64
62	65
176	65
186	65
193	65
209	65
232	65
56	66
195	66
69	67
167	67
63	68
159	68
86	69
96	69
100	69
80	70
49	71
50	71
57	71
239	71
136	72
196	72
204	72
66	73
151	73
177	73
217	73
246	73
130	74
167	74
57	77
83	77
91	78
211	78
52	79
153	80
65	81
68	82
168	82
48	83
60	83
76	83
51	84
92	84
223	85
228	85
85	86
211	86
91	88
153	88
84	89
86	89
203	89
210	89
240	89
241	89
79	90
228	90
247	90
220	91
233	91
71	92
168	93
175	93
197	93
212	94
43	95
197	96
228	96
233	96
240	96
245	96
236	97
58	99
154	99
161	99
163	99
166	99
211	99
50	100
64	101
210	101
236	101
72	102
140	102
146	102
211	102
190	105
196	105
230	105
76	107
176	107
196	107
243	107
248	107
53	108
169	108
227	109
145	110
214	110
163	111
215	111
227	111
68	112
69	112
74	113
203	113
208	113
163	115
247	115
48	116
86	116
221	116
44	117
80	117
190	117
44	118
101	118
195	118
176	119
183	119
97	120
202	120
220	120
226	120
225	121
233	121
73	122
162	122
168	123
183	123
249	123
207	124
247	124
145	125
242	125
47	126
70	126
75	126
155	127
162	127
176	127
241	127
38	128
162	128
176	128
195	128
35	129
181	129
183	129
224	129
65	130
228	130
221	132
248	132
86	133
147	133
59	134
77	134
214	134
257	134
125	135
221	136
52	137
121	137
176	137
178	137
145	138
168	138
226	138
61	139
67	139
146	139
258	139
262	139
111	140
264	140
38	141
81	141
187	141
240	141
74	142
105	142
190	142
195	142
278	142
168	143
268	143
159	144
171	144
178	144
213	144
218	144
160	145
225	145
267	145
69	146
178	146
49	147
211	147
74	148
76	148
81	148
256	148
271	148
275	148
59	149
69	149
211	150
254	150
43	151
97	151
128	151
190	151
193	151
235	151
261	151
66	152
180	152
184	152
92	153
186	153
206	153
236	153
204	155
261	155
282	155
196	156
198	156
37	157
171	157
216	157
222	157
44	158
53	158
84	158
147	158
180	158
184	158
246	158
266	158
269	158
177	159
207	159
221	159
213	160
39	161
237	161
207	162
213	162
219	163
211	164
223	165
67	166
247	166
40	167
63	167
183	167
196	167
198	167
223	167
233	167
264	167
65	168
67	168
77	168
124	168
187	168
228	168
230	168
240	168
273	168
147	169
193	169
206	169
206	170
228	170
262	170
263	171
274	171
121	172
240	172
69	173
206	173
66	174
109	174
225	174
242	175
94	176
186	176
193	176
216	176
268	176
36	177
45	177
51	177
89	177
97	177
101	177
103	177
109	177
136	177
232	177
46	178
66	178
188	178
61	179
80	180
115	180
231	180
30	181
75	181
89	181
98	181
109	181
216	181
81	182
86	182
106	182
112	182
47	183
69	183
76	183
180	183
261	184
55	186
112	186
168	186
194	186
218	186
226	186
231	186
233	186
83	187
87	187
100	187
108	187
144	187
169	190
48	191
70	192
187	192
190	192
209	192
59	193
79	193
116	193
68	194
84	194
86	194
111	195
178	196
246	197
81	198
111	198
153	198
54	199
59	199
234	199
91	200
108	200
116	200
234	200
37	201
225	201
178	204
219	204
120	205
209	206
224	206
224	207
228	207
71	208
209	208
96	209
71	210
165	210
59	213
119	213
158	214
218	214
60	215
74	215
208	215
229	215
226	216
182	218
125	219
160	221
226	221
78	222
153	222
176	222
58	223
72	224
207	224
213	224
182	225
144	227
167	227
202	227
107	229
113	229
150	229
174	230
188	230
208	231
58	232
70	232
83	232
173	232
228	232
77	233
195	234
124	235
161	235
155	236
96	237
173	237
177	237
77	238
207	238
81	239
109	239
130	239
111	241
178	241
189	243
198	244
207	244
85	245
173	245
187	245
124	246
108	247
142	247
184	247
194	247
174	248
178	248
214	248
141	251
126	252
194	252
155	254
184	254
178	256
191	256
125	257
184	257
199	258
86	259
111	259
143	259
167	259
192	260
195	260
102	261
150	261
154	261
206	261
86	262
128	263
138	263
167	263
212	263
117	266
130	266
154	266
165	266
178	266
181	266
110	268
176	269
165	270
170	270
94	271
104	272
128	272
160	272
115	273
110	275
98	276
101	277
140	277
117	279
105	280
111	282
134	282
139	282
115	284
122	285
131	287
