786
155	3
188	3
208	3
237	3
104	7
158	7
150	11
246	11
218	12
77	13
166	13
184	13
188	13
143	14
205	15
256	15
107	16
115	16
198	16
131	19
84	20
142	20
185	20
69	21
231	21
74	22
182	22
253	22
200	23
108	24
121	25
159	26
99	27
218	27
223	27
85	29
100	29
106	30
72	31
168	31
115	33
164	33
193	33
250	33
126	34
154	34
188	34
232	34
238	35
144	37
232	37
98	38
106	38
173	38
102	39
218	39
74	40
206	40
213	40
246	40
72	41
152	41
221	41
137	42
188	42
116	43
183	43
231	43
261	43
103	45
157	45
75	46
109	46
150	46
207	46
238	46
243	46
88	47
143	47
82	48
84	48
97	48
237	48
61	49
70	49
116	49
183	49
102	50
132	50
178	50
77	52
106	52
151	52
266	53
149	54
125	55
130	55
206	55
208	55
213	55
78	56
79	56
201	56
243	56
249	56
94	57
241	57
105	58
106	58
192	58
179	59
187	59
252	60
149	61
168	61
193	61
188	62
79	63
120	63
71	65
104	65
97	66
228	66
131	67
138	67
233	67
270	67
112	68
136	68
120	69
182	69
188	69
222	69
226	69
81	70
137	70
178	72
182	72
189	73
185	74
197	74
202	74
203	74
208	74
218	74
80	75
129	75
66	76
82	76
86	76
104	76
233	76
238	76
78	77
88	77
106	78
163	78
186	78
190	78
135	79
173	79
178	79
226	79
191	80
196	80
197	82
199	82
203	82
273	82
61	83
77	84
173	84
180	84
187	84
226	84
89	85
113	85
167	85
175	85
181	85
187	85
237	85
96	86
237	86
243	87
203	88
214	88
220	88
226	88
220	89
83	90
104	90
188	90
191	90
124	91
188	91
199	91
203	91
111	92
136	92
181	92
183	92
196	92
177	93
243	95
248	95
138	98
220	98
225	98
236	98
54	99
70	99
241	99
59	100
127	100
178	100
180	100
57	101
86	101
189	101
206	101
96	102
102	102
172	102
181	102
275	102
49	103
119	103
211	103
214	103
86	104
138	104
225	104
162	105
190	105
196	105
229	105
231	105
91	106
130	106
138	106
155	106
273	106
49	107
57	107
104	107
86	108
241	109
224	110
246	110
254	110
218	111
259	111
86	112
91	112
93	113
104	114
136	114
147	114
183	114
274	114
190	115
211	115
246	115
266	115
269	115
97	116
103	117
142	117
150	117
216	117
218	117
94	118
87	119
175	119
234	119
237	119
166	120
222	120
66	121
256	121
78	122
89	122
93	122
94	123
183	123
238	123
241	123
142	124
153	124
176	124
261	124
134	125
159	125
166	125
167	126
176	126
183	126
189	126
203	127
275	127
196	128
199	128
243	128
249	128
248	129
74	130
69	131
145	131
151	131
168	131
176	131
95	132
228	132
52	133
202	133
214	133
248	133
222	134
224	134
241	134
69	135
246	135
56	136
83	136
202	136
189	137
195	137
76	138
145	138
152	138
183	138
233	138
57	139
104	139
111	139
279	139
214	140
220	140
92	141
253	141
72	142
183	142
85	143
207	143
85	144
102	144
239	144
243	144
261	144
145	145
152	145
66	146
156	146
167	146
207	146
149	147
201	147
207	147
173	148
175	148
220	148
235	148
237	148
251	148
257	148
194	149
200	149
242	149
243	149
255	149
92	150
104	150
114	150
188	150
213	150
224	150
226	150
62	151
109	151
247	151
248	151
255	151
78	152
207	152
258	152
212	153
213	153
253	153
165	154
181	154
200	154
170	155
172	155
205	155
92	156
177	156
186	156
218	156
221	156
272	156
280	156
150	157
152	157
238	157
247	157
264	157
278	157
55	158
116	158
138	158
253	158
90	159
158	159
186	159
252	159
270	159
73	160
82	160
94	160
110	160
112	160
197	161
199	161
105	162
168	162
176	162
202	162
242	162
186	164
167	165
173	165
175	165
251	166
254	166
256	166
77	167
99	167
105	167
136	167
158	167
161	167
243	167
248	167
260	167
54	168
108	168
121	168
124	168
125	168
169	168
176	168
183	168
192	168
195	168
202	168
236	168
200	169
207	169
132	170
146	170
230	170
91	171
94	171
98	171
113	171
118	172
254	172
163	173
207	173
242	173
248	173
260	173
79	174
211	174
238	174
246	174
73	175
88	175
101	175
251	175
263	175
181	176
89	177
118	177
190	177
111	178
114	178
121	178
124	178
186	178
194	178
198	178
200	178
238	178
246	179
257	179
106	180
242	180
278	180
53	181
250	181
84	182
102	182
104	183
106	183
168	183
209	183
219	183
226	183
229	183
253	183
256	183
54	184
233	184
259	184
63	185
96	185
98	185
121	185
194	185
212	185
87	186
104	186
161	186
168	186
196	186
75	187
94	187
183	187
215	187
101	188
205	188
185	189
240	189
246	189
55	190
211	190
233	190
237	191
244	191
56	192
68	192
168	192
195	192
211	192
214	192
162	193
258	193
280	193
76	194
198	194
183	196
236	198
270	198
57	199
58	199
183	199
184	199
243	199
68	200
175	200
91	201
215	202
260	202
88	203
114	203
216	203
63	204
109	204
188	204
226	204
88	205
113	205
176	205
106	206
57	207
264	208
58	209
174	209
164	210
168	210
223	210
256	210
67	211
68	211
143	211
174	211
229	211
280	211
147	212
178	212
204	212
226	212
233	212
94	213
155	213
191	213
116	214
168	214
164	215
178	215
198	215
116	216
162	216
252	216
72	217
193	217
196	217
260	217
142	218
146	218
240	219
146	220
192	220
278	220
163	221
168	221
281	221
156	222
162	222
73	223
83	223
186	223
198	223
199	223
256	223
265	223
77	224
182	224
193	224
71	225
144	226
177	226
193	226
169	227
187	227
233	227
156	228
162	229
193	229
222	230
253	230
260	230
131	231
279	231
256	232
270	232
137	233
171	235
225	235
116	236
149	236
163	236
185	236
152	237
127	238
128	238
275	238
137	239
206	239
264	239
74	240
115	240
171	240
212	240
89	241
133	241
148	241
186	241
207	241
152	242
87	244
271	244
68	246
107	247
112	247
80	248
125	248
152	248
87	249
143	249
86	251
111	251
122	252
124	252
184	252
87	253
146	254
132	255
167	255
93	257
121	257
185	257
146	259
179	259
270	259
89	262
157	262
176	262
100	263
223	263
106	264
136	264
189	264
183	266
216	266
80	267
99	267
177	267
225	267
116	269
157	269
138	270
205	270
225	270
269	270
101	272
201	272
225	272
66	273
73	273
111	273
112	273
133	273
147	273
126	274
231	274
141	275
142	275
195	275
66	276
117	276
157	277
109	278
179	282
193	282
134	283
219	283
107	284
73	285
160	285
186	285
143	286
220	286
81	287
180	287
113	289
173	289
178	289
160	291
191	291
87	292
226	293
184	294
235	294
179	295
258	295
145	297
160	298
231	299
218	300
144	301
225	301
217	302
252	303
93	307
242	308
212	312
148	313
134	315
158	315
144	316
148	317
206	320
198	323
136	324
149	325
222	325
212	326
115	327
117	328
217	330
122	331
188	336
207	337
