706
89	3
127	3
141	3
209	3
220	3
233	4
158	6
248	9
197	10
205	10
113	11
124	11
126	11
154	13
177	14
256	14
76	15
154	15
169	16
113	17
146	17
242	17
97	19
124	19
160	19
136	21
260	21
202	23
228	24
76	25
88	25
128	25
196	25
119	26
259	27
187	28
128	30
205	31
263	31
197	32
117	33
133	33
180	33
104	34
72	35
112	35
238	35
243	35
156	36
131	40
97	41
104	41
149	41
263	41
87	42
173	42
160	43
168	44
154	45
217	45
221	45
228	45
122	46
141	46
95	47
72	50
98	50
103	50
234	51
240	51
268	51
72	52
88	52
178	52
239	52
246	52
267	52
228	53
154	54
162	54
172	54
146	55
180	57
172	58
174	58
83	59
94	59
154	59
128	60
197	60
203	60
262	60
118	61
147	61
154	61
168	61
240	61
245	61
101	62
270	62
143	63
123	64
126	64
226	64
248	64
189	66
232	66
235	66
64	67
91	67
132	67
133	67
183	67
63	68
143	68
177	68
179	69
183	69
190	69
212	69
218	69
112	70
171	70
185	70
165	71
218	71
89	72
206	72
211	72
224	72
116	73
150	75
185	75
198	75
199	75
205	75
246	75
133	76
179	76
191	76
193	76
212	76
216	76
275	76
83	77
167	77
187	77
252	77
98	78
231	78
107	79
173	79
179	79
236	80
238	80
243	80
168	81
173	81
199	81
187	82
201	82
68	83
59	84
156	84
159	84
251	84
224	85
258	85
160	86
212	86
223	86
99	87
81	88
131	88
181	88
185	88
91	89
109	89
178	89
69	90
211	90
84	91
121	91
223	91
62	93
165	93
234	93
188	94
191	94
108	95
151	95
74	97
173	97
178	97
211	97
217	97
278	97
84	98
179	98
185	98
203	98
121	99
137	99
147	101
179	101
98	102
106	102
134	102
174	102
248	102
253	102
83	103
166	105
58	106
174	106
216	106
57	107
65	107
122	107
209	107
169	108
178	108
224	108
230	108
281	108
282	108
114	109
233	109
234	109
134	110
75	111
193	111
196	111
91	112
124	112
132	112
154	112
91	113
97	113
150	113
161	113
186	113
224	113
252	113
270	113
201	114
60	115
70	115
98	115
150	115
208	115
209	115
215	115
238	115
243	115
124	116
257	116
259	116
144	117
186	117
231	118
130	119
267	119
186	120
130	121
161	122
171	122
244	122
250	122
227	123
73	124
227	124
81	125
155	125
161	125
237	125
253	125
96	126
180	126
208	126
212	126
214	126
220	126
186	127
242	127
172	128
179	128
192	128
64	129
96	129
249	129
253	129
263	129
71	130
162	130
192	130
199	130
253	130
82	131
155	131
226	131
163	132
220	132
77	133
169	133
186	133
192	133
59	134
199	134
206	134
235	135
247	135
169	136
281	136
66	137
141	137
147	137
164	137
92	138
193	138
198	138
61	139
74	139
226	139
233	139
253	139
180	140
185	140
238	140
220	141
222	141
185	142
198	142
191	143
204	143
212	143
69	145
171	145
175	145
245	145
57	146
212	146
231	146
106	147
191	147
65	148
67	148
185	148
197	148
190	149
140	150
144	150
147	150
149	150
162	150
237	150
97	152
241	152
85	153
90	153
168	153
170	153
184	153
197	153
217	153
249	153
253	153
189	154
203	154
274	154
64	155
211	155
217	155
226	155
233	155
241	155
182	157
246	157
247	157
253	158
183	159
210	159
217	159
238	159
251	159
145	160
149	160
188	160
203	160
217	160
222	160
96	161
103	161
208	161
111	162
262	162
225	163
106	164
246	164
250	165
251	165
285	165
164	166
183	166
187	166
74	167
57	168
168	168
172	168
194	168
188	169
198	169
208	169
213	169
241	169
250	169
158	170
101	171
285	171
75	172
227	172
249	172
267	172
242	173
253	173
258	173
141	174
100	175
116	175
126	175
160	175
97	176
221	176
66	177
70	177
79	177
262	177
233	178
282	178
250	180
185	181
219	181
223	181
232	181
262	181
166	182
190	182
75	183
80	183
105	183
241	183
244	183
87	184
101	184
116	184
267	184
250	185
101	186
169	186
97	187
223	187
226	187
251	187
258	187
189	188
85	190
213	190
226	190
76	191
78	191
103	191
111	191
116	191
191	191
204	191
267	191
73	192
231	192
109	193
284	193
94	194
217	194
294	194
164	195
223	195
240	195
273	195
94	197
198	198
253	198
211	199
105	200
203	200
213	200
223	200
254	200
291	200
173	201
226	201
269	202
106	204
167	204
66	205
199	205
204	205
242	205
277	205
85	206
199	206
208	207
276	207
259	208
97	209
173	209
167	210
203	210
257	210
106	211
265	211
129	212
199	212
205	212
224	212
228	212
116	213
182	213
282	213
76	214
76	215
103	215
153	215
151	216
162	216
81	217
86	217
114	217
127	217
170	217
200	217
245	218
105	219
245	219
279	219
261	220
177	222
192	222
138	223
170	223
190	223
278	223
81	224
147	224
81	225
155	225
266	225
200	226
238	226
241	227
281	228
138	229
175	230
139	231
170	231
247	231
78	232
187	232
101	233
182	233
195	233
261	234
231	235
279	235
136	236
188	236
137	237
171	237
245	237
248	238
109	239
146	239
237	240
112	241
127	241
177	241
238	241
248	243
136	244
190	244
238	244
118	245
139	245
222	245
252	245
263	245
132	246
212	246
104	247
162	247
168	247
227	247
243	247
94	248
183	248
91	249
126	249
273	249
104	251
117	252
226	252
168	253
258	253
126	256
229	256
116	257
132	257
145	257
101	258
174	259
93	260
124	260
148	260
165	260
217	260
98	261
156	261
163	261
224	261
253	261
272	262
163	263
223	264
225	266
162	268
166	268
147	273
183	273
232	273
275	274
157	275
217	275
122	276
206	277
184	278
271	278
107	279
222	279
136	281
181	281
229	281
111	282
122	283
124	283
157	283
170	283
172	283
218	283
244	283
149	284
157	284
236	284
202	285
135	286
186	286
233	286
225	287
239	288
263	288
138	289
146	289
179	289
194	290
227	290
122	291
170	291
152	292
162	292
140	296
195	297
123	298
147	298
151	298
224	298
235	298
255	298
154	299
162	299
238	305
246	305
248	305
226	306
165	307
128	309
243	309
229	312
151	313
179	313
238	313
165	314
171	314
203	314
161	315
170	315
204	315
222	315
169	320
220	321
