797
198	3
235	3
259	3
265	3
248	4
251	4
151	5
156	5
267	6
157	7
259	7
275	8
250	10
244	14
156	15
256	15
227	16
277	16
181	17
219	17
249	17
189	18
271	19
109	20
281	21
154	24
142	26
222	26
186	27
220	28
100	29
193	29
162	31
276	31
163	32
198	32
157	33
233	34
241	34
258	34
267	35
238	36
263	36
190	37
181	38
98	39
163	39
280	39
189	40
234	41
239	42
107	43
180	43
231	43
257	45
263	45
258	46
208	48
97	49
175	51
147	52
152	52
185	52
224	52
252	52
258	52
155	53
201	53
233	53
212	54
220	54
243	54
164	55
228	55
111	56
237	56
286	56
93	57
124	57
174	57
193	58
253	58
93	59
174	59
207	59
246	60
268	61
274	61
124	62
147	62
154	62
262	62
271	62
281	62
150	63
279	63
122	64
186	64
211	64
164	65
173	65
262	66
199	67
256	67
191	68
239	68
157	69
232	69
279	69
286	69
158	70
210	70
228	70
235	70
136	72
181	72
88	73
133	73
200	73
258	74
263	74
198	75
288	76
179	77
103	78
186	78
144	79
186	79
243	79
142	80
152	80
153	80
229	80
236	80
238	80
271	80
121	81
128	81
214	81
223	81
225	81
278	81
198	82
211	82
219	82
232	82
251	84
259	84
266	84
85	85
137	85
170	85
246	85
253	85
259	85
271	86
145	87
266	87
96	88
128	88
186	88
212	89
238	89
208	90
233	90
272	90
278	90
93	91
152	91
161	91
246	91
115	92
121	92
146	92
164	92
241	92
104	93
233	93
248	93
253	93
228	94
229	94
267	94
271	94
176	95
208	95
259	95
213	96
223	96
84	98
152	98
204	98
284	98
89	99
106	99
164	99
230	99
267	99
271	99
278	99
134	100
223	100
168	101
241	101
248	101
130	102
137	102
236	102
249	102
117	103
186	103
223	103
256	103
260	103
219	105
232	105
233	105
235	105
90	106
164	106
227	106
278	106
241	107
284	107
288	107
127	108
185	108
207	108
248	108
267	108
271	108
272	108
278	108
145	109
192	109
260	109
265	109
228	110
233	110
256	110
174	111
176	111
228	113
80	114
222	114
119	115
203	115
230	115
234	115
112	116
189	116
284	117
108	118
266	118
271	118
98	119
162	119
230	119
236	119
241	119
256	119
264	119
169	120
178	120
215	120
222	120
224	120
279	120
281	120
140	122
145	122
170	122
189	122
233	122
215	123
121	124
189	124
206	124
242	124
244	124
181	125
93	126
124	126
278	126
105	127
136	127
140	127
206	127
256	127
107	128
141	128
145	128
152	128
263	128
199	129
227	130
233	130
181	131
98	132
137	132
141	132
154	132
130	133
236	133
242	133
187	134
189	134
263	134
87	135
256	135
262	135
269	135
287	136
113	137
137	137
161	137
154	138
277	138
169	139
211	139
218	139
242	139
126	141
144	141
236	141
144	142
229	142
277	142
286	142
83	143
137	143
242	143
256	143
129	144
139	144
236	144
242	144
122	145
203	145
212	145
219	145
198	146
85	147
276	147
145	148
256	148
261	148
242	149
214	150
220	150
255	150
129	151
140	152
199	152
202	152
286	152
296	152
140	153
92	154
293	154
124	156
119	157
146	157
268	157
188	158
236	158
238	158
287	158
156	159
163	159
205	159
152	160
157	160
182	160
254	160
113	161
135	161
211	161
212	161
221	162
87	163
228	163
236	163
147	164
152	164
154	164
199	164
217	164
274	164
193	165
120	166
122	166
137	166
173	166
203	166
205	166
254	166
258	166
123	167
148	167
166	167
274	167
97	168
109	168
137	168
285	168
92	169
155	169
161	169
166	169
241	169
268	169
272	169
274	169
292	169
252	170
154	172
217	172
203	173
223	173
225	173
253	173
139	174
156	174
161	174
235	174
258	174
113	175
240	175
241	175
128	176
130	176
169	176
212	176
278	176
282	176
88	177
114	177
228	177
122	178
164	178
272	178
222	179
228	180
240	180
256	180
152	181
164	181
171	181
231	181
142	182
146	182
151	182
159	182
166	182
225	182
238	182
265	182
117	183
212	183
256	183
270	183
272	183
172	184
176	184
178	184
246	184
247	184
166	185
261	185
168	186
188	186
225	186
162	187
253	187
121	188
229	188
144	189
185	189
200	189
168	190
229	190
285	190
152	191
277	191
287	191
88	192
164	192
219	192
233	192
244	192
282	192
253	193
257	193
293	193
151	194
177	194
265	194
146	195
223	195
243	195
249	196
253	196
146	197
173	197
223	197
301	197
139	198
141	198
247	198
293	199
142	200
227	200
229	200
273	200
281	200
283	200
296	200
127	201
221	201
253	201
276	201
167	202
173	202
239	202
161	203
283	203
86	204
166	204
206	204
215	204
222	204
241	204
258	204
263	204
264	204
268	204
288	204
156	205
159	205
232	205
160	206
138	207
145	207
150	207
153	207
147	208
250	209
268	209
270	209
115	210
222	210
256	210
263	210
288	210
296	210
204	211
215	211
252	211
260	211
266	211
132	212
164	212
204	212
220	212
292	212
131	214
171	214
281	214
252	215
90	216
220	216
231	216
260	216
281	216
170	217
229	217
238	217
240	217
256	217
261	217
122	218
202	219
299	220
130	221
211	221
243	221
261	221
263	221
100	222
137	222
231	222
233	222
256	223
258	223
211	227
226	229
248	229
259	229
204	230
209	230
223	230
84	232
91	232
223	232
238	232
257	232
283	232
217	233
250	233
288	233
300	233
98	235
149	235
224	236
166	237
194	237
203	237
233	237
258	237
181	238
165	239
209	239
217	239
218	239
224	239
252	239
233	241
237	241
179	242
194	242
293	242
246	243
296	243
94	244
225	244
239	245
243	245
305	245
102	246
208	246
218	246
112	247
205	247
219	247
239	247
248	247
250	247
138	248
270	248
288	248
186	249
232	250
244	250
98	251
186	251
195	251
253	251
136	252
284	252
293	252
219	253
242	253
301	253
179	254
264	254
295	254
170	255
161	256
189	256
192	256
175	257
179	257
226	257
266	257
280	257
95	259
169	259
205	259
242	259
303	259
209	260
272	260
283	260
189	262
96	263
186	263
197	265
227	265
157	266
182	266
186	266
206	266
209	266
100	267
172	267
163	269
197	270
200	270
125	272
182	272
206	272
201	273
309	273
144	274
188	274
128	276
142	276
194	276
201	277
235	278
214	280
165	281
220	281
134	282
152	282
193	282
148	283
237	283
245	283
271	284
176	285
310	285
163	286
272	286
146	287
214	287
220	287
163	288
245	288
199	289
107	290
204	290
156	291
173	291
175	291
212	291
260	291
279	292
110	293
156	293
191	293
287	293
261	294
267	294
167	295
169	295
281	295
286	295
183	296
288	296
173	297
249	297
187	298
189	298
205	298
267	298
190	299
242	299
311	299
183	300
199	300
187	301
234	301
249	301
213	302
116	308
204	308
128	309
209	310
225	310
117	311
215	311
312	311
248	312
237	314
284	314
124	316
208	316
229	316
215	317
217	317
249	318
277	321
275	324
218	326
276	328
224	334
268	336
193	338
207	339
218	339
266	343
258	345
183	346
252	346
210	347
