860
162	3
195	3
209	3
233	3
222	4
208	7
176	8
222	8
219	9
214	11
232	11
250	11
154	12
162	14
83	15
239	17
143	18
175	18
123	19
178	19
239	19
187	21
228	21
158	22
196	22
237	22
166	24
213	24
220	25
257	25
82	26
89	26
180	26
187	26
188	26
147	27
167	27
197	28
171	29
180	29
197	29
188	30
221	30
227	31
165	32
228	33
237	33
146	34
220	34
72	35
189	35
182	36
257	37
73	39
124	39
72	41
183	41
124	42
209	42
231	43
180	44
220	44
211	46
257	46
261	46
166	47
115	48
122	48
72	49
101	49
124	50
190	50
135	51
202	51
140	52
164	52
182	52
188	52
216	52
259	53
148	54
153	54
198	54
99	56
175	56
124	57
180	57
233	57
167	58
227	58
265	58
117	59
135	59
253	59
147	60
157	60
172	60
173	61
218	61
192	62
201	63
227	63
108	64
123	64
150	64
198	64
223	64
130	65
129	66
206	66
130	67
271	67
149	69
192	69
238	69
137	70
198	70
63	71
188	71
230	71
224	72
208	73
216	73
127	74
72	75
161	75
270	75
98	76
153	76
273	76
56	77
135	77
167	77
84	78
108	79
115	79
144	79
159	79
233	80
238	80
116	81
256	81
145	82
160	82
183	82
123	83
170	83
225	83
247	83
253	83
84	84
133	84
152	84
178	84
218	84
262	84
273	84
83	85
96	85
218	86
165	87
213	87
99	88
108	89
122	89
140	89
58	90
115	90
228	90
232	90
70	92
144	92
159	92
237	92
279	93
108	94
252	94
94	95
115	95
172	95
257	95
91	96
116	96
237	96
245	96
149	97
244	97
250	97
108	98
51	99
138	99
277	100
125	101
279	101
221	102
228	102
166	103
206	103
211	103
130	104
163	105
48	106
80	106
111	106
206	106
236	106
251	106
257	106
48	107
111	107
178	107
192	107
198	107
200	107
228	107
235	107
260	107
122	108
142	108
173	108
245	108
281	108
68	109
72	109
242	110
245	110
222	111
228	111
188	112
192	112
87	113
179	113
126	114
175	114
53	115
73	115
72	116
138	117
142	117
143	117
215	117
221	117
222	118
227	118
62	119
88	119
168	119
183	119
188	119
189	119
194	119
201	119
56	120
196	120
241	120
247	120
256	120
203	121
206	121
263	122
87	123
131	123
189	123
215	123
221	124
222	124
247	124
253	124
284	124
93	125
109	125
135	125
177	125
227	125
228	125
233	125
102	126
141	127
210	127
95	128
233	128
237	128
246	128
119	129
141	129
221	129
227	129
252	129
191	131
52	132
186	132
193	132
195	132
203	132
204	132
210	132
227	132
233	132
173	134
177	134
252	134
96	135
181	135
186	135
239	135
243	135
259	135
233	137
237	137
76	138
193	138
222	138
226	138
69	139
89	139
195	139
203	139
210	139
244	139
56	140
129	140
147	140
187	140
250	140
117	141
220	141
96	143
101	143
144	143
183	143
250	144
256	145
286	145
109	146
183	147
227	147
233	147
239	147
243	147
79	148
249	148
178	149
203	149
210	149
64	150
91	150
96	150
227	151
55	152
146	152
82	153
168	153
212	153
214	153
75	154
109	154
136	154
160	154
196	154
203	154
237	154
248	154
98	156
102	156
210	156
104	157
211	157
237	157
226	158
248	158
252	158
281	158
50	159
82	159
92	159
160	159
262	159
283	159
76	160
136	160
232	160
154	161
268	161
97	162
93	163
189	163
196	163
109	164
140	164
171	164
248	164
253	164
181	165
99	166
277	166
171	167
242	167
247	167
254	167
258	167
268	167
271	167
109	168
231	168
237	168
287	168
79	169
81	169
165	169
196	169
203	169
218	169
222	169
124	170
223	170
227	170
100	171
130	171
71	172
85	172
182	172
247	172
47	173
65	173
157	173
173	173
263	173
150	174
230	174
103	175
110	175
95	176
101	176
157	176
216	176
151	177
166	177
173	177
229	177
263	177
85	178
251	178
158	179
151	180
196	180
199	180
76	181
80	181
101	181
125	181
131	181
209	181
216	181
223	181
236	181
249	181
263	182
196	183
242	183
68	184
90	184
229	184
234	184
223	185
254	186
235	187
238	187
239	188
82	189
154	189
288	189
110	190
108	191
164	191
48	192
64	192
173	192
254	192
79	193
216	193
247	193
92	194
173	194
182	194
208	194
215	194
221	194
223	194
252	194
294	195
91	196
156	196
192	196
201	196
233	196
88	197
182	197
233	197
67	198
72	198
239	198
243	198
259	198
69	199
120	199
221	199
252	199
263	199
76	200
99	200
115	200
173	200
192	200
94	201
179	201
190	201
84	203
111	203
115	203
131	203
227	203
77	204
208	204
213	204
233	204
248	204
261	204
283	204
126	205
159	205
163	205
172	205
178	205
236	205
288	205
255	207
250	208
260	208
99	209
48	210
86	210
178	210
190	210
82	211
89	211
126	211
111	212
183	212
194	212
198	212
251	212
75	213
106	213
220	213
134	214
224	214
258	214
260	214
130	215
183	215
201	215
106	216
116	216
147	216
262	216
104	217
121	217
258	217
268	217
91	218
98	218
159	219
210	220
231	220
238	220
186	221
193	221
91	222
109	222
131	222
190	222
198	222
213	222
241	222
262	222
268	222
46	223
87	223
101	223
104	223
107	223
111	223
267	223
273	223
120	224
135	224
231	224
247	224
128	225
234	225
41	226
163	226
41	227
101	227
258	227
107	228
90	229
104	229
121	229
140	229
205	229
76	230
208	230
247	230
250	230
47	231
234	231
46	232
162	232
228	232
262	232
129	233
208	233
236	233
237	233
287	233
268	234
92	235
170	235
221	235
241	235
102	236
104	236
213	236
215	236
227	236
94	237
120	237
191	238
223	238
225	238
234	238
250	238
116	239
171	241
179	241
180	241
193	241
221	241
203	242
113	243
116	243
193	244
210	244
234	244
236	244
266	244
42	245
206	245
270	245
289	245
42	246
221	246
84	247
181	248
195	248
198	248
213	248
215	249
217	249
218	249
279	249
211	250
244	250
84	251
200	251
230	251
70	252
167	252
226	252
233	252
250	252
253	252
112	254
239	255
79	256
49	257
167	257
177	257
174	258
176	258
274	258
65	259
264	259
165	260
191	260
224	260
238	260
185	261
188	261
226	261
241	261
118	262
177	262
201	262
212	262
85	264
173	264
61	265
253	265
255	265
69	266
188	266
202	267
155	268
269	268
184	269
69	270
172	270
195	270
198	270
200	270
205	271
65	272
67	272
245	272
119	273
153	273
202	273
205	273
248	273
274	274
84	275
264	275
181	276
59	277
117	277
172	277
193	277
239	278
88	279
190	279
201	279
145	280
120	282
181	282
269	282
181	283
210	283
66	284
112	284
244	284
59	285
91	285
161	285
169	285
245	285
104	286
119	286
187	286
211	286
144	287
220	288
182	289
159	290
70	291
71	291
169	291
272	291
244	292
248	294
99	295
146	295
234	295
186	296
113	298
132	298
139	298
196	298
231	298
78	299
148	300
153	300
191	300
60	301
71	301
132	301
245	302
135	304
182	304
247	304
272	305
142	306
86	308
103	310
107	312
163	312
181	312
201	312
224	313
195	314
231	314
190	315
225	315
112	316
127	316
202	316
115	317
152	317
182	317
233	317
151	319
174	320
126	321
209	322
211	322
268	322
142	323
241	324
267	324
120	325
122	325
203	325
222	325
109	326
134	326
168	327
220	327
261	329
133	330
118	332
204	332
77	333
151	333
157	333
235	333
166	334
167	334
209	335
189	336
205	336
151	337
176	339
181	339
226	341
89	344
97	344
186	344
96	345
236	345
97	346
152	346
89	347
115	347
134	347
157	347
158	347
199	347
217	347
242	347
