658
166	3
177	3
207	3
210	3
223	3
245	3
250	3
233	4
195	6
203	6
224	7
168	8
233	8
120	9
142	10
130	11
147	11
195	11
209	11
154	12
208	12
258	12
100	13
172	13
196	13
172	14
137	16
202	16
109	19
115	19
170	19
259	20
101	21
162	22
205	23
143	24
119	25
136	25
143	25
163	25
211	26
225	26
240	26
92	28
106	29
177	29
188	29
244	29
249	29
96	31
142	31
204	31
211	31
91	32
162	32
173	32
200	32
205	32
210	32
156	33
87	34
126	34
183	35
203	36
220	36
106	37
213	37
125	38
179	38
146	40
152	40
252	41
229	42
222	43
163	44
182	44
144	46
151	46
176	46
260	46
104	47
165	47
191	47
125	48
257	48
112	49
152	49
176	49
240	51
162	52
163	53
265	53
126	54
179	54
240	54
250	55
149	56
180	56
182	56
248	56
90	57
104	57
174	57
216	57
224	57
104	58
167	58
161	59
117	60
149	60
178	60
121	61
153	61
248	61
255	61
142	64
196	64
231	64
239	64
99	65
153	68
112	69
209	69
217	69
253	69
267	69
259	70
274	70
209	71
136	72
197	72
203	72
253	75
258	75
85	76
105	76
119	76
198	76
203	76
132	77
147	77
131	78
159	78
172	79
198	80
204	80
267	81
192	83
198	83
212	84
218	84
238	84
241	84
100	85
119	85
143	85
145	85
266	85
90	86
122	86
186	86
192	86
219	86
236	87
104	89
201	90
84	91
188	91
193	91
224	91
243	93
118	94
111	95
104	96
214	96
243	96
78	97
149	97
188	97
253	97
82	98
182	98
96	99
139	99
243	99
170	100
218	100
222	100
156	101
196	101
214	101
218	101
230	101
235	101
110	102
115	102
203	102
205	102
211	102
82	103
253	103
258	104
96	106
125	107
132	107
154	107
191	107
196	107
252	107
273	107
275	107
176	108
219	111
233	112
227	113
154	114
194	114
83	115
117	115
217	115
75	116
81	116
169	116
176	116
218	116
240	117
250	117
271	117
277	117
93	118
250	118
141	119
255	119
277	120
105	121
147	121
106	122
76	124
147	124
244	124
121	125
161	125
196	125
203	125
274	125
85	126
115	126
218	126
253	126
261	126
155	127
231	127
236	128
238	128
230	129
94	130
102	130
248	130
272	130
81	131
106	131
204	131
252	131
74	133
106	133
116	134
259	134
171	135
178	135
248	135
251	135
222	136
228	136
209	137
215	137
216	137
91	138
196	138
222	138
241	138
201	139
208	139
88	140
75	141
208	141
258	141
82	142
96	142
214	142
263	143
103	145
271	145
208	146
214	146
222	146
201	147
208	147
226	147
228	147
234	147
89	148
239	148
255	148
261	148
215	149
219	149
260	149
108	150
156	150
226	150
246	151
200	152
152	153
74	154
208	154
79	155
113	155
118	155
212	155
234	155
253	155
264	155
164	156
272	156
125	157
158	157
160	157
166	157
119	158
199	159
212	159
217	159
98	160
112	160
114	160
186	160
264	160
267	160
109	161
193	161
199	162
89	163
204	163
237	163
255	163
198	165
146	166
182	166
204	166
268	166
127	167
210	167
218	167
223	167
225	167
231	167
261	167
75	168
89	168
102	168
121	168
173	168
230	168
258	168
123	169
137	169
265	169
81	170
198	170
200	170
176	172
192	172
241	172
139	175
182	175
209	175
188	176
212	176
222	176
229	176
231	176
254	176
74	177
102	177
131	177
242	177
284	177
126	178
180	178
182	178
226	178
111	179
284	179
109	180
157	180
186	180
81	181
121	181
176	181
180	181
211	181
234	182
246	182
89	184
239	184
257	184
295	184
99	185
134	185
201	185
71	186
99	186
130	186
161	186
182	186
217	186
243	186
246	186
251	186
94	187
121	187
131	187
221	187
248	187
152	188
200	188
237	188
282	188
116	189
204	190
71	191
78	191
112	191
116	191
210	191
248	191
280	191
263	192
109	193
131	193
239	194
88	197
223	197
80	198
224	198
227	198
232	198
239	198
87	199
119	199
230	199
243	199
276	199
252	200
118	201
186	202
215	202
114	203
177	203
216	203
230	203
75	204
221	204
91	205
108	205
238	206
216	207
73	208
82	208
187	208
180	210
193	210
225	210
232	210
95	211
246	211
259	211
114	212
168	212
179	212
253	212
256	212
204	213
218	213
132	215
220	215
264	216
106	217
206	217
241	217
82	218
168	218
177	218
179	218
182	218
213	218
256	218
262	218
267	218
235	219
103	220
112	220
236	220
163	221
191	221
113	222
140	222
183	222
222	223
259	223
164	224
201	224
245	224
171	225
193	225
89	228
150	228
201	228
217	228
249	228
256	228
158	229
162	230
188	230
225	230
119	231
172	231
212	231
239	231
110	232
166	232
169	232
197	232
148	233
249	235
108	236
151	236
186	236
200	236
165	237
185	237
176	238
192	239
193	239
200	240
203	240
264	240
87	241
102	242
137	244
156	244
246	245
170	246
112	247
130	247
145	247
217	247
112	248
148	248
202	249
122	250
136	251
218	251
238	252
108	253
223	253
261	253
121	254
139	254
170	255
174	255
243	255
132	256
106	257
155	257
222	257
231	257
131	260
195	260
236	260
217	261
106	262
133	262
119	263
151	263
243	263
157	264
225	264
169	265
98	266
102	266
141	266
173	266
210	266
149	267
217	267
114	268
117	268
228	268
102	269
152	270
158	270
215	270
227	270
244	271
164	272
196	274
209	275
239	275
115	276
134	276
219	276
250	277
146	278
169	279
175	279
175	280
234	280
234	282
133	283
228	283
185	285
202	285
154	286
141	287
168	287
131	289
148	289
239	290
238	291
154	292
228	293
231	294
207	295
128	296
131	297
153	297
140	300
175	300
163	301
197	301
147	302
226	302
128	304
153	305
156	305
167	308
157	314
208	314
169	315
180	315
200	317
157	320
152	321
169	321
180	322
144	325
146	325
