766
251	3
129	4
124	6
223	6
258	7
171	8
191	9
229	9
185	10
175	11
236	11
212	12
148	13
210	13
140	15
108	17
266	22
218	28
103	29
181	29
189	29
276	33
175	36
99	38
194	38
197	38
194	43
273	43
219	45
280	45
224	46
266	46
89	48
202	48
204	48
186	50
217	50
236	51
178	52
162	53
157	54
202	54
178	55
280	55
168	56
218	56
276	56
279	56
91	57
184	57
189	57
85	58
232	58
238	58
82	59
105	59
120	59
112	60
198	60
200	60
237	61
164	63
172	64
250	64
269	64
84	66
222	66
260	66
252	68
271	68
282	68
89	69
164	69
172	69
219	71
227	72
92	73
283	73
258	74
286	74
191	76
273	76
280	76
83	77
261	79
263	79
146	80
159	80
220	80
119	82
127	82
258	82
218	83
78	84
204	84
146	85
159	86
198	86
142	87
151	87
163	87
128	88
266	88
223	89
235	89
243	89
102	90
119	90
120	90
259	90
261	90
97	91
150	92
206	92
268	92
143	93
196	93
78	94
177	94
210	94
227	94
101	95
196	95
198	95
134	96
233	96
166	97
188	97
230	97
119	98
241	98
205	99
171	100
241	100
258	101
78	102
149	103
159	104
183	104
273	104
209	105
104	106
120	106
233	106
258	106
74	107
191	107
241	107
252	107
176	108
227	108
78	109
236	109
140	110
143	111
148	111
206	112
105	113
178	113
159	114
75	115
84	115
291	115
97	116
168	116
175	116
187	116
195	116
203	116
268	116
290	116
262	117
276	117
151	118
229	118
152	119
272	119
176	120
221	120
223	120
126	121
131	121
203	121
142	122
216	122
197	123
201	123
281	123
71	125
103	125
171	125
174	125
193	125
94	126
138	127
141	127
182	127
288	127
113	129
147	129
148	129
209	129
256	129
262	129
121	130
213	130
218	130
249	130
240	131
193	132
206	132
228	132
232	132
235	132
72	134
74	134
163	134
67	135
121	136
138	136
288	136
292	136
258	137
139	138
242	138
263	138
145	139
155	139
202	139
235	139
287	139
228	140
291	140
93	141
108	141
114	141
237	141
242	141
223	142
228	142
257	143
263	143
145	144
147	144
207	144
123	145
217	145
223	145
243	145
244	145
249	145
237	146
96	147
122	147
199	147
68	148
179	148
256	148
167	149
226	149
231	149
233	149
237	149
110	150
283	150
263	151
289	151
276	152
263	153
281	154
221	155
226	155
252	155
199	156
257	156
262	156
73	157
177	157
233	157
228	158
235	158
238	158
240	158
111	159
154	159
185	159
296	159
194	160
130	161
252	161
256	161
182	162
262	162
276	162
281	162
105	163
268	163
286	163
268	164
275	164
287	165
67	166
77	166
154	166
276	166
90	167
161	167
170	167
228	167
235	167
223	168
225	168
113	169
207	169
215	169
79	170
122	170
133	170
161	170
218	171
243	171
246	171
144	172
151	172
198	172
201	172
206	172
99	173
180	173
236	173
243	173
266	173
299	174
72	175
285	175
99	176
191	176
126	177
172	177
250	177
258	177
121	178
177	178
274	178
278	179
89	180
177	180
78	181
91	181
110	181
133	181
161	181
236	181
238	181
266	181
278	181
284	181
60	182
92	182
128	182
151	182
161	182
168	182
228	182
236	182
271	182
60	184
68	184
210	184
139	185
203	185
278	185
134	186
283	186
112	187
127	187
258	187
290	187
216	188
263	188
271	188
295	188
97	189
119	189
212	189
276	189
112	190
122	190
283	190
288	190
134	192
228	192
263	192
130	193
196	193
202	193
267	193
140	194
221	194
241	194
241	196
255	196
67	197
121	197
130	197
301	197
161	199
168	199
276	199
115	200
137	200
270	200
110	202
255	202
178	203
248	203
281	203
233	204
241	204
254	204
62	205
146	205
156	205
161	205
172	205
221	205
261	205
262	205
125	206
261	206
265	206
261	207
262	207
97	208
119	208
200	209
110	210
127	210
196	210
212	210
221	210
98	211
183	211
189	211
195	211
241	211
248	211
113	212
266	212
280	212
151	213
156	213
208	213
246	213
247	213
218	214
226	214
230	214
266	216
181	217
116	218
151	219
195	219
103	220
135	220
271	220
280	220
119	221
181	221
252	221
301	221
104	222
258	222
259	222
282	222
112	223
200	223
232	223
265	223
64	224
159	225
213	225
243	225
134	226
136	226
146	226
156	226
200	227
107	228
304	228
125	229
147	229
169	229
179	229
216	229
220	229
271	229
164	230
232	230
258	230
286	230
141	231
171	231
243	231
246	231
265	231
60	232
114	232
174	232
262	232
286	232
111	233
166	233
236	233
246	233
273	233
293	233
132	234
140	234
191	234
253	234
133	235
119	236
140	237
276	237
153	239
166	239
289	239
148	240
194	240
301	240
135	241
140	241
161	241
164	241
244	241
290	241
121	242
124	242
126	242
156	242
248	242
269	243
275	243
235	244
271	244
117	245
156	245
236	245
278	245
192	246
303	246
118	247
211	247
287	247
247	248
164	249
203	249
236	249
62	250
146	250
148	250
211	250
294	250
250	251
255	251
137	252
143	252
149	252
241	252
263	252
271	252
285	252
298	252
307	252
128	253
255	253
266	253
273	253
276	253
288	254
280	255
120	256
138	256
204	256
211	256
240	256
119	257
216	257
305	257
154	258
255	258
227	260
300	261
302	261
141	262
164	262
256	262
216	263
221	263
232	263
278	263
118	264
227	264
245	264
250	264
271	264
162	265
273	265
281	265
292	265
89	266
66	267
86	267
222	267
235	267
251	267
267	268
111	269
105	270
271	270
300	270
80	271
207	272
245	272
288	273
134	274
167	274
212	274
215	274
247	274
251	274
198	275
227	275
291	276
165	277
227	277
236	277
257	277
207	278
268	278
100	279
138	279
271	280
64	282
183	282
238	282
240	282
301	282
91	283
95	283
170	283
196	283
302	284
203	285
291	285
106	286
235	286
168	287
183	287
242	287
245	287
91	289
235	289
101	291
197	292
235	292
83	293
231	294
297	294
175	295
95	296
182	297
222	297
236	297
238	297
249	297
260	297
97	298
195	298
232	298
71	299
169	299
175	299
181	299
275	299
296	299
195	300
81	301
149	301
175	301
229	301
239	301
251	301
139	302
223	302
181	303
145	304
168	304
175	304
193	306
175	307
230	307
267	307
143	308
106	309
175	309
107	310
224	312
168	313
173	313
257	313
86	314
199	314
152	315
187	315
298	315
82	316
225	316
168	317
116	319
127	319
174	319
189	319
199	319
188	324
133	325
137	325
86	326
222	326
76	327
199	328
298	328
181	330
189	331
92	332
224	332
227	332
150	333
169	334
266	334
198	335
250	335
257	336
191	337
227	337
157	338
268	338
271	338
152	339
169	339
183	340
254	341
179	345
255	345
272	345
242	346
266	346
98	347
111	347
124	347
142	347
154	347
171	347
226	347
253	347
