734
75	3
179	3
186	3
102	4
211	4
221	4
241	4
156	7
245	7
75	8
159	8
67	9
126	13
99	15
143	15
209	15
159	17
165	17
209	18
155	19
217	19
65	20
137	20
183	20
132	21
193	22
199	22
208	23
92	24
101	24
106	24
161	24
219	24
189	25
252	25
113	26
142	26
208	28
100	29
212	29
120	30
230	30
61	31
64	32
77	33
140	33
254	33
112	34
195	34
201	35
59	36
64	36
59	37
144	37
129	38
193	38
229	38
116	39
120	39
108	40
150	40
207	41
76	42
131	42
216	42
256	43
232	45
86	46
144	46
243	46
115	47
141	47
146	47
86	48
161	48
162	49
259	49
260	49
92	50
96	50
142	50
152	50
171	50
211	50
222	50
131	51
194	51
210	51
71	52
108	52
184	52
231	52
153	53
122	54
247	55
129	56
158	56
221	56
86	58
88	58
121	58
256	58
108	59
73	60
152	60
190	61
208	61
241	61
172	62
233	62
256	62
110	63
147	63
149	63
127	64
253	64
262	64
217	65
194	66
84	67
158	67
83	68
142	68
257	68
144	69
164	69
176	69
254	69
75	70
157	70
97	71
120	71
241	71
203	72
233	72
110	73
238	73
246	73
248	73
263	73
59	74
162	74
171	74
181	74
198	74
229	74
253	74
126	75
268	75
67	78
137	78
126	79
256	79
91	81
166	81
267	82
97	83
135	83
86	84
229	84
231	84
236	84
67	85
224	85
60	86
171	86
86	88
236	89
265	89
268	90
82	91
161	91
218	91
224	91
231	91
220	92
231	92
158	93
214	93
71	94
101	94
56	95
94	95
191	95
108	96
66	97
244	97
253	98
214	99
215	99
220	99
221	99
272	99
48	100
51	100
208	100
241	100
259	100
94	101
178	101
232	101
66	102
138	102
59	103
89	103
102	103
195	103
67	104
98	104
241	104
250	104
110	105
186	105
227	105
135	106
194	106
202	106
208	106
214	106
222	106
62	107
115	107
205	107
216	107
224	107
236	107
270	107
277	107
167	108
172	108
98	109
92	110
168	112
236	112
55	115
115	116
127	116
241	116
242	116
109	117
246	117
53	118
112	118
186	118
207	119
208	119
213	119
219	119
227	119
193	120
199	120
233	120
236	120
266	120
127	122
193	122
238	122
101	123
123	123
176	123
177	123
187	123
65	124
238	124
61	125
67	125
75	125
98	125
152	125
157	125
153	126
169	126
194	126
253	126
188	127
208	127
213	127
214	127
116	128
201	128
196	129
148	130
160	130
188	131
203	131
207	131
226	131
228	131
53	132
82	132
222	132
236	132
60	133
154	133
156	133
172	135
62	136
71	136
197	136
215	136
53	137
125	137
126	137
191	137
209	137
119	138
84	139
237	139
243	139
172	140
184	140
204	140
209	140
216	140
166	141
174	141
56	142
75	143
92	143
166	143
211	143
216	143
252	143
258	143
271	143
204	144
86	145
155	145
161	145
174	145
205	145
243	145
282	145
168	146
249	146
264	146
236	147
243	147
194	148
212	148
217	148
219	148
222	148
183	149
187	149
188	149
243	149
249	149
111	150
80	151
170	151
53	152
105	152
221	152
265	152
188	153
207	153
63	154
269	154
95	155
157	155
163	155
199	155
70	156
80	156
99	156
184	156
188	156
194	156
243	156
261	156
263	156
268	156
90	157
213	157
248	157
250	157
65	158
71	158
200	158
206	158
207	158
231	158
74	159
178	159
65	160
171	160
173	160
196	160
200	160
241	161
121	162
166	162
186	162
276	162
116	163
187	163
233	163
246	163
248	163
77	164
100	164
207	164
214	164
283	164
179	166
53	167
173	167
165	168
266	168
61	169
63	169
88	169
99	169
117	169
274	169
285	169
252	170
256	170
285	170
220	172
233	172
237	172
238	173
245	173
83	174
92	174
136	174
187	174
194	174
257	174
263	174
167	175
172	175
207	175
210	175
55	176
120	176
251	176
274	176
55	177
174	177
182	177
187	177
213	177
256	177
201	178
218	178
107	180
232	180
106	181
120	181
140	181
213	181
218	181
238	181
114	182
196	182
201	182
217	182
236	182
248	182
250	182
286	182
79	183
254	183
231	184
151	185
169	185
48	186
157	186
180	186
211	186
236	186
262	186
61	187
145	187
185	187
268	187
286	187
160	188
206	188
215	188
243	188
92	189
230	189
254	189
259	189
175	190
215	190
248	190
252	190
222	191
228	191
85	192
54	193
55	194
120	194
77	195
195	195
62	196
58	197
66	198
70	198
235	198
75	199
131	199
183	200
227	200
231	200
238	200
282	200
196	202
201	202
258	202
263	203
92	204
186	204
231	204
244	204
249	204
62	205
115	205
203	205
218	205
222	205
236	205
238	205
243	205
208	206
230	206
253	206
139	207
103	208
130	209
81	210
125	210
127	210
96	211
269	211
132	212
202	212
207	212
228	212
275	212
92	213
96	213
114	213
123	213
214	213
73	214
108	214
127	215
227	215
67	216
208	217
267	217
136	218
266	218
271	218
92	219
84	220
239	220
90	221
130	221
122	223
249	224
256	224
134	225
135	225
210	225
219	225
256	226
263	228
81	229
124	229
139	229
107	230
85	231
106	231
198	231
216	231
256	231
61	232
69	232
121	232
208	232
275	232
201	233
209	233
260	233
239	235
250	235
251	235
70	236
122	236
241	236
227	237
258	237
90	238
82	240
158	240
233	240
90	241
193	241
210	241
105	242
117	243
143	243
76	244
209	244
229	244
228	245
178	246
200	246
152	247
156	248
112	249
123	249
224	249
244	249
161	251
163	251
188	251
209	251
269	251
144	252
171	252
176	254
194	254
94	255
164	257
166	257
173	259
81	260
206	260
74	261
100	261
135	262
147	262
149	263
170	263
181	263
181	264
118	265
129	265
141	265
86	266
141	266
109	267
83	271
90	271
127	271
145	272
154	273
102	276
109	277
168	277
170	277
178	277
261	277
197	280
239	280
92	281
125	281
102	282
231	282
246	282
160	283
110	286
175	286
199	286
246	287
250	288
194	289
244	289
200	291
152	292
106	293
246	293
121	294
213	294
234	294
135	295
189	295
170	297
185	297
222	298
153	300
160	301
197	301
185	302
168	303
179	303
209	303
236	303
99	304
222	304
143	305
228	305
100	306
228	307
153	308
210	308
111	309
164	310
181	310
186	310
234	310
104	311
138	311
171	311
110	312
219	312
201	313
171	317
208	317
121	320
201	320
127	324
190	324
133	325
163	325
213	326
178	327
140	328
194	331
131	332
214	332
144	336
207	336
202	337
167	340
173	340
