623
82	3
100	3
127	3
192	3
167	5
128	6
206	6
177	7
113	8
41	9
44	10
191	12
120	13
81	16
155	16
206	16
93	18
102	18
130	20
161	20
154	22
199	23
99	24
68	28
38	31
85	32
96	32
99	32
190	32
107	33
149	33
141	34
211	34
158	36
96	37
124	38
135	38
181	38
36	40
49	40
64	40
55	41
148	41
203	41
41	42
85	42
102	42
107	42
82	43
95	46
61	47
90	47
149	47
116	49
169	49
203	49
208	49
82	50
142	50
147	50
180	50
194	50
133	51
141	51
50	53
71	53
85	53
89	53
43	54
58	54
108	54
133	54
60	55
160	56
168	56
212	58
216	58
149	59
156	59
160	59
195	60
85	62
172	62
35	64
37	64
46	65
82	65
92	65
129	65
48	66
150	67
41	68
71	68
150	68
112	69
162	69
94	70
170	70
194	70
220	70
88	71
96	71
193	71
213	72
215	72
32	73
159	73
49	74
61	74
32	75
92	75
100	75
39	76
100	76
120	76
193	76
180	77
112	79
149	79
150	79
172	79
68	80
85	80
193	80
220	81
139	83
228	83
98	84
104	85
134	85
49	86
180	88
184	88
193	88
39	89
50	89
98	89
167	89
197	89
224	89
102	92
223	92
129	93
146	93
151	93
88	94
112	94
193	94
231	94
77	95
66	96
37	98
132	98
50	99
75	100
86	100
161	100
156	101
56	102
163	103
216	103
226	103
191	104
201	105
223	105
63	106
156	106
175	106
183	106
200	106
209	106
213	106
144	107
149	107
163	107
101	108
151	108
167	108
95	109
34	111
144	113
214	113
48	114
139	114
181	114
209	114
235	114
34	115
223	115
28	116
114	116
169	116
196	116
217	117
110	118
42	119
117	120
173	120
38	121
41	121
147	121
153	121
164	121
92	123
124	123
154	123
157	123
54	124
227	124
87	125
26	127
141	127
143	127
147	127
154	127
75	128
165	128
144	131
109	132
25	133
25	134
66	134
72	134
51	135
54	135
178	135
183	135
51	137
116	137
131	138
133	138
156	138
40	139
178	139
28	140
35	140
66	140
104	140
125	140
164	140
170	140
182	140
62	141
148	141
41	142
46	142
120	143
96	144
120	144
152	144
182	144
188	144
38	145
229	145
87	146
93	146
139	146
126	148
135	148
27	149
169	149
174	149
122	150
146	150
116	151
141	151
165	153
188	153
117	154
122	154
159	154
175	154
65	155
142	155
147	155
154	155
194	155
225	155
130	156
214	157
71	158
106	158
109	158
165	158
188	158
66	159
92	159
154	160
164	160
175	160
179	160
202	160
165	161
149	163
154	163
98	164
131	164
137	164
142	164
222	164
93	165
66	166
179	166
183	166
207	166
49	167
60	167
120	167
173	167
214	167
43	168
122	168
124	168
144	168
149	168
173	168
178	168
108	169
137	169
144	169
226	169
228	169
22	170
126	170
128	170
203	171
132	172
137	172
196	173
185	175
189	175
101	176
126	176
139	176
147	176
152	176
178	176
184	176
96	177
110	177
189	177
195	177
126	178
132	178
172	178
173	178
174	178
32	181
60	181
123	181
125	181
54	182
90	182
96	182
117	182
140	183
152	183
21	184
141	184
147	184
152	184
154	184
182	184
82	185
111	186
117	186
145	186
146	186
56	187
152	187
168	187
169	187
188	187
190	187
100	188
159	188
66	190
197	192
50	194
140	194
145	194
104	195
111	195
125	196
132	196
152	197
153	198
166	198
112	199
21	200
61	200
118	200
154	200
169	200
173	200
184	200
225	200
53	202
104	202
173	202
175	202
46	203
134	203
138	203
191	203
82	205
112	205
29	206
168	206
70	207
149	207
172	207
178	207
183	207
144	208
66	209
188	209
154	210
160	211
165	211
172	211
177	211
38	212
188	212
194	212
41	213
106	213
140	213
145	213
151	214
209	215
159	217
139	218
217	218
51	219
143	219
30	220
59	220
132	220
16	221
169	221
56	222
135	222
143	222
148	222
190	222
206	223
69	224
157	224
160	224
172	224
181	224
199	225
41	226
143	226
204	226
145	227
34	228
50	229
57	229
65	229
53	230
166	230
35	232
54	232
133	232
140	232
145	232
204	232
17	233
69	233
138	233
156	233
208	233
169	234
32	235
66	235
206	237
34	238
57	238
155	238
67	239
185	240
193	240
79	241
134	241
222	241
29	243
158	243
179	244
73	245
149	245
127	247
193	247
198	248
187	250
146	251
59	252
96	252
160	252
13	253
106	253
111	253
148	253
187	253
18	254
141	254
174	254
215	254
165	256
43	259
66	259
79	259
111	259
147	259
191	259
133	260
160	260
13	261
36	261
43	261
148	261
177	261
40	262
140	262
167	262
191	262
216	262
28	263
35	263
196	263
188	264
91	266
147	266
50	267
66	267
92	267
134	267
180	268
16	269
99	270
102	270
128	270
127	271
149	271
111	272
147	272
166	274
103	277
107	277
69	278
117	278
160	278
50	279
136	279
82	280
112	280
39	282
67	282
125	282
144	282
109	283
111	283
120	283
205	283
113	284
120	284
59	286
101	287
146	288
66	291
87	291
138	292
109	297
117	297
178	297
76	298
135	301
168	301
193	301
70	302
98	303
185	303
59	305
172	305
77	306
52	309
67	309
101	309
128	309
169	309
116	310
138	311
177	311
69	312
101	312
153	312
56	313
58	313
110	316
116	316
118	316
140	317
100	320
77	322
119	323
143	324
68	325
94	327
127	328
131	328
112	329
78	330
120	330
142	331
131	335
103	336
111	337
104	338
143	338
137	341
112	345
118	345
