661
87	3
93	3
126	3
168	3
196	3
204	3
76	4
77	4
178	4
180	4
126	7
193	7
95	8
224	8
71	9
80	9
87	9
101	9
126	11
137	11
184	11
87	12
94	12
180	12
71	13
103	13
79	14
145	14
163	14
229	14
120	15
206	15
214	15
248	15
252	16
71	17
86	17
90	19
168	19
132	20
226	20
116	21
126	21
138	22
214	23
227	23
72	24
131	24
219	24
259	24
60	25
206	25
233	25
145	26
203	26
68	27
81	27
177	27
211	27
213	27
89	28
136	28
218	28
172	29
110	31
228	32
80	33
259	33
96	34
100	34
139	35
258	35
259	36
103	37
108	37
85	39
51	40
95	41
145	41
183	41
225	41
178	42
237	42
254	42
101	43
210	43
191	44
198	44
199	44
203	44
193	45
246	45
188	46
54	48
178	48
173	49
215	51
92	52
203	52
224	52
173	53
209	53
212	53
246	53
166	54
199	54
229	54
150	55
188	55
193	55
196	55
213	55
220	55
261	55
111	56
145	56
253	57
159	58
163	58
166	58
175	58
181	58
183	58
213	58
108	59
169	59
196	59
219	59
48	60
69	60
156	60
208	60
209	60
88	61
91	61
178	61
185	61
146	62
49	63
108	63
141	63
171	63
191	64
196	64
69	65
265	65
266	66
64	67
54	68
100	69
156	69
104	70
151	70
88	71
199	72
205	72
208	72
209	72
210	72
86	73
138	73
174	73
178	73
179	73
184	73
185	73
192	73
91	74
166	74
126	75
100	76
159	76
166	76
192	76
74	77
95	77
216	77
222	77
268	77
81	78
153	78
192	78
148	79
174	79
179	79
186	79
66	80
142	80
167	80
59	81
159	81
168	81
174	81
118	82
205	82
71	83
156	83
96	84
118	84
90	85
193	86
202	86
156	87
204	87
119	88
163	88
168	88
52	89
97	89
181	89
208	89
213	89
99	90
146	90
149	90
176	90
91	91
111	91
152	91
186	91
221	91
271	91
183	92
127	93
221	93
106	94
124	94
126	94
152	94
153	94
164	94
228	94
239	94
146	95
159	95
208	95
118	96
140	96
165	96
171	96
183	96
106	97
147	97
171	97
176	97
213	97
233	97
204	98
206	98
220	98
101	99
132	100
193	100
194	100
126	101
128	101
141	101
147	101
159	101
83	102
119	102
178	102
76	103
233	104
238	104
156	105
141	106
148	106
94	107
101	107
171	107
52	108
206	108
135	109
111	110
131	110
201	110
212	110
213	110
76	111
104	111
156	111
158	111
165	111
258	111
71	112
151	112
216	112
201	113
49	114
52	114
86	114
137	114
270	114
79	115
131	115
194	115
124	117
131	117
145	117
149	117
133	119
138	119
153	120
158	120
173	120
175	120
222	120
187	121
190	121
227	121
205	122
206	122
233	122
65	123
71	123
134	123
90	124
100	124
159	124
192	124
209	124
166	125
171	125
196	125
213	125
45	126
62	126
145	126
214	126
221	127
174	128
179	128
226	128
120	130
154	130
196	131
131	132
183	132
203	132
86	134
95	134
183	134
185	134
189	134
196	134
207	134
209	134
270	134
146	135
196	135
220	135
77	136
123	136
201	136
141	138
212	138
218	138
152	139
167	139
168	139
170	139
220	139
159	140
173	140
201	140
206	140
229	140
196	142
200	142
81	143
106	144
186	144
189	144
206	144
211	144
221	145
63	146
101	146
173	146
200	146
228	146
53	147
141	147
255	147
73	148
148	148
184	148
204	148
206	148
228	148
236	148
257	148
191	149
209	149
234	149
274	149
241	150
173	151
197	151
199	151
47	152
48	152
82	152
177	152
200	152
228	152
233	152
81	153
165	153
182	153
218	153
150	154
209	154
94	155
214	155
168	156
207	156
223	156
91	157
148	157
53	159
103	159
233	159
238	159
189	160
193	161
99	162
102	162
76	163
198	163
274	163
193	164
196	164
149	165
180	165
246	165
213	166
46	167
49	167
85	167
104	167
131	167
219	167
251	167
88	168
94	168
99	168
100	168
200	169
238	170
53	171
69	171
273	171
45	172
67	172
130	173
181	173
210	173
81	174
227	174
183	175
193	175
73	176
213	177
268	177
73	178
48	179
192	181
228	181
193	182
222	183
231	183
221	184
152	185
182	185
212	185
213	185
67	186
136	186
167	187
201	187
221	187
273	187
175	188
227	189
97	190
136	190
157	190
168	190
173	190
181	191
213	191
140	192
128	193
150	193
74	194
102	194
133	194
174	194
183	194
194	194
119	197
138	197
162	197
79	198
153	198
173	199
223	199
63	200
209	200
112	202
168	202
174	202
102	203
162	203
137	204
211	204
153	205
169	205
270	205
137	206
146	206
152	206
176	209
94	210
103	211
137	211
158	211
131	212
152	212
154	212
170	213
111	215
145	216
154	216
172	216
246	216
130	218
75	219
250	219
98	222
137	222
145	222
162	222
159	223
67	224
121	224
152	224
171	224
115	225
115	227
159	228
73	229
137	229
152	230
213	230
113	231
143	231
152	231
266	231
221	232
233	232
172	233
201	236
204	236
137	237
143	237
144	237
229	237
221	238
79	240
81	240
92	240
192	242
204	242
154	243
73	244
173	244
223	245
137	246
221	246
156	249
156	250
97	251
193	252
216	252
127	253
174	253
223	253
105	254
137	254
214	254
145	255
157	255
80	256
145	256
153	256
92	257
180	257
198	257
256	257
193	258
96	259
174	259
222	259
127	260
175	260
217	260
128	261
86	262
101	262
185	262
197	263
251	263
224	264
179	265
196	266
127	267
248	267
83	272
141	272
242	272
194	273
206	273
224	273
215	274
215	276
141	277
236	277
101	278
201	278
106	282
193	283
122	284
172	284
232	284
128	285
134	285
216	285
142	286
165	286
200	286
147	287
154	287
214	287
106	290
173	292
189	292
124	293
168	293
153	295
180	298
196	298
134	300
158	301
150	304
203	305
172	306
132	309
161	309
