663
98	3
108	3
154	3
163	4
166	4
187	4
176	5
178	5
226	5
108	6
239	6
125	7
170	7
187	7
119	8
197	8
203	8
206	8
217	9
133	10
228	11
146	12
215	12
146	13
242	14
170	15
221	15
241	15
162	16
166	16
145	17
177	17
178	17
187	18
189	19
194	19
90	20
201	21
203	21
179	22
209	24
227	24
167	25
162	26
166	26
172	29
187	29
220	30
242	30
246	30
187	31
195	32
180	33
195	34
96	35
202	35
252	35
257	36
86	37
183	40
234	42
239	42
102	45
181	46
240	46
78	47
86	48
184	52
233	52
92	54
100	54
261	56
75	60
184	60
210	60
185	65
218	65
239	66
210	68
102	69
185	69
213	70
74	71
159	71
115	73
247	74
269	75
125	76
136	76
155	76
102	77
207	77
144	78
216	78
98	79
152	79
160	79
186	79
199	80
229	80
238	80
115	81
208	81
216	82
74	84
132	84
136	84
156	84
184	84
268	84
273	84
198	85
100	86
107	88
160	88
114	89
122	89
141	89
143	89
127	90
228	90
130	91
201	91
207	91
211	92
268	92
254	94
67	95
239	95
194	96
206	96
108	97
140	97
158	97
161	97
218	97
86	98
122	100
143	100
270	100
116	102
220	102
228	102
268	102
96	103
277	103
120	104
253	104
69	105
97	106
204	106
206	106
253	106
64	107
65	107
173	107
231	107
241	107
105	108
178	108
278	108
162	110
86	111
170	111
179	111
195	111
203	111
267	112
210	113
130	114
203	114
221	114
231	114
194	115
209	115
252	115
276	115
71	116
122	116
229	116
270	116
278	116
147	117
127	118
284	118
115	119
146	119
220	119
253	120
159	121
210	121
85	122
88	122
164	122
180	122
206	122
68	123
69	123
130	123
131	123
239	123
98	124
189	124
211	124
232	124
253	124
109	126
154	126
157	126
172	126
208	126
198	128
60	129
62	129
136	129
157	130
88	131
232	132
282	132
73	133
164	133
176	133
238	133
239	133
253	133
257	133
61	134
83	134
156	134
228	134
232	134
244	134
246	134
97	135
181	138
236	138
163	139
189	139
172	140
67	141
102	142
108	142
136	143
236	143
243	143
126	144
193	145
223	145
228	145
166	146
107	148
135	148
263	148
72	149
113	149
271	149
66	150
236	150
57	151
84	151
251	151
170	152
80	153
67	154
223	154
109	155
111	155
217	155
284	155
67	156
214	156
181	157
251	158
107	160
242	160
81	161
131	161
226	162
185	163
77	164
214	164
241	164
247	164
67	166
236	166
240	166
130	168
150	168
208	168
210	168
51	169
227	169
193	170
201	170
222	170
226	170
60	171
148	172
114	173
286	173
69	174
106	174
205	174
236	174
135	175
173	175
239	175
64	176
236	178
239	178
163	180
219	180
240	180
246	180
127	181
133	181
115	182
109	183
112	183
206	183
218	183
200	184
206	184
213	184
232	184
118	185
165	185
100	186
112	186
206	186
226	186
239	186
67	187
94	187
108	187
127	187
153	187
169	187
174	187
201	187
244	187
245	187
251	187
101	188
107	188
122	188
62	189
67	190
181	190
69	191
208	191
213	191
145	192
188	192
194	192
116	193
201	193
269	193
98	194
148	194
226	194
232	194
238	194
196	195
238	195
242	195
278	195
160	196
203	196
208	196
214	196
183	197
188	197
209	197
70	198
154	198
157	198
178	199
183	199
251	199
257	199
209	200
215	200
126	202
203	202
209	202
71	204
153	204
157	204
173	204
178	204
198	204
203	204
216	204
257	204
66	205
251	206
181	207
185	207
243	207
211	208
216	208
242	208
291	209
217	210
222	210
271	210
159	211
193	211
198	211
154	212
161	212
278	212
289	212
236	213
283	213
268	214
79	215
183	217
186	217
213	217
215	217
262	217
188	218
221	218
267	218
188	219
193	220
199	220
242	220
156	221
236	221
247	221
253	221
255	221
149	222
158	222
178	222
183	222
200	222
206	222
207	222
213	222
82	223
99	224
165	224
170	224
178	224
234	224
240	224
172	225
196	225
200	225
187	227
121	228
116	229
247	229
283	230
100	231
201	231
207	231
253	231
257	231
166	232
172	232
179	232
208	232
214	232
153	233
161	233
166	233
173	233
221	233
234	233
257	234
263	234
227	235
90	236
117	236
234	236
245	236
161	237
166	237
128	238
220	239
166	241
173	241
196	241
226	241
272	241
82	242
147	242
232	242
233	242
278	242
181	243
187	243
220	244
225	244
214	245
131	246
212	246
213	246
238	246
249	246
254	246
226	247
231	247
232	247
114	248
166	248
237	248
243	248
262	248
268	248
151	249
196	250
243	250
174	251
254	252
203	253
208	253
218	254
223	254
226	254
228	254
91	255
236	256
196	257
241	257
267	257
101	258
169	258
274	258
148	260
87	261
201	262
222	262
97	263
199	263
208	263
210	263
227	263
229	263
233	263
234	263
239	264
87	265
121	265
156	266
258	266
116	267
255	267
263	267
237	268
279	268
110	269
199	269
246	269
92	270
149	270
220	271
218	272
223	272
224	272
132	273
139	273
203	274
104	275
209	275
156	276
122	277
127	277
229	277
273	277
223	278
233	278
116	279
202	279
175	281
191	281
137	283
211	283
259	283
137	284
149	284
220	284
241	284
251	284
111	285
121	286
156	286
198	286
222	286
267	286
103	287
228	287
238	288
251	288
213	289
243	289
137	293
149	293
264	293
152	295
243	295
158	296
159	297
211	297
109	298
119	298
166	298
170	298
176	298
205	299
205	300
191	301
246	301
136	302
238	302
164	304
268	304
169	305
142	306
161	307
205	307
224	307
144	308
214	309
250	309
120	311
167	311
187	312
219	312
249	312
229	313
253	313
197	314
193	316
213	317
176	318
177	319
232	319
207	320
207	321
217	322
201	324
224	326
255	327
191	328
215	331
249	334
247	337
202	339
231	340
242	341
183	343
211	343
236	343
204	345
224	345
203	346
233	347
