446
85	3
254	3
100	4
137	4
141	4
182	4
217	4
94	11
68	14
137	14
268	15
202	24
236	24
64	26
73	29
162	30
200	30
234	32
278	33
57	35
180	35
171	37
161	38
192	38
213	38
79	39
178	40
60	43
178	43
141	45
281	45
194	46
68	48
80	48
55	49
173	50
175	50
207	50
61	51
193	52
195	52
141	53
115	54
124	54
172	54
90	55
92	55
172	56
199	56
211	58
279	58
72	60
246	62
125	63
216	64
53	65
203	65
102	67
226	67
239	67
93	68
215	68
61	69
87	69
98	69
252	69
267	69
125	70
200	70
216	70
285	71
240	72
264	72
58	74
186	74
205	74
99	75
233	76
248	77
184	78
268	80
283	80
60	81
50	82
226	82
62	84
71	84
111	84
204	84
63	85
132	85
264	86
97	87
288	89
46	90
103	90
66	91
98	91
81	93
67	94
74	94
110	95
290	96
111	97
74	100
260	101
68	102
76	103
180	103
176	106
38	107
118	108
291	108
62	109
239	112
60	113
162	113
234	113
77	114
84	115
258	116
89	117
242	118
277	118
287	119
161	121
154	122
175	122
42	123
233	123
243	123
258	123
158	124
225	125
227	125
79	127
163	127
221	127
286	127
278	128
71	129
174	130
294	130
168	131
125	132
228	132
258	132
263	132
223	133
251	135
256	135
71	137
160	137
223	137
256	137
65	138
228	138
262	138
110	140
179	140
186	140
251	140
120	141
142	141
213	141
217	141
291	141
80	142
176	142
207	143
75	144
90	145
91	146
158	146
201	146
97	147
119	147
130	148
149	149
42	150
243	150
286	150
296	150
249	151
66	155
172	155
62	156
203	156
139	157
112	158
75	159
83	159
177	159
197	159
275	160
150	161
243	161
69	162
147	162
63	163
75	163
104	163
109	163
137	163
284	163
186	164
281	164
248	165
253	166
297	166
36	167
40	167
162	167
165	167
191	167
91	168
93	168
228	168
236	168
239	168
272	168
109	169
116	169
245	169
278	169
99	170
76	172
236	172
50	173
242	175
244	175
44	176
125	176
132	176
248	178
299	178
69	179
216	179
223	180
85	181
91	181
85	182
108	182
73	183
100	183
257	183
109	185
248	185
141	186
147	186
188	186
93	187
100	187
196	187
232	187
240	187
261	187
125	188
131	188
148	188
223	189
43	190
80	190
85	190
101	191
94	192
213	192
218	193
109	194
111	194
102	195
104	195
44	196
141	196
95	197
126	198
133	198
195	198
249	198
256	198
299	198
86	199
151	199
200	199
203	199
81	200
218	200
220	200
206	201
208	201
226	202
234	202
237	202
48	204
82	204
107	204
111	204
145	204
212	204
39	205
193	205
200	205
39	206
118	206
126	206
203	207
205	207
240	207
114	208
160	209
209	209
246	209
84	210
114	211
41	212
240	212
246	212
55	213
245	213
291	214
114	215
70	219
150	219
256	219
59	220
86	220
80	222
185	222
213	223
294	225
279	226
257	228
283	228
237	230
265	231
159	232
271	235
50	237
231	237
242	238
262	239
121	240
261	241
211	242
135	243
114	244
282	244
244	245
293	246
91	247
119	247
142	247
248	247
130	249
101	250
111	251
144	251
267	251
273	254
286	254
92	255
245	256
73	258
247	258
278	261
77	263
89	264
236	265
263	267
238	268
61	270
238	270
280	270
73	272
146	272
154	273
78	275
101	275
255	275
219	276
106	277
229	279
281	281
112	282
212	282
269	284
226	290
85	292
205	294
220	295
103	297
272	297
122	298
141	298
174	299
109	300
149	300
99	302
184	302
206	302
131	304
80	308
208	308
107	309
201	312
218	312
257	312
129	313
178	313
199	313
87	314
134	314
135	314
104	315
141	315
143	316
155	316
167	316
189	316
210	316
186	317
249	318
177	320
248	320
168	323
142	324
150	324
161	324
231	324
113	325
244	325
238	327
203	328
124	329
174	329
135	331
194	331
104	332
189	332
155	333
113	336
120	338
218	339
142	341
182	343
196	347
