428
220	3
273	3
146	4
252	4
231	8
96	12
273	12
120	13
177	13
246	13
276	13
122	14
230	15
251	15
131	16
259	18
177	20
236	20
246	20
247	20
247	22
268	22
278	22
228	23
94	24
234	24
258	24
107	27
234	27
195	31
263	34
95	35
258	35
121	36
113	38
272	39
196	40
228	40
254	40
256	40
281	42
267	43
271	43
90	46
103	47
124	47
159	47
259	47
82	48
80	49
230	49
259	49
181	50
282	50
166	51
283	52
157	54
271	54
252	56
258	56
89	57
116	57
181	58
262	58
93	59
229	59
241	59
252	60
240	62
279	63
78	64
83	64
98	64
227	64
267	67
88	68
126	71
189	71
163	72
168	72
152	74
85	76
288	78
154	79
226	79
138	80
122	82
129	82
168	82
256	82
77	83
169	83
76	84
224	87
253	88
107	89
118	89
238	89
110	90
132	92
199	92
74	93
235	93
176	97
278	98
281	99
81	100
114	100
199	100
271	100
197	102
80	103
82	104
134	106
211	107
214	107
253	107
290	107
283	108
248	109
198	110
202	110
234	111
274	112
283	112
221	113
280	114
292	114
77	115
292	115
234	116
78	117
227	117
202	118
81	122
276	124
278	124
136	126
143	126
131	127
136	127
239	127
246	127
266	127
201	128
168	129
181	130
188	130
237	130
273	130
294	130
193	131
286	131
268	132
221	133
145	134
149	134
150	134
217	134
73	135
156	135
166	135
133	136
209	136
141	137
174	137
269	139
293	140
231	141
279	141
287	141
286	142
134	143
262	143
264	143
124	145
149	145
156	145
120	146
222	146
256	146
237	147
135	149
141	149
207	149
165	150
169	151
172	151
178	151
286	153
226	155
212	157
151	158
155	158
160	159
106	160
108	161
102	162
131	162
136	162
83	167
276	167
177	168
144	169
151	169
201	169
208	169
282	169
284	169
131	170
138	170
168	170
169	170
288	170
132	171
144	171
139	172
161	172
248	172
298	172
256	173
288	174
161	175
296	175
208	176
281	176
297	176
90	177
154	177
187	177
193	177
201	177
273	178
140	179
146	179
278	179
104	183
146	183
248	183
141	184
171	184
256	184
297	184
203	185
76	186
95	186
171	186
294	186
79	187
166	187
173	187
187	187
195	187
278	187
87	188
132	188
271	188
280	188
127	189
266	189
273	189
286	189
107	191
173	191
187	191
166	192
168	192
181	192
207	192
294	193
160	194
200	196
273	196
276	197
176	198
181	198
264	198
268	199
114	201
291	201
176	203
183	203
296	203
132	204
138	204
177	204
205	204
87	206
130	206
118	207
302	210
274	211
278	211
188	213
282	213
284	213
263	215
273	215
184	216
286	216
87	217
268	218
277	218
89	221
240	221
303	222
223	227
301	227
92	228
149	229
168	229
146	230
274	230
185	231
163	233
238	234
271	234
154	236
302	236
151	238
173	238
193	238
291	238
164	239
203	240
239	241
283	241
293	242
136	247
149	250
306	251
140	252
244	252
207	253
298	253
191	254
144	256
199	257
245	258
206	259
136	261
148	261
102	262
209	262
163	263
216	263
306	263
167	265
280	266
289	268
145	269
241	271
309	271
287	272
176	273
271	273
199	276
122	277
147	279
207	279
233	280
218	281
229	281
272	282
283	282
308	283
280	284
204	287
218	288
212	289
118	291
267	292
261	295
277	295
200	296
230	296
238	296
309	296
257	297
275	297
251	299
279	300
164	301
191	301
276	301
238	302
258	302
295	303
231	304
251	304
157	307
285	307
299	309
232	311
235	311
174	312
176	313
304	313
184	316
236	317
297	319
148	322
174	322
150	323
280	325
182	326
158	327
234	327
166	330
203	330
172	332
285	333
177	334
284	334
187	336
225	336
278	336
203	337
209	337
211	337
246	340
268	340
238	342
262	343
190	344
225	344
237	345
250	347
