421
166	4
192	4
221	4
229	4
60	5
64	5
219	6
101	13
55	15
265	22
178	30
69	32
56	33
178	36
173	37
273	41
51	42
184	42
173	44
194	44
56	45
216	45
168	47
181	47
61	51
49	52
195	53
69	55
276	55
176	56
208	57
62	58
204	58
195	59
56	61
174	61
85	63
44	65
212	65
71	66
107	67
277	67
96	68
200	68
54	69
85	69
268	69
175	70
74	71
83	71
230	71
248	71
238	73
96	76
216	77
58	79
174	80
186	80
205	80
279	81
44	82
243	82
265	82
195	83
248	83
172	85
221	85
223	85
60	86
248	86
174	87
211	89
71	90
63	91
108	91
113	91
134	91
269	91
44	92
281	92
64	93
176	93
191	93
98	94
196	96
265	97
82	98
84	98
99	98
208	98
66	99
284	100
39	101
67	101
111	102
199	102
203	103
114	104
31	107
32	107
61	107
53	108
79	108
288	108
196	109
183	110
259	110
142	112
55	115
119	115
179	115
272	115
198	116
193	119
142	120
164	120
230	120
239	120
225	121
61	122
270	122
38	123
155	125
163	125
82	127
155	129
277	129
144	130
243	130
249	130
176	131
227	131
164	133
251	133
257	133
216	135
227	136
175	137
222	137
144	138
169	138
212	139
216	139
286	139
126	140
236	140
242	140
294	141
223	142
227	142
274	142
257	143
37	144
38	144
262	144
111	146
117	147
212	147
214	147
217	147
219	147
144	148
181	148
208	148
46	149
74	149
79	149
124	149
188	149
261	149
86	150
151	150
178	150
92	151
219	152
81	153
84	153
117	153
121	153
158	153
167	153
109	154
202	154
84	155
91	155
293	160
294	160
67	161
173	162
243	162
248	162
61	163
141	163
148	163
36	164
75	164
114	164
203	164
205	164
43	166
197	166
36	167
162	167
178	167
219	167
291	167
157	168
55	169
61	169
106	169
111	169
119	169
157	169
126	170
162	172
242	173
283	176
228	177
237	177
235	178
244	179
50	180
235	181
71	182
77	182
242	183
290	185
37	186
92	186
290	187
69	188
216	188
169	189
295	189
73	191
78	191
229	192
101	194
94	195
248	195
299	195
85	196
79	197
229	197
239	197
223	198
164	199
169	199
197	199
164	200
203	200
213	200
218	200
111	201
118	201
45	202
217	204
86	205
105	205
111	205
151	206
81	207
126	207
134	207
165	207
186	207
193	207
258	207
120	208
127	208
236	208
226	210
243	210
248	210
219	211
49	212
193	212
200	212
39	213
37	214
201	216
43	218
114	218
121	218
248	220
251	220
51	221
54	221
114	221
240	221
244	222
223	223
46	224
228	224
260	225
244	227
289	227
57	228
70	229
213	231
42	232
184	232
255	232
264	232
111	235
44	236
190	237
238	237
180	238
286	239
287	239
48	241
116	241
179	241
193	242
255	242
283	243
232	245
160	246
107	249
269	249
113	251
124	251
251	251
211	252
137	253
265	256
120	257
130	257
245	257
246	258
101	259
121	259
139	260
145	262
127	264
266	264
62	266
244	266
271	269
247	270
55	271
126	272
66	273
80	275
135	277
94	278
85	282
145	282
261	282
98	283
154	283
269	283
75	285
104	287
218	287
254	288
82	290
111	292
210	294
106	298
80	299
137	299
74	301
144	301
224	303
115	304
265	304
219	306
202	307
79	308
139	309
148	311
97	312
165	312
194	312
205	313
239	313
120	316
198	316
103	317
165	318
232	318
80	321
184	321
100	324
178	324
132	325
197	325
255	325
90	327
191	327
212	327
186	328
252	329
207	330
253	330
99	331
177	332
130	333
198	333
237	334
244	334
149	335
166	335
158	336
191	336
121	340
97	341
130	341
171	341
194	342
144	343
236	343
106	344
184	345
186	345
232	345
236	345
237	346
206	347
