415
72	3
84	3
134	3
195	3
126	4
151	4
72	5
160	7
204	7
232	8
94	9
226	9
239	11
233	12
239	12
67	14
61	16
57	17
234	19
97	20
222	20
228	24
233	24
236	25
60	26
56	27
61	33
161	33
59	34
223	34
228	39
51	41
254	46
252	47
88	49
124	50
49	53
261	54
155	58
124	59
261	63
55	65
153	65
44	67
59	69
66	70
223	75
178	76
50	77
158	77
221	81
178	83
267	83
49	84
50	84
158	85
180	85
199	86
151	87
44	88
46	93
179	94
193	97
271	97
102	98
110	98
188	99
179	100
55	101
158	102
56	104
184	104
252	105
43	106
66	106
38	107
272	107
38	108
197	108
47	110
158	112
213	112
233	112
201	113
188	114
220	114
273	117
89	118
156	118
48	120
240	120
156	121
250	122
38	124
50	124
226	124
232	124
41	126
46	126
55	126
205	126
218	126
232	127
238	128
268	129
82	130
97	130
118	130
267	130
253	132
187	134
224	134
231	134
67	135
82	135
87	135
161	135
251	135
167	136
179	136
45	138
61	145
272	145
41	152
178	153
41	154
102	155
172	155
243	155
234	156
45	159
51	159
60	159
213	161
218	162
243	163
207	164
234	165
65	166
226	166
145	167
45	168
271	168
131	169
139	169
277	169
126	170
242	170
252	170
159	172
241	173
233	174
199	176
112	177
126	177
259	178
104	179
248	179
140	180
102	181
210	181
233	181
205	182
238	182
255	184
277	184
39	185
193	185
56	186
62	186
67	186
100	186
188	186
198	186
206	186
233	186
238	186
48	187
100	187
146	188
124	189
170	189
267	189
62	190
133	190
233	190
238	190
91	192
261	192
184	193
188	193
140	194
201	194
241	194
102	195
148	195
197	195
43	196
191	196
57	199
226	200
74	201
152	201
268	201
56	204
95	204
225	204
64	205
145	207
218	207
72	208
87	208
92	208
142	208
131	209
159	209
202	209
265	209
231	210
187	211
210	211
79	212
84	212
86	212
91	212
78	213
65	214
228	214
51	215
229	215
263	216
148	217
218	217
220	217
59	218
211	219
220	219
81	221
261	221
50	222
152	223
149	224
115	226
121	226
59	228
81	231
256	231
197	232
266	232
74	233
203	233
263	233
247	234
99	236
91	237
219	238
211	239
220	239
151	240
91	241
85	242
42	245
122	245
234	245
234	246
147	247
62	248
43	249
86	249
134	250
143	250
210	250
224	250
94	251
99	251
258	251
200	252
261	252
189	253
206	253
231	253
50	254
187	254
192	254
237	254
63	255
181	255
119	256
52	257
129	257
192	257
200	257
100	258
204	258
215	258
221	258
228	258
94	259
183	260
220	260
122	262
220	262
189	263
241	264
224	266
229	266
254	268
201	269
234	271
89	272
243	272
164	274
196	274
192	275
194	275
83	276
57	278
255	278
159	279
196	279
94	280
87	283
163	283
235	283
244	284
234	285
248	286
79	287
139	287
91	289
102	289
63	290
85	290
86	290
229	290
113	291
239	293
71	294
98	294
76	295
81	295
186	295
244	295
99	296
231	296
89	297
109	297
111	298
199	298
223	298
237	298
249	298
225	299
125	302
204	302
244	302
95	303
244	303
152	304
191	304
233	304
199	306
144	307
208	310
188	313
128	314
234	314
136	315
102	316
113	316
199	317
102	318
182	318
122	320
229	321
94	322
130	322
156	322
190	322
112	325
148	325
168	325
185	326
225	326
224	327
88	328
101	328
179	329
194	329
161	330
216	332
217	332
94	333
142	333
149	333
172	333
189	333
168	334
198	336
99	337
163	337
209	337
156	339
105	340
192	340
147	341
205	341
186	342
97	343
168	344
116	345
197	345
181	346
197	346
177	347
