677
188	7
189	7
137	8
209	8
89	9
195	9
220	13
121	14
107	15
179	16
105	19
152	19
253	19
204	20
98	22
83	23
178	24
91	25
103	25
161	25
255	26
186	27
167	29
91	30
80	31
109	31
170	31
132	32
194	34
97	36
182	36
264	36
144	38
78	39
104	39
164	39
170	41
202	41
169	42
256	43
193	45
94	46
155	46
174	47
210	47
271	47
261	51
100	53
110	55
186	58
254	58
80	59
184	59
277	59
154	60
196	60
266	60
185	61
117	65
267	65
71	66
83	66
160	66
166	66
258	66
160	67
167	67
90	68
192	68
249	68
88	69
248	69
153	70
270	70
171	72
180	72
75	73
124	73
163	73
132	75
145	75
249	75
103	77
69	78
115	78
140	79
157	79
108	80
187	80
91	81
99	82
215	83
169	84
264	84
313	84
119	86
130	86
133	86
180	86
131	87
199	87
141	88
202	88
95	89
211	90
221	90
236	91
282	91
155	92
223	92
253	93
282	93
253	94
264	94
299	94
156	95
205	95
186	96
302	96
247	97
97	98
152	98
249	98
292	98
177	99
69	100
161	100
198	102
67	103
254	103
208	105
228	105
161	106
172	106
218	106
298	107
220	109
264	109
62	110
192	110
248	111
291	111
305	111
239	112
212	113
232	113
157	114
202	114
177	115
78	116
224	116
292	116
197	118
59	119
60	119
66	120
250	120
310	121
167	122
179	122
89	123
103	123
158	123
207	123
152	124
179	124
184	124
282	124
290	124
112	125
191	125
68	126
171	126
108	128
297	128
68	129
80	129
180	129
185	129
58	130
310	130
122	131
173	132
165	133
292	133
56	134
174	134
273	134
279	134
69	135
203	135
209	135
257	135
103	136
137	136
194	136
308	136
137	137
292	138
51	139
220	140
273	140
282	140
81	141
123	141
302	141
177	142
251	142
257	142
117	143
299	143
75	144
85	144
122	144
214	144
88	145
117	145
58	146
65	146
198	146
206	146
293	147
306	147
36	148
264	148
301	148
309	148
120	149
193	149
223	149
215	151
158	153
200	153
32	154
127	154
157	154
205	154
257	155
28	156
32	156
165	156
197	156
202	156
204	156
234	156
147	157
168	157
175	157
50	158
163	158
249	158
256	158
262	158
261	159
305	159
124	160
134	160
136	160
214	160
276	160
284	160
306	160
103	162
149	162
200	162
34	163
231	163
184	164
255	164
68	165
126	165
307	166
132	167
138	167
156	167
273	167
120	168
187	168
63	169
99	169
128	169
295	169
96	170
163	170
171	170
173	170
211	171
237	171
302	171
304	171
128	172
210	173
251	173
289	173
307	173
118	174
120	174
258	174
263	174
49	175
78	175
174	175
268	175
63	176
142	176
43	177
75	177
109	177
269	177
43	178
63	178
125	178
157	178
289	178
295	178
99	180
36	181
152	181
235	181
300	181
36	182
129	182
232	182
246	182
255	182
104	183
145	183
219	183
266	183
85	185
284	185
90	186
111	186
276	186
51	187
56	187
98	187
113	187
153	187
167	187
220	187
280	187
294	187
66	188
137	188
147	188
181	188
261	188
88	189
270	189
242	190
276	190
47	191
209	191
238	191
69	192
124	192
187	192
229	192
231	192
277	192
117	193
190	193
288	194
295	194
249	195
41	196
82	196
101	196
131	196
261	196
110	197
168	197
197	197
209	197
253	197
95	198
120	198
142	198
169	199
233	199
244	199
271	199
72	200
76	200
103	200
284	200
60	201
189	201
272	201
60	202
47	203
57	203
145	203
295	203
114	204
182	204
265	204
47	205
67	205
122	205
232	205
287	205
41	206
50	206
138	206
154	206
174	206
216	206
38	207
182	207
283	207
240	208
252	208
241	209
250	209
202	210
258	210
202	211
102	212
107	212
142	212
159	212
191	212
125	213
209	213
294	213
62	214
191	214
220	214
227	214
291	214
258	215
263	215
273	215
49	216
253	216
242	217
53	218
129	218
200	218
236	218
265	218
82	219
76	221
230	221
246	221
288	221
57	222
216	222
224	222
284	222
57	223
195	225
239	225
238	226
293	226
147	227
187	228
248	228
252	228
260	228
245	229
278	229
59	230
119	231
59	233
55	234
146	235
258	235
290	235
123	236
287	236
55	237
278	237
279	237
65	238
173	238
194	238
247	238
141	239
60	240
64	240
167	240
184	240
258	240
215	241
228	241
264	242
273	242
199	243
203	243
287	243
294	243
187	244
272	244
116	246
168	246
146	247
150	247
203	247
257	247
54	248
60	248
110	248
147	248
164	248
285	248
286	248
186	249
265	249
165	250
247	251
254	251
285	251
193	252
264	252
275	253
235	254
243	254
169	255
268	255
186	257
242	261
193	262
277	262
148	263
295	263
220	264
158	265
149	266
267	269
68	270
154	270
268	270
225	271
228	271
294	271
288	272
280	273
272	274
91	276
248	277
271	277
290	278
292	278
240	280
266	280
205	283
143	285
223	285
276	285
295	285
190	286
269	286
285	286
149	288
286	288
185	290
239	290
266	290
189	291
211	291
219	291
127	293
270	293
293	293
278	295
284	295
130	296
140	296
199	296
167	297
240	297
71	298
74	298
134	298
238	298
266	298
294	298
126	299
127	299
227	300
232	300
265	300
122	301
232	301
163	302
173	302
197	304
255	304
269	304
275	305
142	306
169	307
204	307
76	308
78	308
152	308
275	308
233	309
287	310
269	311
192	312
199	312
255	312
265	312
79	315
234	315
275	315
89	317
168	318
263	319
285	319
289	319
114	320
159	321
247	323
285	323
289	324
116	329
254	329
248	330
253	330
267	330
287	331
147	332
272	332
256	333
131	335
256	335
247	336
265	336
123	337
152	338
248	338
283	338
274	339
256	340
238	342
102	343
115	343
225	344
107	345
131	345
181	345
245	345
247	345
258	345
114	346
175	347
285	347
238	348
242	348
117	349
277	349
177	350
179	350
255	350
256	350
197	351
201	351
205	351
216	351
243	351
274	351
285	351
125	352
127	352
135	352
154	352
159	352
168	352
210	352
226	352
232	352
279	352
