499
238	8
192	13
233	13
220	14
238	14
199	17
227	20
151	22
131	26
181	27
239	27
145	33
204	35
210	36
277	36
285	38
134	42
191	42
189	43
197	43
124	45
190	46
271	51
294	51
285	52
199	54
284	54
186	57
299	57
115	58
125	58
153	60
192	60
301	61
316	61
174	64
188	69
305	69
101	72
115	72
231	72
306	72
180	73
295	73
103	75
162	76
118	77
132	77
152	77
143	78
176	78
268	79
283	79
253	80
307	80
187	81
229	81
239	81
307	81
314	81
220	82
292	82
202	83
106	84
273	84
115	86
125	86
100	87
117	87
147	87
282	87
109	88
138	88
203	88
209	88
160	89
204	89
222	89
314	89
291	90
273	91
183	92
290	92
195	93
215	93
222	93
112	94
205	94
283	94
120	95
218	95
238	95
248	95
163	98
284	98
114	101
304	101
97	105
167	105
287	107
304	109
207	110
197	111
100	113
177	114
271	115
313	115
212	118
182	121
297	121
311	121
200	122
258	123
312	123
98	124
234	124
108	129
125	129
197	129
258	131
265	131
310	131
96	132
118	132
118	133
303	133
91	134
143	134
200	135
295	136
311	137
114	138
208	138
265	138
136	139
246	139
257	139
204	140
125	141
239	141
153	142
168	142
238	142
294	142
217	143
300	143
175	144
103	145
215	145
258	146
265	146
147	147
272	147
288	147
190	148
226	148
302	148
92	150
110	150
132	150
200	150
238	150
246	150
279	150
224	151
211	152
272	152
91	153
292	154
299	154
79	155
190	155
291	155
181	156
286	156
145	157
159	158
204	158
263	158
284	159
125	160
213	160
283	160
90	161
229	161
289	161
161	162
148	163
173	163
289	163
89	164
118	164
135	164
304	164
117	165
175	165
306	165
128	167
163	167
227	167
267	167
282	168
286	168
228	169
145	170
152	170
172	170
302	170
73	171
139	171
269	171
81	172
165	172
242	172
141	175
176	175
158	176
268	176
221	178
75	179
90	179
89	180
124	180
159	180
185	180
284	180
55	181
287	181
304	181
145	182
258	182
271	182
275	182
180	183
219	183
295	183
80	184
128	184
154	184
258	184
190	185
268	185
280	185
112	186
210	186
251	186
49	187
56	187
86	187
90	187
231	187
94	188
140	188
183	188
75	189
230	189
63	191
75	192
150	192
237	192
252	192
71	193
97	193
259	193
269	193
80	194
86	194
248	194
255	194
277	194
69	195
127	195
145	195
291	195
93	196
94	196
297	196
263	197
277	197
290	197
283	198
109	199
230	200
249	200
255	200
81	201
255	201
291	201
58	202
95	202
122	202
183	202
272	202
264	203
295	203
132	204
167	204
290	204
281	205
65	206
230	206
260	206
294	206
188	207
222	207
255	207
273	207
77	208
95	209
171	210
87	211
154	211
302	211
69	212
220	212
268	212
56	214
82	214
89	214
220	214
95	215
226	215
278	215
62	216
269	216
159	217
174	217
234	218
261	218
169	219
214	219
219	219
199	220
81	221
86	221
221	221
301	222
93	223
68	224
267	224
269	224
291	224
174	225
232	225
89	226
260	226
260	227
61	228
194	228
252	228
285	228
296	228
61	229
231	230
280	230
205	231
216	231
179	232
198	232
270	232
80	233
289	233
240	235
288	235
173	236
284	236
66	237
73	237
72	238
91	238
215	238
64	239
83	239
94	239
219	239
276	239
288	239
182	241
239	241
199	243
269	243
248	244
283	244
300	244
278	246
140	247
54	248
74	248
192	248
77	249
87	249
204	249
225	249
261	249
78	253
145	253
198	254
241	254
190	255
296	256
171	257
269	258
195	261
240	262
266	263
254	264
178	265
180	265
297	266
191	267
123	269
122	270
249	271
255	271
261	271
101	272
94	273
296	273
225	276
270	277
130	279
262	279
93	283
106	286
193	286
276	286
106	288
176	288
293	288
187	290
88	291
195	292
277	292
167	293
236	293
95	294
173	294
244	294
106	295
167	296
292	298
200	300
180	301
171	302
93	304
101	304
94	305
204	308
289	308
97	309
106	309
234	310
197	314
289	316
110	318
236	319
209	320
246	322
125	324
164	326
132	328
140	328
160	328
245	329
276	330
174	333
126	334
127	334
136	334
224	336
167	337
280	337
180	338
133	340
151	340
182	340
280	340
283	341
163	342
223	342
122	343
189	346
221	346
178	348
172	349
251	350
262	350
172	351
175	351
208	351
149	352
150	352
185	352
194	352
198	352
212	352
225	352
231	352
278	352
