473
131	3
192	3
201	3
137	6
144	6
212	7
143	9
203	9
230	9
239	9
211	10
113	11
92	13
189	15
248	16
163	17
170	20
231	21
166	22
169	22
191	22
209	23
140	27
248	29
101	31
82	32
270	32
192	33
254	35
91	37
120	41
98	43
192	43
79	44
208	45
197	48
183	49
75	50
171	52
220	52
189	54
225	56
72	62
259	62
100	65
188	65
175	68
168	69
193	69
167	70
291	73
288	74
134	75
153	75
172	78
237	80
190	81
269	81
257	82
282	82
65	83
207	83
290	83
81	84
147	85
249	85
250	85
121	86
182	86
107	87
133	87
263	88
96	89
277	89
300	89
69	91
75	91
162	91
243	91
155	92
229	92
251	92
74	93
83	93
91	93
214	93
292	93
65	94
101	94
177	94
187	94
276	94
284	94
306	94
112	95
122	95
126	95
125	96
251	96
267	96
136	97
243	97
147	98
257	99
303	100
160	101
169	101
186	101
209	101
226	101
248	101
191	103
236	104
223	105
287	105
224	106
236	106
141	108
204	108
299	108
211	109
226	109
298	109
92	110
215	110
228	110
244	110
295	110
207	113
305	114
299	116
56	119
247	119
219	120
173	122
185	123
155	124
63	125
304	126
297	127
56	129
188	129
70	130
158	130
178	130
216	132
223	132
87	133
241	134
247	134
265	134
45	135
301	135
101	136
298	136
300	136
186	138
302	138
45	139
123	139
35	140
183	141
85	142
265	142
37	144
128	144
303	144
218	145
264	145
297	145
302	145
185	146
270	146
272	146
303	146
102	147
277	147
41	149
113	149
222	149
241	150
249	150
144	151
250	151
255	151
122	152
302	152
43	153
188	153
216	153
214	154
51	155
65	156
40	158
57	158
153	158
234	158
48	159
51	159
173	159
257	159
139	161
141	161
59	162
230	162
38	163
112	163
186	163
215	163
128	164
73	165
38	166
47	166
141	166
247	166
135	167
143	167
167	167
108	168
116	168
152	168
252	168
207	169
265	170
78	171
51	172
179	172
43	173
191	173
211	174
42	175
146	175
207	175
265	175
271	175
39	176
243	176
68	177
154	177
188	178
57	179
205	179
247	179
259	179
187	180
265	180
150	182
247	182
142	183
160	184
253	184
58	187
232	187
245	187
182	188
44	189
136	189
239	189
246	189
58	190
221	191
40	192
45	192
75	192
101	192
216	192
262	192
270	192
57	193
190	193
275	193
276	194
296	194
140	195
187	196
240	196
49	197
94	197
222	197
216	198
247	198
84	199
59	200
271	200
285	200
42	201
102	202
151	202
239	202
249	202
60	203
65	203
146	203
80	204
213	204
236	205
258	205
95	206
270	206
292	206
267	207
280	207
263	209
107	210
189	210
48	211
140	211
208	212
284	212
197	214
258	214
268	214
60	215
291	215
247	216
62	217
256	217
278	217
279	217
147	219
295	219
130	220
258	222
277	224
265	225
135	226
150	226
247	226
56	227
283	227
263	228
236	230
48	231
221	231
245	231
60	232
197	232
200	232
278	232
64	233
190	233
256	233
149	234
157	234
246	236
207	237
215	237
169	238
186	239
153	240
227	240
54	244
175	244
183	244
194	244
46	245
288	245
149	246
194	246
215	246
64	247
292	247
233	248
202	249
257	249
153	250
194	250
251	251
211	252
215	252
244	253
69	254
174	254
202	254
233	254
258	254
290	255
218	256
203	257
210	257
178	259
244	261
203	262
237	262
261	263
290	265
226	266
64	267
227	267
64	268
272	268
237	269
233	270
243	270
273	274
65	276
71	276
235	276
66	277
288	277
242	280
208	281
99	283
197	285
104	286
286	289
102	290
110	291
187	292
251	295
287	295
115	296
165	296
245	296
244	297
245	298
234	299
140	301
283	301
174	302
145	303
77	304
139	306
235	306
135	307
181	309
162	310
77	312
81	313
157	313
177	313
177	317
175	319
283	319
279	321
274	322
174	324
128	326
162	327
86	328
89	330
167	331
217	331
265	332
271	332
130	333
140	334
282	334
176	335
257	336
278	337
217	338
254	338
271	338
185	340
91	341
146	341
231	341
256	342
259	342
260	342
96	344
260	347
232	348
254	348
255	348
274	348
98	349
107	349
226	349
234	349
137	350
184	352
