479
125	7
188	7
237	7
145	9
169	9
199	9
144	10
151	10
219	11
150	13
210	13
237	13
246	13
218	14
120	15
99	17
196	19
255	20
170	21
177	24
238	25
173	26
176	26
198	26
216	27
147	31
255	33
108	35
89	36
277	36
199	37
261	39
98	41
127	45
105	47
199	47
86	48
215	49
204	52
190	53
82	54
178	56
227	56
196	58
232	60
79	66
266	66
107	69
195	69
182	72
175	73
200	73
174	74
298	77
295	78
141	79
160	79
179	82
244	84
197	85
276	85
264	86
289	86
72	87
214	87
297	87
88	88
154	89
256	89
257	89
128	90
189	90
114	91
140	91
270	92
103	93
284	93
307	93
76	95
82	95
169	95
250	95
162	96
236	96
258	96
81	97
90	97
98	97
221	97
299	97
72	98
108	98
184	98
194	98
283	98
291	98
313	98
119	99
129	99
133	99
132	100
258	100
274	100
143	101
250	101
154	102
264	103
310	104
167	105
176	105
193	105
216	105
233	105
255	105
198	107
243	108
230	109
294	109
231	110
243	110
148	112
211	112
306	112
218	113
233	113
305	113
99	114
222	114
235	114
251	114
302	114
214	117
312	118
306	120
63	123
254	123
226	124
180	126
192	127
162	128
70	129
311	130
304	131
63	133
195	133
77	134
165	134
185	134
223	136
230	136
94	137
248	138
254	138
272	138
52	139
308	139
108	140
305	140
307	140
193	142
309	142
52	143
130	143
42	144
190	145
92	146
272	146
44	148
135	148
310	148
225	149
271	149
304	149
309	149
192	150
277	150
279	150
310	150
109	151
284	151
48	153
120	153
229	153
248	154
256	154
151	155
257	155
262	155
129	156
309	156
50	157
195	157
223	157
221	158
58	159
72	160
47	162
64	162
160	162
241	162
55	163
58	163
180	163
264	163
146	165
148	165
66	166
237	166
45	167
119	167
193	167
222	167
135	168
80	169
45	170
54	170
148	170
254	170
142	171
150	171
174	171
115	172
123	172
159	172
259	172
214	173
272	174
85	175
58	176
186	176
50	177
198	177
218	178
49	179
153	179
214	179
272	179
278	179
46	180
250	180
75	181
161	181
195	182
64	183
212	183
254	183
266	183
194	184
272	184
157	186
254	186
149	187
167	188
260	188
65	191
239	191
252	191
189	192
51	193
143	193
246	193
253	193
65	194
228	195
47	196
52	196
82	196
108	196
223	196
269	196
277	196
64	197
197	197
282	197
283	198
303	198
147	199
194	200
247	200
56	201
101	201
229	201
223	202
254	202
91	203
66	204
278	204
292	204
49	205
109	206
158	206
246	206
256	206
67	207
72	207
153	207
87	208
220	208
243	209
265	209
102	210
277	210
299	210
274	211
287	211
270	213
114	214
196	214
55	215
147	215
215	216
291	216
204	218
265	218
275	218
67	219
298	219
254	220
69	221
263	221
285	221
286	221
154	223
302	223
137	224
265	226
284	228
272	229
142	230
157	230
254	230
63	231
290	231
270	232
243	234
55	235
228	235
252	235
67	236
204	236
207	236
285	236
71	237
197	237
263	237
156	238
164	238
253	240
214	241
222	241
176	242
193	243
160	244
234	244
61	248
182	248
190	248
201	248
53	249
295	249
156	250
201	250
222	250
71	251
299	251
240	252
209	253
264	253
160	254
201	254
258	255
218	256
222	256
251	257
76	258
181	258
209	258
240	258
265	258
297	259
225	260
210	261
217	261
185	263
251	265
210	266
244	266
268	267
297	269
233	270
71	271
234	271
71	272
279	272
244	273
240	274
250	274
280	278
72	280
78	280
242	280
73	281
295	281
249	284
215	285
106	287
204	289
111	290
293	293
109	294
117	295
194	296
258	299
294	299
122	300
172	300
252	300
251	301
252	302
241	303
147	305
290	305
181	306
152	307
84	308
146	310
242	310
142	311
188	313
169	314
84	316
88	317
164	317
184	317
184	321
182	323
290	323
286	325
281	326
181	328
135	330
169	331
93	332
96	334
174	335
224	335
272	336
278	336
137	337
147	338
289	338
183	339
264	340
285	341
224	342
261	342
278	342
192	344
98	345
153	345
238	345
263	346
266	346
267	346
103	348
285	350
118	351
262	351
129	352
131	352
186	352
188	352
239	352
246	352
254	352
258	352
264	352
267	352
268	352
