475
104	3
137	3
139	3
166	3
192	3
194	3
204	4
104	5
145	7
205	7
232	7
241	7
213	8
115	9
94	11
191	13
250	14
165	15
172	18
233	19
168	20
171	20
193	20
211	21
142	25
250	27
103	29
84	30
272	30
194	31
256	33
93	35
122	39
100	41
194	41
81	42
210	43
199	46
185	47
77	48
173	50
222	50
191	52
227	54
74	60
261	60
102	63
190	63
177	66
170	67
195	67
169	68
293	71
290	72
136	73
155	73
174	76
239	78
192	79
271	79
259	80
284	80
67	81
209	81
292	81
83	82
149	83
251	83
252	83
123	84
184	84
109	85
135	85
265	86
98	87
279	87
302	87
71	89
77	89
164	89
245	89
157	90
231	90
253	90
76	91
85	91
93	91
216	91
294	91
67	92
103	92
179	92
189	92
278	92
286	92
308	92
114	93
124	93
128	93
127	94
253	94
269	94
138	95
245	95
149	96
259	97
305	98
162	99
171	99
188	99
211	99
228	99
250	99
193	101
238	102
225	103
289	103
226	104
238	104
143	106
206	106
301	106
213	107
228	107
300	107
94	108
217	108
230	108
246	108
297	108
209	111
307	112
301	114
58	117
249	117
221	118
175	120
187	121
157	122
65	123
306	124
299	125
58	127
190	127
72	128
160	128
180	128
218	130
225	130
89	131
243	132
249	132
267	132
47	133
303	133
103	134
300	134
302	134
188	136
304	136
47	137
125	137
37	138
185	139
87	140
267	140
39	142
130	142
305	142
220	143
266	143
299	143
304	143
187	144
272	144
274	144
305	144
104	145
279	145
43	147
115	147
224	147
243	148
251	148
146	149
252	149
257	149
124	150
304	150
45	151
190	151
218	151
216	152
53	153
67	154
42	156
59	156
155	156
236	156
50	157
53	157
175	157
259	157
141	159
143	159
61	160
232	160
40	161
114	161
188	161
217	161
130	162
75	163
40	164
49	164
143	164
249	164
137	165
145	165
169	165
110	166
118	166
154	166
254	166
209	167
267	168
80	169
53	170
181	170
45	171
193	171
213	172
44	173
148	173
209	173
267	173
273	173
41	174
245	174
70	175
156	175
190	176
59	177
207	177
249	177
261	177
189	178
267	178
152	180
249	180
144	181
162	182
255	182
60	185
234	185
247	185
184	186
46	187
138	187
241	187
248	187
60	188
223	189
42	190
47	190
77	190
103	190
218	190
264	190
272	190
59	191
192	191
277	191
278	192
298	192
142	193
189	194
242	194
51	195
96	195
224	195
218	196
249	196
86	197
61	198
273	198
287	198
44	199
104	200
153	200
241	200
251	200
62	201
67	201
148	201
82	202
215	202
238	203
260	203
97	204
272	204
294	204
269	205
282	205
265	207
109	208
191	208
50	209
142	209
210	210
286	210
199	212
260	212
270	212
62	213
293	213
249	214
64	215
258	215
280	215
281	215
149	217
297	217
132	218
260	220
279	222
267	223
137	224
152	224
249	224
58	225
285	225
265	226
238	228
50	229
223	229
247	229
62	230
199	230
202	230
280	230
66	231
192	231
258	231
151	232
159	232
248	234
209	235
217	235
171	236
188	237
155	238
229	238
56	242
177	242
185	242
196	242
48	243
290	243
151	244
196	244
217	244
66	245
294	245
235	246
204	247
259	247
155	248
196	248
253	249
213	250
217	250
246	251
71	252
176	252
204	252
235	252
260	252
292	253
220	254
205	255
212	255
180	257
246	259
205	260
239	260
263	261
292	263
228	264
66	265
229	265
66	266
274	266
239	267
235	268
245	268
275	272
67	274
73	274
237	274
68	275
290	275
244	278
210	279
101	281
199	283
106	284
288	287
104	288
112	289
189	290
253	293
289	293
117	294
167	294
247	294
246	295
247	296
236	297
142	299
285	299
176	300
147	301
79	302
141	304
237	304
137	305
183	307
164	308
79	310
83	311
159	311
179	311
179	315
177	317
285	317
281	319
276	320
176	322
130	324
164	325
88	326
91	328
169	329
219	329
267	330
273	330
132	331
142	332
284	332
178	333
259	334
280	335
219	336
256	336
273	336
187	338
93	339
148	339
233	339
258	340
261	340
262	340
98	342
262	345
234	346
257	346
100	347
109	347
127	347
118	348
139	348
149	348
172	348
189	348
