598
182	3
220	3
172	4
174	4
140	5
231	5
93	14
165	17
243	17
87	27
252	28
194	35
169	36
89	38
255	39
194	41
137	42
171	49
73	50
137	51
140	52
263	52
140	56
172	56
70	58
75	58
133	58
70	59
92	60
216	62
85	63
131	63
141	63
149	63
231	63
270	63
111	66
131	66
70	67
91	70
96	71
271	73
146	74
184	75
138	76
233	76
141	77
73	78
150	78
73	79
89	80
178	81
141	82
145	84
276	84
92	87
80	88
137	88
256	88
61	90
125	90
173	90
101	91
129	92
132	92
255	94
159	95
245	95
250	95
278	95
250	100
64	101
99	103
152	103
136	104
271	104
278	105
280	105
66	106
100	106
106	106
140	106
60	107
265	107
267	107
249	111
63	113
252	113
276	113
58	114
63	114
265	114
155	115
262	115
58	116
91	117
115	117
146	117
160	117
210	117
248	117
121	118
151	118
252	118
86	119
126	119
65	121
101	121
281	121
96	122
272	122
97	124
67	125
226	125
89	126
105	126
82	127
238	127
290	127
121	128
209	128
106	129
289	129
291	130
61	134
71	134
156	134
82	135
161	135
210	135
214	135
223	136
225	136
238	136
263	136
92	137
256	137
267	137
84	138
99	138
168	139
177	139
251	139
114	140
161	140
180	140
231	140
235	140
145	143
153	143
151	144
221	144
267	144
293	144
57	145
94	145
99	145
199	145
181	147
184	147
222	147
228	147
274	147
259	148
171	149
94	150
107	150
112	150
121	150
201	150
280	150
135	151
247	151
52	152
168	152
241	152
252	152
255	152
53	153
252	153
266	153
258	154
265	154
151	155
161	155
178	155
184	155
150	156
166	156
188	156
272	156
94	157
252	157
288	157
89	158
97	158
144	158
257	158
280	158
53	159
214	159
230	159
297	159
90	160
107	160
113	161
166	161
175	162
119	164
257	165
263	165
285	165
141	166
184	166
224	166
252	166
278	166
98	167
148	167
217	167
267	167
293	167
120	168
126	168
282	168
48	169
133	169
140	169
148	169
184	169
191	169
277	169
154	170
162	170
175	170
180	170
48	173
212	173
79	175
254	175
256	175
290	175
112	176
162	176
171	176
275	176
140	177
147	177
215	177
268	177
229	178
237	178
245	178
267	178
273	178
274	178
279	179
246	180
297	180
83	182
140	183
171	183
273	183
276	183
51	184
112	184
185	184
195	184
51	185
105	185
267	185
119	186
126	186
167	186
254	187
260	187
77	189
133	189
176	189
251	189
253	189
258	189
86	190
91	190
127	190
152	190
160	190
183	190
294	190
216	191
210	192
229	192
93	193
237	193
251	193
299	193
143	194
257	194
134	195
146	196
152	196
70	197
119	197
153	197
159	197
223	197
229	197
237	198
300	198
79	199
129	199
290	199
257	200
263	200
265	200
269	201
190	202
243	202
295	202
184	203
195	203
249	203
146	204
152	204
258	204
263	205
268	205
146	206
223	206
228	206
152	209
243	209
248	209
106	210
236	210
256	210
112	211
117	211
124	211
242	211
248	211
140	212
254	212
132	213
137	213
302	213
168	214
254	214
262	214
161	215
228	215
152	216
193	216
259	216
106	217
112	217
117	217
131	217
242	217
248	217
253	217
113	218
142	218
148	218
240	218
246	218
100	219
161	219
154	220
156	220
273	220
86	221
149	221
240	221
253	221
266	221
138	222
245	222
276	222
233	223
237	223
253	223
261	223
114	224
133	225
138	225
156	225
270	226
96	227
99	227
150	227
237	227
243	227
262	227
275	227
113	228
199	228
268	228
304	228
59	229
128	229
190	229
58	230
117	230
96	231
141	231
262	231
53	232
81	232
150	232
237	232
257	232
266	232
268	232
146	233
254	233
121	234
158	234
241	234
272	234
119	235
124	235
88	236
134	236
146	236
152	236
155	236
272	236
124	237
142	237
278	237
136	238
141	238
149	238
249	238
180	239
124	240
199	240
101	241
106	241
57	242
121	242
241	242
192	243
263	243
266	243
254	244
132	245
142	245
305	245
50	247
121	247
96	248
99	248
116	248
150	249
84	250
95	250
147	250
154	250
50	251
86	251
111	251
246	251
59	252
80	252
131	252
201	252
126	253
148	253
270	253
279	255
84	257
86	257
158	257
256	257
72	258
120	258
258	258
248	259
201	260
203	260
305	260
184	262
258	262
146	263
263	264
273	264
131	265
68	266
146	266
203	266
141	267
184	267
254	267
112	268
177	268
191	268
195	269
62	270
207	270
157	271
135	272
153	272
104	273
118	273
172	273
176	273
192	273
273	277
116	279
107	280
109	280
113	280
146	280
277	280
290	280
302	280
175	282
136	285
93	286
85	287
175	287
284	288
150	289
182	289
77	290
114	291
98	294
120	294
146	294
150	295
179	295
73	297
81	297
301	297
190	298
117	299
179	301
182	301
63	302
252	302
77	303
273	304
247	305
86	306
247	308
267	308
91	311
194	311
240	311
226	313
74	314
88	315
298	315
228	316
130	317
80	319
70	320
70	321
99	321
206	321
111	323
138	324
234	324
84	326
75	327
208	328
120	330
203	331
295	332
169	334
183	334
102	335
175	335
176	335
114	337
203	337
87	339
96	339
238	339
96	341
108	342
231	342
141	343
79	344
239	344
289	344
289	345
129	346
82	347
194	347
219	347
234	347
235	347
246	347
260	347
274	347
