566
121	3
94	4
139	4
217	4
86	8
79	11
187	11
74	14
72	16
100	16
100	19
250	19
95	22
176	22
75	24
94	27
105	27
253	29
95	30
120	31
120	34
147	36
101	39
117	39
254	39
109	40
104	41
111	41
102	44
140	44
93	46
71	48
263	48
244	49
137	51
228	51
195	55
203	56
206	56
220	58
61	59
65	59
256	59
263	59
266	59
228	62
236	62
119	63
100	64
211	64
236	64
258	64
115	66
64	67
115	67
202	67
64	69
196	69
210	69
268	69
236	70
114	71
95	72
264	73
211	74
87	76
211	79
231	80
63	81
70	82
84	83
221	83
271	83
237	84
230	85
70	86
243	86
64	87
186	88
146	89
209	90
197	91
229	92
85	93
136	93
142	94
217	96
274	96
184	97
197	98
228	98
184	100
191	100
131	102
68	104
233	104
238	104
143	105
116	106
123	106
191	106
281	106
76	107
206	108
115	109
146	109
187	111
135	112
212	113
218	113
146	114
61	115
84	115
97	115
207	115
212	115
223	115
275	115
213	116
244	116
277	116
63	117
114	117
120	117
123	117
130	117
229	118
97	119
235	119
75	120
190	120
218	120
58	122
112	122
212	122
216	122
113	123
121	123
174	124
193	124
224	124
227	124
83	125
189	125
241	125
75	126
82	126
90	126
249	126
236	127
239	127
129	128
185	128
268	128
57	129
75	129
135	129
223	129
270	129
57	130
98	130
64	131
164	131
176	131
180	131
227	131
234	131
112	132
238	132
97	133
110	133
136	133
142	133
149	133
246	133
103	134
133	134
149	134
211	134
124	135
134	135
59	136
238	136
244	136
110	137
210	137
116	138
205	138
90	139
238	139
75	140
95	140
124	140
134	140
169	140
173	140
234	140
243	140
81	141
126	141
283	141
227	142
181	143
189	143
197	143
103	144
109	144
122	144
48	146
153	147
59	148
65	148
227	148
273	148
131	149
213	149
220	149
234	149
96	150
140	150
129	151
53	153
205	153
109	154
211	154
122	155
129	155
138	155
217	155
278	155
76	156
182	156
189	156
280	156
290	156
197	157
202	157
217	157
223	158
289	158
107	159
55	161
109	161
114	161
146	162
151	163
115	164
121	164
285	164
209	165
223	165
227	166
65	168
129	168
137	168
151	168
48	169
229	169
115	170
121	170
145	170
156	170
58	171
281	171
182	172
188	172
216	172
45	174
105	174
203	174
207	174
214	174
249	174
99	176
221	176
227	176
253	176
50	177
69	177
71	177
93	177
214	177
219	177
232	177
290	177
50	178
86	178
154	178
59	179
208	180
210	180
282	180
289	180
232	181
236	181
238	181
201	182
206	182
243	182
298	182
100	183
193	183
80	184
106	184
212	184
218	184
76	185
111	185
114	185
218	185
224	185
82	186
86	186
200	186
205	187
88	188
76	190
249	190
184	191
193	191
197	191
216	191
218	191
100	192
267	192
229	193
231	193
50	194
57	194
120	194
126	194
197	194
203	194
231	194
284	194
226	195
238	195
159	196
90	197
146	197
151	197
214	197
247	197
108	199
203	199
208	200
143	202
169	202
48	203
90	203
208	203
75	204
96	204
109	204
115	204
188	204
110	205
193	205
228	205
281	206
110	207
202	207
204	207
105	208
143	208
69	209
63	210
215	210
221	210
77	211
153	211
210	211
214	211
207	212
234	212
76	213
238	213
99	214
225	214
71	215
101	215
106	215
207	215
284	215
121	216
230	216
71	217
78	217
218	217
221	217
64	218
206	218
237	218
210	219
283	219
89	220
93	220
64	221
149	222
111	223
210	223
216	223
218	223
119	224
202	226
84	227
233	227
206	228
61	230
115	230
149	230
165	230
72	232
91	232
150	232
86	233
117	234
94	235
126	236
127	236
150	236
81	237
86	237
139	237
164	237
272	237
65	238
75	238
153	239
167	240
249	240
69	241
82	241
84	241
116	241
125	241
202	241
100	242
138	242
206	242
288	242
106	243
86	244
102	244
153	244
279	245
94	246
247	246
266	246
223	247
226	247
155	249
274	249
81	251
90	251
76	252
100	253
102	254
114	254
85	255
104	257
142	257
71	259
74	260
81	261
90	261
98	261
103	266
216	267
283	267
284	267
79	273
164	273
67	274
208	274
221	275
209	276
276	276
265	277
273	277
134	278
140	279
209	279
178	281
215	281
175	282
67	283
81	284
92	285
179	285
240	285
261	285
279	285
68	286
94	286
176	286
264	287
111	288
76	291
118	291
200	291
236	291
169	292
103	293
254	293
202	295
258	295
281	295
172	298
111	305
261	305
203	307
81	308
82	309
118	310
198	311
87	313
108	313
197	313
247	314
252	315
115	317
162	317
97	318
153	318
96	319
270	319
97	320
106	322
165	323
245	324
157	325
264	325
92	327
93	328
113	328
127	328
120	330
121	330
202	330
260	331
103	332
162	332
106	333
156	333
198	333
180	334
150	335
174	335
117	336
162	337
204	337
154	339
249	339
256	339
192	343
111	344
121	345
127	345
151	345
158	345
224	345
134	346
211	346
127	347
199	347
