714
104	3
114	3
135	3
145	3
198	3
211	3
214	3
77	5
231	6
156	7
230	7
145	10
146	11
243	11
209	12
234	13
248	13
157	14
167	14
72	15
223	16
170	18
234	18
101	19
146	19
180	19
106	20
163	20
239	20
203	21
212	21
241	21
222	22
156	23
151	24
201	25
193	26
120	28
247	28
126	29
170	29
238	30
182	31
203	32
250	32
135	33
154	33
192	33
125	35
141	35
209	35
95	36
101	36
199	37
150	38
210	38
219	38
169	39
228	39
53	40
116	40
250	40
121	41
181	41
243	41
101	42
106	42
139	43
131	44
214	44
228	44
142	45
223	45
92	47
214	47
120	48
210	48
244	48
126	49
253	49
55	50
56	50
98	50
142	50
239	50
248	51
256	51
99	52
174	52
224	52
217	53
219	53
231	53
213	54
227	54
126	55
85	56
133	57
219	57
54	58
250	58
86	59
215	59
234	59
94	60
116	60
138	60
221	60
114	61
101	62
108	62
206	62
259	62
174	63
201	63
121	66
129	66
114	67
136	67
237	67
44	68
45	68
119	68
126	68
258	70
107	71
126	71
131	71
101	72
106	72
112	72
223	72
63	74
70	74
206	74
223	74
200	75
211	75
237	75
243	75
251	76
119	77
48	78
79	78
86	78
112	78
117	78
125	78
131	78
212	78
216	78
224	78
87	79
125	79
129	79
219	79
262	79
99	80
104	80
135	80
145	80
225	81
46	82
48	83
111	83
221	83
109	84
116	84
125	84
237	84
244	84
87	86
91	86
142	87
212	87
208	88
104	89
109	89
116	89
171	89
244	90
250	91
91	92
97	93
266	93
131	95
71	96
91	96
97	96
136	96
92	97
208	97
230	97
237	97
96	98
109	98
116	98
201	98
246	98
114	99
128	99
86	101
92	101
96	101
98	101
247	101
92	102
107	102
178	102
254	102
255	102
79	103
85	103
166	104
173	104
128	105
133	106
216	106
220	106
50	107
57	107
92	107
106	107
121	107
125	107
264	108
42	109
86	110
222	110
72	111
114	111
99	112
106	112
119	112
240	112
246	112
86	113
106	113
222	113
72	114
79	114
112	114
180	114
42	115
126	115
85	116
216	116
221	117
126	118
233	118
237	118
253	119
134	120
203	120
208	120
210	120
212	121
258	121
80	122
177	122
187	122
198	122
221	122
73	123
99	123
103	123
171	123
40	124
52	124
57	124
79	124
226	124
231	124
238	125
232	126
236	127
220	128
52	130
208	130
213	130
143	131
230	131
105	132
109	132
242	132
125	133
213	133
39	135
125	135
190	135
198	135
236	135
240	135
118	136
121	136
213	136
86	137
92	137
125	137
265	137
111	138
114	138
139	138
225	138
105	139
111	139
198	139
218	139
223	139
204	140
246	140
249	140
122	141
233	141
237	141
117	142
121	142
86	144
92	144
130	144
99	145
101	145
117	145
137	145
175	145
182	145
181	146
188	146
237	146
241	146
198	147
258	147
121	148
181	148
202	148
242	148
81	149
85	149
187	149
210	149
215	149
245	149
94	150
228	150
132	151
32	152
228	152
105	153
108	153
119	153
163	154
172	154
234	154
236	154
178	155
180	155
203	155
207	155
238	155
56	156
132	156
137	156
184	156
207	156
66	157
212	157
220	158
243	158
27	159
56	159
97	159
98	159
105	159
171	159
27	160
42	160
49	160
50	160
177	160
106	161
22	162
57	163
62	163
178	163
206	163
76	164
81	164
51	166
54	166
119	166
90	168
112	168
115	168
208	168
211	168
213	168
223	168
228	169
131	172
208	173
65	174
212	174
70	175
76	175
106	175
109	175
110	175
124	175
125	175
22	176
101	176
104	176
201	176
25	177
65	177
70	177
120	177
203	177
218	177
223	177
251	177
46	178
51	178
21	179
98	179
71	180
85	180
126	180
135	180
66	181
119	181
33	182
115	182
121	182
99	183
211	183
211	184
20	185
59	185
110	185
114	185
153	185
54	186
141	186
251	186
27	187
243	187
21	188
29	188
41	188
234	188
73	189
81	189
86	189
49	190
67	190
96	190
238	191
267	191
64	192
65	192
110	192
151	193
249	193
57	194
36	195
57	195
83	195
98	195
102	195
35	197
214	197
26	198
193	198
196	198
30	199
70	201
95	201
217	201
221	201
76	202
264	202
70	203
91	203
240	203
265	203
86	204
197	204
97	205
251	205
32	206
56	207
94	207
258	208
88	209
129	209
26	210
173	210
245	211
234	212
159	213
210	213
216	213
134	214
27	215
34	215
173	215
206	215
211	215
213	215
230	215
237	215
86	218
122	219
173	219
217	219
219	219
119	220
202	220
211	220
224	220
234	220
243	220
27	221
135	221
199	221
208	221
27	222
127	222
166	222
246	223
98	224
129	224
141	224
114	225
194	225
240	225
233	226
242	226
133	227
166	227
210	227
227	227
255	227
32	228
119	229
92	230
126	230
113	231
122	232
182	232
226	232
107	233
175	233
87	234
203	234
212	234
202	235
154	236
223	236
100	237
111	237
152	237
182	237
209	237
69	238
104	238
235	238
180	239
187	239
190	239
197	239
152	240
212	240
164	241
225	241
237	241
108	242
248	242
64	243
68	243
212	243
109	244
186	244
247	244
122	245
237	245
175	247
192	247
116	248
165	248
186	248
203	248
89	249
199	249
201	249
239	249
184	250
210	252
177	253
95	255
184	255
190	256
233	256
107	257
156	257
201	257
204	257
246	257
35	258
45	260
66	262
143	262
113	263
166	263
210	263
84	264
185	266
244	266
71	267
121	267
143	267
197	267
211	267
72	268
89	268
50	269
173	269
128	270
155	270
160	270
204	270
40	271
132	272
204	272
215	272
77	274
155	275
171	275
145	276
163	276
207	276
131	277
186	277
47	278
68	278
91	279
138	280
145	280
238	281
153	282
198	282
169	283
67	284
95	284
127	285
169	286
183	286
203	286
67	290
213	290
184	292
108	294
130	294
114	295
117	295
214	295
70	297
71	297
146	297
103	299
205	300
211	300
95	301
139	302
146	302
124	304
160	304
168	304
90	305
129	305
101	306
92	307
188	307
103	308
136	308
135	309
110	310
180	310
74	312
87	312
111	312
196	312
198	312
89	313
186	314
118	315
126	317
139	317
97	319
133	319
70	320
101	320
112	320
145	320
114	321
89	322
103	324
121	325
159	327
111	328
145	328
159	328
118	330
