666
99	3
108	3
146	3
204	3
219	3
232	3
250	3
258	3
266	3
90	7
146	7
158	7
163	8
275	8
158	9
267	9
152	10
172	10
271	10
203	11
138	12
262	12
130	15
123	16
137	16
161	16
181	16
279	16
128	17
142	17
153	17
273	17
246	18
242	20
121	21
135	21
107	22
127	22
141	22
100	23
114	23
182	24
121	25
84	26
149	27
258	27
253	28
266	29
274	29
156	31
218	31
101	32
224	32
238	32
162	33
234	33
253	34
259	34
276	34
110	35
117	36
146	36
124	37
131	37
253	37
131	38
137	38
242	38
145	39
153	39
151	40
110	41
160	41
116	42
228	42
76	43
131	43
136	43
151	43
156	43
254	43
261	43
268	43
124	44
247	44
283	44
234	45
225	46
203	47
130	48
195	48
124	50
149	51
156	51
164	51
268	51
272	51
67	52
116	53
142	53
159	53
246	53
251	53
254	53
282	53
110	54
116	54
122	54
136	54
141	54
148	54
221	55
236	55
232	56
220	57
70	58
86	58
122	58
129	58
68	59
79	59
128	59
167	59
148	60
196	60
271	60
129	61
156	61
249	61
115	62
116	62
122	62
262	62
272	62
134	63
141	63
255	65
129	67
249	67
156	69
161	69
115	70
121	70
122	70
227	70
233	70
115	72
134	72
197	72
198	72
139	73
141	73
287	73
67	74
153	74
248	75
254	75
132	76
190	76
242	76
248	76
117	78
176	78
104	79
110	79
146	79
183	79
152	80
183	81
265	81
271	81
278	81
283	81
75	84
82	84
111	84
115	84
139	85
145	85
199	85
206	85
158	86
163	87
152	88
153	88
125	89
130	89
139	89
145	89
152	89
191	90
223	90
228	90
241	90
264	90
229	91
234	91
207	92
289	92
69	93
159	93
224	94
125	95
196	95
254	95
268	96
274	96
136	97
159	97
234	97
262	97
266	97
278	97
167	98
262	98
201	99
208	99
239	99
242	99
267	99
273	99
99	101
119	101
125	101
233	102
238	102
70	103
83	104
256	104
245	105
251	105
138	106
100	107
224	107
231	107
290	107
238	108
244	108
105	109
111	109
126	109
132	109
151	109
259	109
261	109
263	110
270	110
157	112
132	113
138	113
59	114
244	114
250	114
253	114
255	114
238	115
241	115
224	116
92	117
126	117
132	117
230	117
84	118
146	118
199	119
213	120
250	120
272	120
94	121
99	121
114	121
119	121
253	121
222	122
179	123
228	123
293	123
132	124
138	124
172	124
189	124
87	125
126	125
145	125
109	126
127	126
132	126
273	126
213	128
144	129
159	129
218	129
228	129
233	129
234	129
68	130
140	130
146	130
198	130
204	130
238	130
127	131
165	131
172	131
110	132
233	132
279	132
86	133
259	133
116	134
122	134
218	134
263	134
293	134
78	135
110	135
128	135
133	135
134	135
139	135
205	135
223	135
238	136
241	136
125	137
141	137
145	137
150	137
151	137
263	138
292	138
268	139
281	139
145	140
249	140
85	141
87	141
253	141
80	142
112	144
145	144
147	144
142	145
234	145
273	145
82	146
87	146
231	146
238	146
67	147
209	147
139	148
185	148
135	149
152	149
238	150
130	151
134	151
149	151
242	151
244	151
134	152
248	152
264	152
163	153
203	153
268	153
83	154
88	154
101	154
106	154
154	154
224	154
144	155
226	155
278	155
150	156
296	156
126	157
247	157
101	158
122	158
185	158
235	158
238	158
96	159
169	159
69	160
140	160
267	160
274	160
246	161
283	161
69	166
244	166
146	167
161	167
197	167
251	167
262	167
299	167
117	168
178	168
193	168
223	168
225	168
106	169
119	169
157	169
182	169
247	169
251	169
276	169
85	170
129	170
132	170
81	171
87	171
294	171
198	172
228	172
256	172
101	173
107	174
177	174
182	174
194	174
96	175
283	176
122	177
262	178
118	179
121	179
128	179
294	179
242	180
296	180
92	181
99	181
110	181
201	181
156	182
173	182
231	182
275	182
77	183
134	183
158	183
167	183
243	183
180	184
153	185
233	185
251	185
274	185
122	186
124	186
86	188
135	188
201	188
81	189
88	189
131	189
166	189
171	189
240	189
178	190
274	190
281	190
189	191
264	191
151	192
230	192
166	193
296	193
263	194
159	195
65	196
67	196
78	196
83	196
93	196
142	196
161	196
172	196
248	197
178	198
275	198
129	199
199	199
256	199
231	200
257	200
166	201
169	201
244	201
265	201
301	201
235	202
290	202
292	202
126	203
152	204
175	204
178	204
144	205
154	205
223	205
259	205
272	205
165	206
241	206
220	207
229	207
126	210
135	210
206	210
235	210
197	211
263	211
282	211
122	212
136	212
145	212
173	212
154	213
197	213
220	213
253	213
136	214
138	215
220	215
233	215
239	215
258	215
268	215
171	216
255	216
302	216
126	217
155	217
143	218
144	219
173	219
88	220
182	220
189	220
226	220
149	221
164	221
130	222
213	222
234	222
241	222
131	223
296	223
107	224
155	224
220	224
258	224
271	224
199	225
228	226
126	227
137	227
146	227
179	227
94	228
192	229
221	229
216	230
137	231
150	231
241	231
251	231
97	232
111	232
133	232
135	232
144	232
261	232
107	233
200	233
255	233
159	234
180	234
234	234
194	235
219	235
100	237
139	237
227	237
125	238
168	238
206	238
266	238
129	239
178	239
204	239
236	239
123	240
157	240
186	240
217	240
186	241
230	241
252	241
107	244
125	244
137	244
170	244
99	245
200	245
259	245
192	246
215	248
143	249
207	251
225	251
226	251
242	251
105	252
176	252
272	252
138	253
192	253
236	254
248	254
256	254
231	255
130	256
163	257
165	257
226	257
122	258
146	258
177	258
200	258
187	259
193	259
153	260
218	260
235	260
249	262
269	262
273	262
160	263
167	263
204	263
169	264
242	264
133	266
145	266
149	267
158	267
180	267
162	269
213	271
205	273
193	274
226	274
234	275
209	279
190	281
195	282
229	282
