809
218	3
159	4
191	4
245	4
155	5
136	9
124	10
275	10
130	12
261	12
266	14
117	15
137	19
278	19
137	26
136	27
112	28
156	30
279	31
148	33
178	37
209	37
169	38
193	38
115	39
148	40
208	42
279	42
260	43
108	44
110	44
169	45
176	45
178	45
210	45
184	46
192	47
94	48
153	48
268	48
111	50
97	51
108	52
202	52
175	53
177	53
184	53
267	53
275	53
222	54
104	55
214	55
239	55
137	56
153	56
274	57
137	58
283	58
141	59
217	59
220	59
248	60
275	60
97	61
237	61
177	62
95	63
177	63
187	63
197	63
259	63
137	65
161	65
214	65
224	65
279	65
248	66
80	67
108	67
161	67
193	68
214	68
240	68
248	68
258	68
121	69
285	69
89	70
177	70
185	70
223	70
166	71
110	72
239	72
212	74
80	76
121	76
136	76
151	76
126	77
165	77
124	78
143	78
241	78
191	79
266	79
124	80
165	80
151	81
158	81
169	81
238	81
86	82
129	82
221	82
91	84
159	84
263	84
84	85
75	86
139	86
77	87
169	88
180	88
146	89
159	89
141	90
172	90
265	90
159	91
221	91
246	91
73	92
76	92
233	92
148	93
252	94
261	95
275	95
80	96
116	97
121	98
159	98
180	98
191	98
265	99
178	100
273	100
174	101
259	101
290	101
105	102
225	102
234	102
263	102
111	103
166	103
215	103
237	103
127	106
134	106
143	106
214	106
77	107
132	107
139	107
83	108
178	108
182	109
111	110
116	110
265	110
169	111
251	112
139	114
262	114
116	115
253	115
121	116
152	116
221	116
229	116
239	116
161	117
66	118
253	119
121	120
152	120
181	120
247	120
276	120
126	121
128	121
263	121
156	122
132	123
142	123
258	123
225	125
112	126
150	126
106	127
109	127
117	127
248	127
126	128
129	128
242	129
117	131
270	131
123	132
184	132
193	133
137	134
223	134
238	134
242	134
91	135
128	135
167	137
143	138
66	139
73	140
158	140
168	140
206	140
233	140
238	140
101	142
106	142
113	142
184	142
217	142
223	142
124	143
134	143
193	143
119	144
81	145
140	145
74	146
125	146
268	146
131	147
133	147
147	147
119	148
137	148
273	148
124	149
247	149
253	149
262	149
226	150
233	150
240	150
295	150
234	151
106	152
113	152
118	152
111	153
214	153
118	154
131	154
123	155
136	155
210	155
234	156
254	156
75	157
81	157
104	157
143	157
150	157
223	157
248	157
110	158
146	158
223	158
225	158
136	159
155	159
60	160
236	160
123	161
127	161
110	162
115	162
117	162
121	162
262	162
268	162
297	163
255	165
98	166
103	166
55	167
201	167
223	167
58	168
75	168
82	168
90	168
97	168
109	169
114	169
121	169
127	169
181	169
218	169
231	171
226	172
240	172
293	172
114	173
246	173
119	174
198	174
90	175
96	175
103	175
106	175
246	175
253	175
254	175
258	176
265	176
96	177
102	177
119	177
141	177
146	177
265	177
125	178
127	178
131	178
108	180
182	180
75	181
82	181
119	181
124	181
146	181
151	182
212	182
217	182
226	182
233	182
89	183
96	183
103	183
108	183
252	184
246	185
256	185
55	186
59	186
138	186
143	186
124	187
130	187
131	187
137	187
226	187
233	187
233	189
67	190
109	190
203	190
60	191
116	191
183	191
124	192
130	192
196	192
256	192
129	193
137	193
142	193
182	193
233	193
261	193
75	194
82	194
116	194
122	194
137	194
146	194
271	194
90	196
95	196
226	196
256	196
276	196
60	197
231	197
243	197
260	197
261	197
266	197
299	197
66	198
137	198
109	199
190	199
115	200
144	200
207	200
213	200
219	200
254	200
231	201
258	201
213	202
218	202
243	202
180	203
83	204
88	204
208	204
218	204
230	204
247	204
117	205
121	205
192	205
198	205
236	205
242	205
74	206
82	206
88	206
94	206
102	206
109	206
62	207
242	207
54	208
302	208
55	209
135	209
141	209
230	209
234	209
218	210
252	210
117	211
121	211
221	211
225	211
272	211
95	212
101	212
121	212
126	212
150	212
234	212
256	212
258	212
261	212
74	213
277	213
81	214
239	214
127	215
134	215
55	217
134	217
154	217
101	218
109	218
114	218
121	218
140	218
148	218
154	218
208	218
239	218
241	218
251	218
109	219
113	219
214	219
221	219
228	219
227	220
233	220
234	220
121	221
124	221
246	221
248	221
95	222
97	222
140	222
214	222
220	222
130	223
74	224
79	224
102	224
252	224
253	224
108	225
140	225
273	225
198	226
207	226
190	227
205	227
213	227
255	227
278	227
181	228
90	229
95	229
114	229
120	229
130	229
262	229
299	229
102	230
220	230
245	230
213	231
45	232
218	232
234	232
236	232
45	233
96	233
102	233
171	233
74	234
81	234
251	234
218	235
245	235
251	235
141	236
189	236
221	236
228	236
51	237
193	237
251	237
91	238
96	238
124	238
256	238
114	239
103	240
179	241
186	241
110	242
114	242
138	242
216	242
251	242
131	243
219	243
228	243
254	243
104	244
146	244
208	244
233	244
141	245
213	245
51	246
58	246
66	246
186	246
84	247
90	247
114	247
207	247
254	247
233	248
259	248
72	249
92	249
131	249
236	249
60	250
63	250
100	250
219	250
221	250
121	251
216	251
261	251
221	252
228	253
294	253
77	254
116	254
116	257
118	257
122	257
208	258
214	258
228	258
256	258
74	259
112	259
113	259
211	259
218	259
232	259
234	259
262	259
60	260
67	260
105	260
143	260
238	260
86	262
100	262
128	262
81	263
94	263
119	263
122	263
123	263
218	263
222	264
88	265
109	265
211	265
230	266
81	267
150	267
213	267
215	267
233	267
56	268
59	268
244	268
219	269
110	270
248	270
258	270
292	270
213	271
101	272
119	272
84	273
96	273
217	273
91	275
108	275
110	275
57	276
62	276
73	277
74	277
253	277
51	278
216	278
224	278
231	279
79	280
198	280
219	280
244	280
91	281
204	281
57	282
226	282
247	282
53	283
86	283
101	284
95	285
204	286
226	286
228	287
137	289
111	290
181	290
249	290
99	291
101	291
219	293
247	293
105	294
131	295
209	295
240	295
285	295
144	296
180	297
211	297
254	298
109	299
221	299
230	299
166	300
253	300
118	301
128	301
245	301
265	301
268	301
217	302
104	304
137	305
122	306
123	306
259	306
134	307
142	308
174	308
219	308
127	310
135	310
209	310
218	310
226	310
240	310
101	312
205	312
187	313
124	314
181	315
182	315
211	315
57	316
211	316
96	317
117	317
146	317
198	317
219	317
112	319
193	319
205	320
278	320
122	321
181	321
201	321
162	322
168	322
173	322
253	322
109	324
117	325
128	325
79	327
132	327
182	327
202	327
121	328
151	328
212	328
157	329
249	329
79	330
73	331
126	331
141	331
207	331
115	333
141	333
187	333
86	334
100	334
146	334
186	334
276	334
84	335
152	335
172	335
113	336
140	336
180	336
213	336
161	337
192	337
85	338
141	338
195	340
234	340
107	341
147	341
191	341
233	341
133	342
206	342
120	344
175	344
213	344
225	344
252	344
72	345
113	345
139	345
167	345
199	345
200	345
225	345
265	345
102	346
88	347
144	347
192	347
193	347
