840
117	3
144	3
161	3
171	3
203	3
211	3
228	3
254	3
261	3
265	3
171	6
257	6
235	7
198	8
214	8
126	9
251	9
115	10
176	10
272	10
152	12
174	14
145	15
206	15
279	15
161	16
264	16
135	17
204	17
190	18
126	19
181	19
260	19
262	19
162	20
236	20
270	21
123	22
168	23
281	23
131	24
190	24
278	24
135	26
187	26
279	26
168	27
245	27
151	29
171	29
235	29
118	30
185	31
191	32
254	32
142	33
265	33
275	33
84	34
267	34
194	35
204	35
254	35
171	36
275	36
188	38
228	38
238	38
246	38
273	40
147	41
178	41
282	41
227	42
275	43
174	45
194	46
156	47
160	47
86	49
177	49
77	51
156	51
252	51
159	52
234	52
243	52
258	52
268	52
149	53
277	53
159	55
194	56
286	56
125	58
277	58
129	59
131	59
155	59
136	60
271	60
163	62
116	63
121	63
253	63
136	67
99	68
140	68
142	68
241	68
243	68
258	68
121	69
129	69
133	69
237	69
147	70
72	72
134	72
259	73
100	77
139	77
237	77
83	78
144	78
126	79
233	79
132	80
75	81
109	81
116	82
123	82
125	82
144	82
130	83
131	83
282	83
149	84
247	84
253	84
289	84
142	85
158	85
254	85
260	85
286	85
267	86
276	86
155	87
157	87
261	87
229	88
162	89
241	89
243	89
116	90
122	91
123	91
129	91
134	91
223	91
128	92
261	92
268	92
142	93
147	93
101	94
245	94
92	95
134	95
139	96
245	96
85	97
92	97
101	97
108	97
147	97
151	97
139	98
146	98
114	99
156	99
109	100
120	100
128	101
132	101
290	101
120	102
126	102
215	102
235	102
268	102
272	102
70	103
231	103
245	105
109	106
239	106
254	106
260	106
108	107
133	107
138	107
211	108
248	108
253	108
260	108
267	108
114	109
119	109
270	110
280	110
119	111
253	112
278	112
248	115
291	115
112	116
119	117
131	117
135	117
144	117
149	118
129	119
186	120
240	120
245	120
271	120
100	122
107	122
263	123
115	124
119	124
142	124
156	124
197	124
240	124
267	124
148	125
161	125
186	125
233	125
246	125
249	125
94	126
100	126
107	126
114	126
129	128
195	128
134	129
136	129
138	129
154	129
198	129
121	130
128	130
159	130
256	130
293	130
268	131
273	131
65	132
86	132
94	132
100	133
104	133
148	133
151	133
80	135
86	135
94	135
100	135
199	135
203	135
233	135
238	135
156	136
226	136
231	136
278	136
114	137
121	137
193	137
221	138
252	138
64	139
121	140
127	140
114	141
135	141
121	142
238	142
242	142
245	142
247	142
279	142
99	144
231	144
236	144
172	145
295	145
66	146
178	146
248	147
256	147
99	148
102	148
154	148
162	148
229	148
236	148
271	148
79	149
127	149
161	149
235	149
253	149
133	150
169	150
221	150
228	151
247	151
99	152
121	152
125	152
247	152
253	152
262	152
265	152
251	153
266	153
86	154
94	154
161	154
235	154
257	154
272	154
127	155
133	155
167	155
240	155
261	155
116	156
121	156
147	157
150	157
228	157
233	157
211	159
233	159
121	160
127	160
141	160
144	160
153	160
159	160
167	160
220	160
227	160
239	160
240	160
246	160
195	161
202	161
218	161
247	161
248	161
297	161
60	162
261	162
265	162
233	163
256	163
94	164
101	164
237	164
268	164
270	164
253	165
256	165
273	165
86	166
144	166
149	166
184	166
79	167
127	167
218	167
223	167
103	168
107	168
114	168
115	168
127	168
133	168
159	168
167	168
237	168
292	168
242	169
109	170
140	171
134	172
150	172
267	172
193	173
155	174
223	174
269	174
155	175
199	175
228	175
231	175
233	175
109	176
116	177
127	177
140	177
142	177
199	177
248	177
253	177
265	177
267	177
104	178
134	178
142	178
57	179
146	179
228	179
227	180
231	181
233	181
253	181
236	182
258	182
89	183
96	183
123	183
128	183
65	184
71	184
226	184
89	185
274	185
299	185
80	186
142	186
146	186
245	186
248	186
86	187
135	187
231	187
106	188
233	188
224	190
226	190
74	191
80	191
91	191
129	191
242	191
248	191
273	191
86	192
124	192
214	192
246	192
252	192
129	193
143	193
106	194
125	194
218	194
100	195
149	195
273	195
81	196
86	196
107	196
113	196
159	196
121	197
125	197
143	197
252	197
113	199
133	199
143	199
245	199
75	200
81	200
108	200
120	200
138	200
231	200
248	200
256	200
260	200
261	200
115	201
224	201
164	202
300	202
101	203
128	203
226	203
231	203
103	204
108	204
214	204
83	205
89	205
96	205
124	205
218	205
221	205
110	206
52	207
224	207
52	208
60	208
75	208
71	209
134	209
116	210
195	210
90	211
96	211
180	211
188	211
224	211
238	211
105	213
126	213
227	213
234	213
241	213
244	213
250	213
260	213
265	213
73	214
77	214
215	214
218	214
246	214
261	214
99	215
197	215
253	215
238	216
89	217
268	217
93	218
180	218
189	218
226	219
294	219
81	220
106	220
219	220
227	220
238	220
115	221
122	221
242	221
121	223
263	223
95	224
114	224
246	224
259	224
94	225
197	225
259	225
113	226
235	227
56	228
225	228
253	228
114	229
268	230
148	231
196	232
235	233
257	233
266	233
294	233
241	234
249	234
256	234
226	235
241	235
171	236
183	236
215	236
258	236
155	237
176	237
178	237
158	238
190	238
146	239
251	239
273	239
154	240
166	241
171	241
139	242
176	242
180	243
249	243
159	244
240	244
220	245
223	245
76	246
143	246
125	247
151	247
71	248
164	248
246	248
247	249
149	250
140	251
188	251
131	252
162	252
215	252
233	252
280	253
146	254
176	254
178	254
223	254
231	254
268	254
292	254
148	255
209	255
188	257
189	257
198	257
224	257
226	257
59	258
66	261
275	261
199	262
62	263
149	263
167	263
259	263
96	264
127	264
136	264
223	264
155	265
174	265
180	265
208	266
217	266
223	266
100	267
142	267
97	268
203	269
209	270
228	270
288	270
116	271
189	271
170	272
250	272
204	273
157	274
181	274
237	274
204	275
227	275
102	276
122	276
208	276
245	276
252	276
112	277
163	277
169	277
219	277
221	277
239	277
135	278
281	278
149	279
218	279
222	280
245	280
214	281
108	282
157	282
208	282
219	282
230	282
140	283
160	283
205	283
208	283
283	283
100	284
166	284
230	284
145	285
195	285
208	285
215	285
218	285
132	286
147	286
170	286
66	287
122	287
136	287
105	288
155	288
279	288
219	289
241	289
143	290
168	290
219	290
97	291
203	291
232	291
130	292
203	294
206	294
275	294
150	295
155	295
221	295
81	297
138	297
220	297
244	297
268	297
172	298
173	298
199	298
215	298
231	298
140	299
181	299
110	301
148	301
150	301
220	301
245	301
232	302
89	304
98	304
105	304
133	304
157	304
194	304
213	304
105	305
136	305
269	305
141	306
207	307
254	307
132	308
94	310
162	310
197	310
249	310
101	312
111	312
135	312
169	313
210	313
113	314
148	315
204	315
241	315
107	316
142	316
152	316
221	316
117	317
197	317
102	318
233	319
147	320
170	320
214	320
104	322
113	322
139	322
226	322
160	323
106	324
161	324
166	325
256	325
112	327
132	327
226	327
228	327
219	328
246	330
233	331
132	332
148	333
149	333
195	334
109	335
187	335
156	336
169	336
102	337
141	337
234	339
117	340
106	341
117	341
198	341
152	342
195	342
222	342
185	343
215	343
125	345
142	345
130	347
200	347
