797
143	3
172	3
198	3
268	3
225	4
247	4
154	7
157	7
159	7
214	7
219	7
221	7
258	9
130	10
253	11
163	12
221	12
280	12
262	13
120	14
158	14
120	15
226	15
200	18
224	20
255	20
178	21
185	23
240	23
253	23
225	24
230	24
144	25
184	25
211	25
217	25
282	25
175	26
151	27
188	27
211	27
178	28
219	29
113	30
241	30
199	31
230	31
242	31
235	32
139	33
203	33
220	34
213	35
282	36
177	37
235	37
241	37
182	38
106	39
139	39
147	39
243	41
253	42
120	43
122	43
139	43
182	43
188	43
199	43
146	44
240	44
278	44
119	46
283	46
106	47
129	48
188	48
276	48
193	49
268	49
212	50
204	51
113	52
193	52
207	52
211	52
240	52
244	52
145	53
171	54
179	54
199	54
177	55
184	55
267	55
177	57
183	58
199	58
206	59
211	59
162	60
214	60
168	61
285	61
103	62
244	62
177	63
181	64
183	64
188	65
116	66
106	67
136	67
144	67
213	67
204	68
216	69
122	71
136	72
168	72
173	72
130	73
154	73
161	73
162	73
173	73
175	73
188	73
191	73
193	73
203	74
211	74
214	74
208	75
249	75
106	76
199	76
185	77
118	78
111	79
154	81
161	81
208	81
216	81
219	81
99	82
191	83
271	83
282	83
286	83
196	84
214	84
221	84
173	85
249	85
184	87
189	87
162	88
170	88
155	89
162	89
176	89
179	89
189	89
93	90
146	90
139	91
210	92
182	93
188	93
189	93
195	93
201	93
84	94
281	94
286	94
84	95
147	95
207	95
209	95
162	96
168	96
215	96
132	97
276	97
155	98
176	98
181	98
89	99
201	99
188	100
193	100
195	100
200	100
186	101
88	102
155	102
168	102
225	102
174	103
211	103
214	103
162	104
167	104
219	104
186	106
193	106
200	106
148	107
155	107
192	107
199	107
229	107
89	108
174	108
180	108
199	109
285	109
168	110
208	110
249	111
141	112
148	112
155	113
162	113
261	113
192	115
162	116
168	116
192	116
198	117
207	117
84	118
173	118
213	118
111	119
117	119
135	119
141	119
156	119
262	119
126	120
198	121
205	121
119	122
250	122
192	123
197	123
173	124
178	124
112	126
119	126
197	126
204	126
243	126
244	127
73	129
156	129
162	129
173	129
204	129
210	129
294	129
169	130
288	130
183	131
106	132
112	132
163	132
190	132
241	132
150	133
156	133
74	134
175	134
163	135
190	135
196	135
197	135
202	135
235	135
203	137
209	137
232	137
254	137
148	138
163	138
212	138
72	139
129	139
136	139
137	139
183	139
80	140
112	140
189	140
276	140
282	140
294	140
282	141
232	142
292	142
151	144
154	144
162	144
254	144
277	144
176	145
183	145
184	146
213	146
164	147
169	147
218	147
132	149
144	149
151	149
132	151
185	151
262	151
268	151
189	152
196	152
286	152
291	152
188	155
210	155
217	155
67	156
151	156
155	156
160	156
217	158
223	159
144	160
151	160
188	160
278	160
199	161
284	161
136	162
207	163
291	163
188	164
243	164
284	164
290	164
177	165
195	165
145	166
164	166
171	166
242	166
251	166
126	167
233	167
277	167
70	168
120	168
171	168
177	168
189	168
283	168
151	169
158	169
208	170
283	170
289	170
177	171
178	171
251	171
260	172
289	172
151	173
183	173
294	173
83	174
78	175
160	175
163	175
171	175
183	175
82	176
190	176
283	176
166	177
171	177
287	177
289	177
293	177
206	178
206	179
251	179
179	180
256	180
116	181
121	181
139	181
145	181
287	181
299	181
202	182
175	183
238	183
161	184
166	184
172	184
173	184
190	184
138	185
179	185
183	185
296	185
142	186
146	186
168	186
192	186
196	186
257	186
196	187
198	187
209	187
202	188
156	189
161	189
286	189
287	190
289	190
124	191
131	191
148	191
218	191
292	191
294	191
116	192
139	192
143	192
144	192
212	192
109	193
192	193
124	194
133	194
136	194
119	195
164	195
168	195
149	196
170	196
175	196
67	197
145	197
178	197
192	197
203	197
242	197
273	197
281	198
283	198
178	199
186	199
276	199
144	200
150	200
298	200
139	201
142	201
204	201
283	201
164	202
170	202
301	202
121	203
126	203
164	204
182	204
186	204
188	204
198	204
288	204
289	204
134	205
159	205
171	205
184	205
251	205
283	205
291	205
146	206
151	206
276	206
244	207
278	207
285	207
134	209
171	209
299	209
129	210
135	210
146	210
165	210
119	211
161	211
164	211
111	212
113	212
182	212
254	212
105	213
119	213
250	216
130	217
191	217
119	218
161	218
174	218
302	218
156	219
280	219
289	219
295	219
130	220
168	220
180	220
182	220
272	220
275	220
290	220
125	221
282	221
297	221
299	221
144	222
146	222
165	222
168	222
250	222
71	223
125	223
150	224
156	224
140	225
275	226
280	226
295	228
111	229
114	229
116	229
121	229
140	229
283	229
136	230
179	230
299	230
124	231
128	231
171	231
170	232
251	232
239	234
291	234
136	235
293	235
130	236
132	236
172	236
268	236
280	236
117	237
126	237
251	237
112	238
204	238
304	238
253	240
270	240
272	240
204	241
281	241
302	241
198	242
247	242
126	243
205	243
212	243
216	244
297	244
120	245
275	245
210	248
275	248
286	248
70	249
212	249
293	249
195	250
248	250
247	251
219	252
277	252
281	252
184	254
201	254
204	254
222	254
264	254
258	255
277	255
175	256
255	256
206	257
215	257
217	257
247	257
264	257
307	257
267	258
133	259
175	259
221	259
127	260
169	260
259	260
279	260
281	260
191	261
194	262
247	262
257	262
204	263
206	263
247	263
283	263
185	264
267	264
268	264
183	267
202	267
204	267
257	267
260	267
94	268
105	269
248	269
269	269
90	270
282	270
240	271
285	271
155	272
226	272
303	272
177	273
196	273
262	273
275	273
279	273
91	275
141	275
174	275
274	275
279	275
76	276
110	276
117	276
194	276
226	276
85	277
102	277
136	277
241	277
248	277
275	279
277	279
111	281
191	282
216	282
265	282
267	282
277	283
284	283
96	284
105	284
298	284
122	285
227	285
249	285
253	285
297	285
186	286
234	286
267	286
196	287
215	287
301	287
88	288
285	288
288	288
84	290
220	290
116	291
226	291
254	291
85	293
194	293
231	293
233	293
208	294
240	294
246	294
214	295
218	295
97	297
219	297
288	297
88	298
175	298
246	298
249	298
262	298
159	299
236	299
240	299
81	300
89	300
114	301
174	301
210	301
262	301
219	302
155	303
250	304
158	308
206	308
209	308
279	308
120	309
130	310
200	312
151	313
202	313
216	313
257	313
279	313
283	313
133	314
124	316
169	316
193	316
216	316
257	317
120	318
157	319
164	319
217	319
100	320
201	320
198	321
204	321
207	321
176	323
199	323
217	323
169	324
219	324
277	324
204	325
161	326
105	327
163	327
183	327
237	329
203	330
216	330
192	331
218	331
138	332
169	333
227	333
109	334
172	334
268	334
185	336
216	336
236	336
143	337
195	338
165	339
191	339
124	342
160	343
213	344
187	345
142	346
152	347
193	347
252	347
