576
193	3
248	4
126	8
268	10
139	12
118	13
119	13
122	14
172	14
101	18
106	18
247	19
268	20
142	21
212	21
221	22
173	24
118	25
125	25
171	25
181	25
245	25
246	26
138	27
212	30
211	31
220	31
129	32
171	32
230	32
270	32
122	33
220	33
165	37
92	39
153	39
101	40
221	42
273	43
259	44
168	45
141	46
268	46
115	47
163	47
95	51
101	51
209	51
260	51
117	52
165	52
277	52
141	53
147	53
221	53
260	53
229	54
254	54
261	54
161	56
110	57
183	57
135	59
147	59
153	59
88	61
127	61
161	61
280	61
117	62
188	62
214	62
254	62
168	63
104	64
136	64
257	65
207	66
219	66
239	66
245	66
116	67
178	67
221	67
133	68
144	70
204	70
159	71
212	71
128	72
161	72
280	72
153	73
178	74
110	75
153	75
188	75
240	75
131	76
231	76
137	77
215	77
126	78
131	78
155	79
170	79
284	81
82	83
104	83
115	83
176	83
226	84
233	84
77	85
81	85
119	85
188	85
154	86
185	86
173	88
149	90
192	90
234	90
240	90
74	92
104	92
221	92
243	93
174	94
184	94
285	94
111	95
199	95
227	95
233	95
96	96
116	96
193	96
91	97
208	97
213	97
193	98
222	98
189	99
199	99
222	99
104	100
111	101
114	101
131	102
97	103
136	103
191	103
181	104
97	105
129	106
213	106
91	107
277	107
197	108
198	110
203	110
233	110
121	112
233	112
92	113
165	113
175	113
222	113
238	113
288	113
140	114
222	114
124	115
131	115
166	115
181	115
214	115
247	115
114	116
205	116
253	116
99	117
198	117
233	118
292	118
71	119
119	119
193	119
198	119
236	119
262	119
94	120
119	120
139	120
72	121
200	121
227	121
93	122
131	122
166	122
109	123
136	123
138	123
179	123
94	125
142	125
170	125
184	125
71	126
113	126
124	126
220	126
221	126
127	127
259	128
288	128
77	130
208	130
243	130
247	131
141	132
191	132
77	133
146	133
236	133
79	134
101	134
113	134
127	134
168	134
208	134
131	135
208	135
231	136
271	136
262	138
124	139
173	139
176	139
265	139
277	139
241	140
243	141
290	141
113	143
117	143
231	143
233	143
171	144
208	144
213	144
224	144
226	144
122	145
187	145
193	145
97	146
202	146
208	146
250	147
295	148
136	149
178	149
187	149
66	150
81	150
142	150
202	150
208	150
74	151
109	151
212	151
117	152
121	152
157	152
171	152
163	153
247	153
233	154
105	155
240	155
171	156
221	156
226	156
253	156
99	157
102	157
229	157
236	157
187	158
193	158
216	158
244	158
246	158
134	159
250	159
289	159
291	159
67	160
106	160
140	160
177	160
185	160
209	160
243	160
121	161
128	162
134	162
213	164
222	164
242	166
266	166
246	167
256	167
296	167
61	168
71	168
76	168
162	168
168	168
177	168
184	168
233	168
256	168
269	168
104	169
115	169
141	170
145	170
240	170
134	172
141	172
176	172
65	174
173	175
181	175
184	175
123	176
155	176
161	176
188	176
198	176
203	177
250	177
111	179
116	179
173	179
230	179
235	179
241	179
98	180
101	180
118	180
121	180
164	180
238	180
273	180
73	181
106	181
111	181
123	181
128	181
188	181
194	182
219	182
258	182
273	182
136	183
141	183
147	183
220	183
142	184
112	185
209	186
286	186
178	187
183	187
285	187
216	190
219	190
105	191
168	191
206	191
270	191
278	191
101	192
107	192
225	192
205	193
136	194
130	195
257	195
145	196
197	196
125	197
130	197
138	197
265	198
109	199
138	199
199	199
219	199
124	200
130	200
133	200
169	200
185	200
209	200
287	200
78	201
115	202
118	202
127	202
183	202
235	202
106	204
108	204
111	204
225	205
261	205
135	211
186	211
188	211
256	211
128	212
291	212
121	213
185	214
152	215
227	215
84	216
121	216
116	217
139	217
191	217
240	217
80	218
179	218
285	219
116	220
111	222
239	222
229	224
111	226
120	226
159	226
107	227
177	227
123	232
289	232
131	233
241	233
99	234
116	234
95	235
168	235
174	236
206	236
137	240
174	240
232	240
121	241
218	241
168	242
177	242
242	242
149	244
216	244
204	247
236	247
177	248
166	249
237	249
180	251
221	251
120	252
128	252
256	252
280	252
139	253
230	253
148	254
154	254
175	254
170	255
88	256
160	256
200	256
214	256
240	256
146	257
134	258
128	259
207	259
249	259
234	260
183	261
184	262
200	262
132	263
143	263
198	264
149	265
126	266
191	266
242	266
156	267
275	268
199	269
223	269
191	270
91	272
234	272
92	274
125	276
130	276
229	276
191	277
118	278
125	279
131	279
254	279
97	280
223	280
220	282
138	283
156	284
214	284
246	284
119	286
143	286
164	286
267	287
97	288
117	288
256	289
265	289
138	290
149	290
203	290
248	290
197	291
195	292
120	293
248	293
132	294
171	294
188	294
145	295
131	302
212	302
247	302
204	306
243	306
128	309
237	309
252	309
211	311
111	313
112	313
126	313
202	313
136	314
245	314
141	315
116	318
127	325
135	330
208	331
173	333
186	333
222	333
224	333
214	337
208	338
