564
177	3
216	5
218	5
113	6
219	6
228	6
134	7
203	8
133	9
183	9
240	9
90	10
116	10
141	10
111	11
151	11
88	12
222	12
99	13
215	13
59	16
141	18
90	19
199	19
189	20
216	20
117	21
137	21
246	23
99	25
71	27
58	28
73	28
144	28
52	29
190	29
112	30
139	30
143	30
86	32
100	32
134	32
241	32
180	33
234	34
112	36
58	37
87	37
118	37
201	37
96	38
135	38
55	39
200	40
131	41
196	41
228	41
86	42
206	42
246	42
105	43
221	43
229	43
92	44
118	44
123	44
86	45
91	45
98	45
188	46
76	47
107	47
95	48
197	48
204	48
58	49
247	50
86	51
222	51
105	52
178	52
191	52
195	52
49	53
95	53
187	53
51	54
189	54
197	54
225	54
96	56
100	56
125	56
130	56
178	56
108	57
190	57
208	58
181	59
65	60
88	60
201	60
73	61
157	61
77	63
200	63
246	63
139	64
124	65
52	67
100	67
143	67
177	67
110	68
170	68
77	69
81	69
84	69
89	69
108	72
249	72
141	73
154	73
156	73
202	75
207	75
165	76
50	77
125	77
161	77
81	80
111	80
143	80
61	81
66	81
81	81
152	81
210	81
116	83
132	83
84	84
188	84
194	84
252	84
91	86
181	86
74	87
128	87
176	87
252	87
254	87
67	89
72	89
74	89
97	89
39	90
45	90
61	90
84	90
98	90
122	90
182	90
186	90
112	91
150	91
188	92
180	93
253	94
244	95
111	97
132	97
99	98
82	99
88	99
92	99
136	100
143	100
189	100
194	100
72	101
148	101
152	101
253	101
76	102
107	104
136	106
206	106
221	106
38	107
76	107
92	107
97	107
106	107
166	107
173	107
199	107
203	107
210	107
237	107
248	107
255	107
38	108
71	108
86	108
158	108
86	109
91	109
110	109
189	109
194	109
139	110
148	110
94	112
218	112
94	114
100	115
181	115
187	115
238	115
55	117
81	117
218	117
238	118
251	118
64	119
77	119
78	119
174	119
189	119
221	119
225	119
151	120
209	121
213	121
39	122
202	122
87	123
169	123
87	125
182	125
214	125
228	125
79	126
234	126
89	127
186	127
196	127
95	128
228	128
41	130
64	130
70	130
138	130
190	131
194	131
218	131
208	132
210	132
223	132
252	132
154	133
160	133
174	133
199	133
201	133
103	134
126	134
146	134
180	134
190	134
209	134
252	134
96	135
109	135
154	135
185	135
223	135
78	136
101	136
131	137
216	137
240	137
242	137
66	138
137	138
137	140
144	140
186	140
256	140
260	140
38	141
206	142
213	143
87	145
101	145
153	145
196	145
205	145
234	145
94	146
101	146
159	146
187	146
248	146
131	147
188	147
209	147
136	148
144	148
168	148
181	148
204	148
254	148
151	149
173	149
176	149
202	149
208	149
40	150
71	151
75	151
144	152
184	152
248	152
81	153
150	153
46	154
113	154
51	155
150	155
157	155
180	155
182	155
192	155
46	156
101	156
199	156
212	156
188	157
195	157
210	157
101	158
172	158
236	158
37	159
62	160
67	160
83	160
89	160
165	160
195	160
253	160
86	162
149	162
247	162
82	163
154	164
156	164
68	165
161	165
163	165
168	165
48	167
68	167
84	167
101	167
168	167
253	167
40	168
53	168
64	169
77	169
78	169
40	170
177	170
183	170
194	170
197	170
186	171
143	172
203	172
222	172
218	174
227	174
234	174
237	174
165	175
79	176
154	176
78	177
65	178
183	178
206	178
169	179
212	179
110	180
97	181
102	181
190	181
226	182
234	182
255	182
140	183
142	183
79	184
83	184
134	184
249	184
164	186
171	186
176	186
66	187
72	187
74	187
84	187
54	188
61	188
68	188
178	188
228	189
163	191
158	192
141	193
99	194
142	194
199	194
52	195
225	196
234	196
152	197
194	198
103	200
160	200
202	200
80	201
85	201
53	202
211	202
142	203
55	204
59	204
133	204
168	204
106	205
217	205
154	206
177	206
149	207
226	207
52	208
66	208
163	208
194	208
231	208
52	209
144	209
203	209
121	210
170	210
166	211
103	212
128	212
133	212
158	212
130	213
192	213
227	213
53	215
207	216
130	218
218	218
95	219
133	219
56	221
229	221
106	223
194	223
203	223
218	223
224	223
119	224
123	224
187	226
209	226
111	227
140	227
64	229
159	230
208	230
84	231
153	231
182	231
63	232
70	232
116	232
139	232
205	232
230	232
160	233
81	234
128	234
91	236
99	237
111	237
81	238
210	238
85	239
168	239
182	240
207	240
79	241
62	242
124	242
192	242
218	242
89	243
162	243
175	244
145	246
198	247
104	248
146	248
183	248
202	248
91	249
94	249
111	250
152	253
77	254
151	254
169	254
125	255
148	255
101	256
138	256
168	256
159	257
162	257
183	257
184	257
82	258
109	258
72	259
110	259
72	260
96	260
174	261
122	262
166	262
152	263
164	263
132	264
94	266
117	269
105	273
127	273
132	273
152	273
139	274
140	274
148	274
161	274
162	274
110	276
