580
152	3
72	4
143	4
187	4
230	4
152	5
236	8
63	9
208	14
108	15
134	15
144	17
236	18
88	20
58	21
107	25
181	27
108	28
242	28
239	29
52	34
103	35
183	35
130	36
76	37
125	37
240	37
243	37
173	40
77	41
55	42
103	42
226	42
86	43
163	43
126	44
132	46
154	46
96	47
82	48
161	48
188	48
243	48
88	49
115	49
213	49
238	50
98	52
64	53
130	53
173	53
115	54
121	54
76	55
130	55
149	55
153	55
188	55
248	55
79	58
86	58
140	58
183	58
186	58
213	58
239	58
166	59
170	60
46	61
121	61
129	61
148	61
216	61
87	62
89	62
164	63
198	63
131	64
138	64
172	64
249	64
95	66
109	66
62	67
65	67
149	68
148	69
191	69
198	69
75	70
109	70
115	70
131	70
251	70
102	71
79	72
175	72
71	74
136	75
157	75
33	76
99	76
114	78
192	78
134	79
145	79
148	79
71	80
76	80
102	80
156	81
40	82
46	82
151	82
192	82
115	83
135	85
69	86
76	87
78	87
102	87
142	87
249	87
74	88
131	88
201	88
106	89
152	89
158	89
62	90
90	90
185	90
180	91
185	91
191	91
95	92
167	92
172	92
55	93
58	93
62	93
66	93
149	93
34	94
48	94
73	94
87	94
131	94
180	94
41	95
49	95
134	95
241	95
140	96
144	100
149	100
168	100
170	100
173	100
179	100
235	100
248	100
178	101
87	102
122	102
150	102
34	103
89	103
92	103
156	103
58	105
67	105
69	105
96	105
185	105
189	105
126	106
139	106
143	106
156	106
178	106
162	107
171	107
189	107
195	107
72	108
76	108
156	108
254	108
35	110
172	110
243	110
76	111
43	112
59	112
89	112
51	113
93	113
126	113
156	113
163	113
165	113
71	114
84	114
202	114
28	115
34	115
138	115
188	115
247	115
127	116
207	116
226	116
192	117
43	120
76	121
59	122
65	122
178	122
247	122
256	122
65	124
126	124
214	124
141	125
168	125
28	126
59	126
129	126
150	126
250	126
163	127
198	127
51	128
149	128
196	128
202	128
26	129
44	129
73	129
75	129
143	129
182	129
79	130
80	130
86	131
110	132
116	132
187	132
29	133
251	133
196	134
244	134
53	135
59	135
60	135
127	135
199	135
68	136
216	136
66	137
101	137
170	137
192	137
218	137
77	138
86	138
91	138
106	138
144	138
150	138
186	138
188	138
197	139
115	140
181	140
54	142
59	142
120	142
122	142
259	142
91	143
128	143
134	143
164	143
166	143
83	144
97	144
158	144
120	148
126	149
151	149
156	149
55	150
97	150
103	150
176	150
186	150
195	150
198	150
126	151
133	152
134	152
141	152
179	152
180	152
191	152
171	153
183	153
69	154
210	154
67	155
83	155
73	156
178	156
168	157
55	158
66	158
83	158
118	159
125	159
133	159
141	159
149	159
182	159
140	160
147	160
155	160
230	160
140	162
127	163
146	163
201	163
196	164
197	164
76	165
161	165
177	165
55	166
75	166
110	166
115	166
249	166
66	167
65	168
89	168
96	168
146	168
185	168
190	168
192	168
197	168
203	168
55	169
58	169
96	169
102	169
151	169
220	170
119	172
79	173
76	174
78	174
183	174
187	174
73	175
243	175
21	176
29	176
71	176
84	176
89	176
198	176
241	176
91	177
96	177
149	178
173	178
153	180
163	180
173	180
79	181
178	181
187	181
198	181
61	182
65	182
140	182
203	182
141	183
168	184
132	185
159	185
236	185
20	186
29	186
80	186
91	186
20	187
84	187
85	187
132	187
166	188
223	188
69	189
141	189
151	189
158	189
57	190
60	190
80	190
228	190
72	191
79	191
93	191
136	191
64	192
86	192
95	192
99	192
144	192
147	192
250	194
86	195
135	195
25	196
81	197
97	197
187	197
138	198
147	199
153	199
72	200
102	200
131	200
137	200
247	201
96	202
249	202
81	203
211	203
59	204
74	204
75	204
181	204
54	205
61	205
137	206
69	207
205	209
190	211
76	212
144	212
183	213
72	214
136	215
109	216
190	216
96	217
129	218
180	219
243	219
83	223
93	226
99	226
61	227
76	227
93	227
56	228
69	230
71	230
66	231
165	232
179	232
83	233
99	234
127	234
66	236
61	237
76	238
164	240
88	241
116	241
184	242
235	242
83	244
147	244
157	245
36	247
83	250
148	250
76	251
79	251
162	252
187	252
74	253
131	253
80	254
114	254
120	254
132	254
75	255
234	255
163	257
180	257
78	259
103	259
203	259
87	260
139	260
155	260
169	263
186	263
146	264
86	265
139	265
161	265
64	267
68	267
195	267
79	268
179	269
192	269
72	270
166	270
45	271
174	271
84	272
136	272
142	272
74	273
101	273
152	273
65	274
182	275
199	275
63	276
72	276
82	277
109	277
143	277
66	281
203	282
79	283
217	283
149	284
140	285
196	285
119	286
194	286
49	287
127	287
211	287
76	289
97	290
201	290
200	292
118	294
160	294
149	298
151	298
204	299
138	300
182	302
110	304
197	304
60	307
110	309
189	310
66	312
154	314
133	317
81	322
116	325
132	326
158	331
145	333
124	334
134	335
136	335
