564
205	3
240	4
103	5
89	9
189	14
258	14
125	15
131	17
80	19
255	19
125	20
227	25
114	26
136	26
149	28
260	28
79	31
97	31
116	31
84	32
99	32
194	32
228	34
218	36
228	36
146	37
193	37
83	40
266	40
124	41
166	41
216	41
76	42
199	42
158	43
236	46
166	47
245	47
267	47
145	48
262	48
158	49
165	49
173	49
194	49
197	49
104	50
236	51
242	52
147	53
184	53
123	54
127	54
173	54
130	55
193	55
228	55
231	55
212	56
214	56
227	56
159	57
216	57
210	58
157	59
193	60
246	60
117	62
191	62
263	62
159	63
174	63
175	63
151	64
116	66
210	66
121	67
221	67
238	67
107	68
206	68
228	68
230	68
112	69
152	69
223	69
270	69
104	70
189	70
174	71
213	71
77	72
208	72
104	73
190	73
111	74
196	75
231	77
238	77
146	78
178	78
188	79
273	79
111	80
151	80
116	81
239	81
241	81
203	82
125	83
197	83
116	84
190	84
247	84
141	85
231	86
238	86
218	87
187	88
71	89
96	89
100	89
102	89
115	89
89	90
96	90
137	91
196	92
207	92
231	92
146	93
166	93
190	93
195	93
226	93
96	94
136	94
91	95
114	95
149	95
171	95
195	95
207	95
238	95
243	95
57	96
124	96
131	96
140	96
275	96
188	97
112	98
55	99
66	99
73	99
113	99
231	99
118	100
217	100
97	101
202	101
208	101
231	101
102	102
106	102
225	102
92	103
131	103
136	103
168	103
61	104
81	104
190	104
65	105
91	105
113	105
118	105
202	105
210	105
118	106
124	106
172	106
186	106
204	106
92	107
242	107
111	108
126	108
236	108
277	108
218	109
231	109
247	109
238	110
119	112
171	112
141	113
180	113
217	113
223	113
57	114
74	114
124	114
146	114
216	114
187	115
84	116
174	116
178	116
210	116
76	117
109	118
178	118
113	119
131	120
174	120
217	120
223	120
226	120
136	121
222	122
253	122
245	123
248	123
261	123
171	124
238	124
241	124
256	124
115	125
232	125
238	125
94	126
100	126
119	126
122	126
188	126
126	127
196	127
101	128
172	128
181	128
187	128
178	129
51	130
248	130
107	131
263	131
101	132
107	132
141	132
146	133
203	133
208	133
226	133
237	133
241	133
251	133
252	133
243	134
246	134
266	134
279	134
208	135
258	135
96	136
171	136
155	137
177	137
44	138
161	138
226	138
96	139
117	139
133	139
187	139
202	139
208	139
138	140
193	140
232	140
248	142
125	143
226	143
216	144
223	144
232	144
263	144
161	145
168	145
214	145
241	145
113	146
117	146
177	146
243	146
108	147
110	147
185	147
235	147
44	148
193	148
102	149
107	149
198	149
253	149
96	150
219	150
145	151
149	151
168	151
214	151
206	152
119	153
278	153
91	154
112	155
118	155
221	156
240	156
107	157
165	157
48	158
247	158
39	159
101	159
105	159
131	159
136	159
188	159
242	159
275	159
119	160
124	160
193	160
264	160
98	161
100	161
125	161
131	161
107	162
251	162
93	163
235	163
119	165
193	165
228	165
172	166
198	166
231	167
217	168
239	168
40	169
225	170
231	170
236	170
276	170
119	171
122	171
125	171
174	171
213	171
231	171
184	172
218	172
223	173
276	173
110	174
116	174
255	174
44	175
45	175
142	175
285	175
166	176
179	176
239	176
258	176
261	176
137	177
269	177
116	178
121	178
280	178
47	179
208	179
219	179
231	179
258	179
102	180
196	180
204	180
98	181
111	181
114	181
106	182
233	182
174	183
195	183
258	184
270	184
130	185
137	185
140	187
196	187
273	187
130	188
144	188
125	189
143	191
284	192
206	193
101	194
96	195
282	196
76	198
208	198
185	199
276	199
71	200
152	200
138	201
222	201
172	202
136	204
49	205
71	205
186	205
233	206
138	207
126	209
101	211
169	211
222	211
144	212
96	213
136	213
137	213
227	214
111	215
279	215
121	216
224	216
233	216
107	217
169	217
116	218
133	218
142	218
170	219
217	223
118	224
170	224
54	227
72	227
223	227
172	228
209	228
233	228
275	228
233	230
150	231
152	232
161	232
125	233
197	233
190	236
79	237
226	237
150	238
125	239
180	240
231	242
274	242
195	243
147	245
188	245
178	247
181	247
197	248
66	249
188	251
128	252
219	252
262	252
60	253
120	254
230	254
208	255
72	256
134	257
178	257
256	257
269	257
116	260
127	260
208	260
221	260
201	262
203	262
216	263
187	265
106	266
115	266
209	266
203	267
127	268
60	272
122	272
160	273
184	273
190	273
168	274
231	274
233	274
64	276
203	276
140	278
70	279
235	279
256	279
159	280
166	282
252	282
85	283
231	283
74	285
91	286
159	286
79	289
233	290
251	290
86	291
96	291
245	292
152	296
82	297
236	298
244	301
150	302
229	303
115	305
109	312
124	312
234	312
185	315
193	315
116	316
172	316
166	317
143	319
152	322
220	328
213	331
152	332
190	332
196	332
169	333
151	339
202	339
194	340
144	341
187	341
161	342
