549
208	7
139	8
205	9
87	10
102	10
145	10
175	10
189	10
139	11
103	12
217	13
64	15
133	15
153	15
109	16
170	16
217	16
74	17
73	18
196	18
75	20
102	20
118	20
212	20
59	21
87	21
179	22
206	22
161	23
164	23
56	25
56	26
77	27
105	27
170	28
212	28
138	29
152	29
222	30
68	31
77	31
210	31
222	31
57	32
88	33
99	33
107	33
107	34
138	34
182	34
192	34
138	35
91	36
120	36
206	36
217	36
157	37
76	39
157	39
224	39
233	40
107	41
214	41
112	43
140	43
88	44
101	44
49	46
100	46
113	46
163	46
247	47
80	48
171	48
210	48
121	49
218	49
117	50
205	50
106	51
159	51
206	51
147	52
42	53
226	53
87	55
146	55
65	56
126	56
213	56
250	56
99	57
64	58
159	58
175	58
186	58
167	59
194	59
114	60
116	60
153	62
80	63
122	63
130	63
140	63
105	64
114	64
181	64
226	65
42	66
87	66
163	66
180	66
186	67
218	67
219	67
252	68
80	69
120	69
210	69
97	70
126	70
74	72
119	72
86	73
122	73
250	73
41	74
132	74
168	74
214	74
244	74
38	75
155	75
201	75
224	75
92	76
112	76
52	77
86	77
74	78
141	78
256	78
174	79
184	79
164	80
106	81
191	81
256	82
95	83
132	83
156	84
172	84
69	85
141	85
34	86
60	86
119	86
249	86
74	87
86	87
114	87
152	87
179	87
189	87
126	88
165	89
40	90
184	90
260	90
173	91
260	91
247	92
78	93
121	93
172	93
256	93
160	94
246	94
250	94
256	94
107	95
178	95
181	95
83	97
132	97
40	98
151	99
167	99
137	100
123	101
159	101
229	101
107	102
147	102
155	102
164	102
238	103
103	104
143	107
153	107
207	107
215	107
225	107
205	108
217	108
270	108
81	109
268	109
196	112
149	113
112	114
159	114
205	114
215	114
38	115
86	115
160	115
264	115
265	115
110	119
158	119
222	119
264	120
186	121
195	121
211	121
31	123
38	123
46	123
268	123
152	124
40	125
227	126
264	127
34	128
182	129
33	130
108	130
97	131
245	131
197	132
249	132
38	134
78	134
102	134
224	134
259	134
102	135
278	135
224	136
52	138
92	138
229	138
108	139
270	139
30	140
44	140
203	141
31	142
38	142
287	143
220	144
277	144
169	145
200	147
283	147
289	147
28	148
31	148
84	148
65	149
208	149
264	149
49	152
59	152
62	152
81	152
83	152
44	153
58	153
195	154
29	155
269	156
271	157
64	159
65	159
190	159
212	159
85	160
141	160
99	161
118	161
165	161
49	162
155	165
176	165
285	165
107	166
215	166
63	167
168	167
243	167
55	168
124	168
204	168
56	169
29	170
42	170
144	170
248	170
98	171
157	171
283	171
102	172
280	173
114	175
257	175
97	176
107	176
170	176
270	176
90	177
100	177
180	179
87	180
90	180
161	180
245	180
74	181
102	181
105	181
202	181
207	181
274	181
63	182
249	182
29	183
34	183
66	183
131	183
175	183
29	184
156	184
110	185
209	185
259	185
60	186
85	186
260	186
265	186
285	186
100	187
271	187
209	188
272	189
64	190
88	190
121	190
126	190
162	190
145	191
254	191
132	192
181	192
199	192
110	193
239	193
279	193
58	194
94	194
268	194
113	195
130	195
251	195
264	195
202	196
209	196
247	196
83	197
54	198
285	198
48	199
50	200
110	200
212	200
75	201
102	201
91	202
111	202
162	202
126	203
69	204
81	204
263	204
99	206
102	206
271	206
46	207
59	207
85	207
87	207
253	207
208	208
263	208
275	208
49	209
160	209
117	211
257	211
98	212
160	212
83	213
193	215
150	218
256	218
280	218
118	221
127	221
208	222
251	223
213	225
150	227
89	229
108	229
53	231
138	231
277	231
58	232
96	233
139	234
53	236
105	236
113	236
280	239
123	240
265	240
110	241
131	241
214	242
199	244
225	244
118	245
123	245
84	246
130	246
281	247
105	248
228	248
267	248
57	249
201	249
268	249
112	250
245	250
93	251
249	252
119	253
261	254
267	254
223	255
61	256
220	256
143	258
60	259
118	260
68	261
267	261
271	261
58	262
271	264
63	267
121	270
264	270
275	271
160	274
70	275
121	277
170	279
153	280
160	280
171	286
267	295
68	297
243	297
124	298
138	298
157	298
266	299
270	299
248	300
81	301
157	301
88	305
221	305
66	306
82	306
95	308
74	309
214	310
78	312
87	315
94	315
222	317
218	319
234	320
237	321
118	322
229	323
230	323
267	323
97	324
136	324
234	325
225	330
255	330
228	331
260	331
123	334
158	334
123	336
129	336
239	336
105	338
110	338
235	339
117	340
137	340
121	341
161	341
240	341
228	343
247	343
103	344
241	344
248	344
111	346
166	347
186	347
145	349
137	351
142	351
144	351
237	351
186	352
215	352
221	352
225	352
234	352
