501
89	8
184	10
95	11
181	11
204	11
199	12
103	13
195	16
130	17
131	17
159	18
95	20
152	20
205	20
136	21
85	23
87	23
97	24
120	24
127	24
157	24
168	24
128	25
143	25
190	25
105	26
111	27
76	28
155	29
163	31
117	32
96	33
184	33
138	34
149	34
109	35
121	36
160	36
111	38
100	40
127	41
167	41
209	42
218	42
69	43
180	43
107	44
108	44
116	44
148	44
209	44
99	47
121	47
190	47
97	48
228	48
175	49
137	50
204	50
83	51
112	51
228	52
137	53
194	53
203	53
73	54
127	54
184	54
222	54
101	56
90	57
130	57
54	58
212	58
191	60
108	61
178	61
121	62
230	62
62	63
113	63
209	63
96	64
165	64
224	64
50	65
135	65
181	65
215	65
102	66
181	66
197	67
234	67
56	68
63	68
129	69
73	70
85	70
68	72
162	72
233	73
61	74
119	74
234	74
52	75
91	76
147	76
244	78
83	80
133	80
218	80
167	81
50	82
204	82
75	83
136	83
245	85
250	85
162	86
56	88
81	88
170	88
181	88
234	90
131	91
130	92
137	92
164	92
246	93
248	93
55	94
176	94
47	95
230	95
130	97
221	98
103	99
193	100
137	101
215	102
238	102
60	103
220	105
111	106
189	106
272	108
135	109
143	109
61	110
101	110
272	110
89	112
266	112
52	114
265	114
38	115
44	115
275	115
107	116
130	116
55	117
69	117
206	117
44	118
38	119
121	119
261	121
273	121
98	122
126	122
37	123
61	123
74	123
80	123
259	123
277	123
104	124
208	124
240	124
54	127
109	127
85	129
33	130
84	130
255	130
28	131
103	131
114	131
234	132
37	133
57	133
278	134
108	135
80	136
57	137
32	139
209	139
220	139
52	140
70	140
210	140
262	140
85	141
167	141
195	141
259	141
287	142
25	143
67	143
36	144
167	144
215	144
277	144
287	144
203	146
37	147
143	147
283	147
29	148
101	148
125	149
198	150
37	152
94	153
82	154
54	155
270	155
32	156
91	156
107	156
67	157
273	157
92	160
105	160
149	161
39	162
148	162
39	163
106	163
119	163
98	165
285	165
59	166
78	166
43	167
253	167
78	168
126	168
230	169
42	170
50	170
259	170
146	171
36	172
56	172
209	173
108	174
279	174
280	174
84	175
152	175
157	175
31	176
152	176
257	176
270	176
74	177
86	177
226	177
88	178
161	178
202	180
275	180
84	181
120	181
146	181
157	181
234	181
64	182
290	182
29	183
72	183
127	183
146	183
195	183
29	184
47	184
150	184
288	185
128	186
224	186
238	186
87	187
187	187
209	187
36	188
47	188
138	188
145	188
150	188
160	188
210	188
250	188
291	188
55	189
153	189
272	189
120	190
232	191
257	192
40	193
48	193
216	193
279	193
42	194
127	194
58	195
85	195
138	195
228	195
246	195
268	195
104	197
36	198
148	198
250	198
285	198
126	199
218	199
43	201
34	202
262	203
216	204
149	205
60	206
266	206
271	206
38	207
218	207
260	207
274	208
50	209
39	212
93	213
133	214
142	214
284	214
285	214
150	216
155	216
46	217
46	218
280	219
131	222
141	222
52	224
97	224
61	225
152	225
156	225
64	226
117	227
145	231
150	231
277	231
116	233
162	233
60	234
73	234
263	234
271	234
138	235
64	237
145	237
129	239
277	239
162	240
58	241
107	241
170	242
70	243
258	243
201	244
265	244
271	246
58	247
72	247
107	247
275	247
281	247
64	248
264	248
279	248
57	249
97	249
202	251
240	251
269	251
80	253
99	253
267	254
66	255
147	255
194	255
243	257
184	258
71	261
147	261
267	261
271	261
71	263
180	265
263	265
271	265
81	266
262	269
263	270
64	271
200	271
71	273
162	273
192	273
156	275
220	276
250	279
68	280
268	280
257	286
222	287
240	287
109	288
264	288
117	289
272	291
74	295
257	295
258	295
267	295
75	297
153	301
214	301
124	303
266	303
84	304
217	304
247	306
153	308
243	309
126	312
184	314
231	315
125	318
224	318
216	319
183	320
232	320
206	322
156	323
231	323
97	324
200	325
232	325
185	326
151	330
159	334
225	334
251	334
143	335
221	335
239	335
241	335
105	337
122	337
177	337
105	338
130	340
236	340
120	341
151	341
182	341
184	341
215	343
228	343
128	344
240	344
161	345
189	345
196	345
138	346
146	346
178	348
237	351
156	352
159	352
191	352
194	352
215	352
221	352
225	352
234	352
237	352
