481
152	7
66	8
208	8
91	9
123	10
219	12
216	13
62	17
131	17
149	17
209	17
174	18
223	18
62	19
85	20
189	20
94	22
71	23
114	23
165	23
189	23
120	24
55	25
96	27
230	27
61	28
103	28
176	28
84	30
148	30
149	31
69	32
210	32
114	33
135	33
150	33
91	34
48	35
237	35
48	36
98	37
91	38
124	38
142	38
159	38
63	39
202	39
246	41
49	43
86	44
115	44
54	45
69	47
239	47
90	49
168	49
119	50
61	51
139	51
145	51
129	52
146	52
159	52
232	52
197	53
49	54
130	54
43	56
173	56
195	56
243	57
81	58
102	58
135	58
125	59
148	59
137	60
166	61
191	62
151	63
231	63
118	64
247	67
123	68
43	69
46	69
147	69
47	70
114	71
225	71
196	72
255	72
90	73
162	74
169	74
214	74
55	75
39	76
258	76
252	77
90	78
152	78
117	79
191	79
158	80
41	82
33	83
124	83
45	84
150	85
234	85
46	86
208	86
39	87
112	87
156	88
259	88
80	90
206	90
38	91
93	91
105	91
141	91
170	91
234	91
238	91
245	91
264	91
61	92
132	92
151	92
55	93
182	93
256	93
249	96
65	97
145	97
243	97
230	98
108	99
133	99
169	99
211	99
247	99
259	99
180	100
57	101
78	101
98	101
122	101
47	102
191	102
81	103
63	106
150	107
53	109
182	109
33	110
34	110
40	113
178	114
219	114
262	115
45	116
178	116
222	116
251	116
186	117
51	120
70	121
173	121
143	122
31	123
37	123
181	123
202	123
253	123
146	124
260	124
224	125
258	125
207	126
58	127
76	127
57	128
65	130
98	130
234	130
245	130
28	131
29	131
49	131
60	131
228	131
271	131
48	132
253	132
280	132
37	133
80	134
95	135
103	135
149	135
93	136
239	136
288	137
33	138
37	138
95	139
280	139
84	140
122	142
135	142
230	142
101	144
258	144
288	144
46	146
115	146
78	147
109	147
113	147
220	147
35	148
106	149
96	150
252	150
28	151
214	151
108	153
250	153
291	153
82	154
122	155
255	155
37	156
76	156
89	156
254	156
261	156
117	157
95	158
297	159
113	160
295	160
248	161
118	162
48	163
86	163
77	164
115	164
227	164
294	165
42	166
83	166
247	166
73	167
135	167
254	167
115	168
102	169
112	169
124	169
233	169
254	170
284	170
186	171
123	172
133	172
239	173
257	173
289	173
94	174
227	174
103	175
124	175
204	175
217	175
257	175
31	176
41	176
113	176
157	176
179	176
277	176
275	177
91	178
101	178
110	178
136	178
210	179
284	180
263	181
110	182
120	182
150	182
208	182
221	182
272	182
294	182
29	183
48	183
92	183
161	183
305	183
29	184
125	184
200	184
245	184
280	184
106	185
263	185
88	186
118	186
208	186
250	186
269	186
224	188
96	189
193	189
94	191
125	191
269	191
304	191
271	192
41	194
47	194
161	198
168	198
191	198
158	199
267	199
117	200
150	200
192	200
112	201
43	202
211	202
291	202
277	203
170	204
171	204
149	206
153	206
152	207
105	208
39	209
295	209
296	209
211	210
102	211
119	211
169	211
245	211
257	212
72	213
42	214
109	214
187	214
254	215
67	216
107	216
118	216
64	217
159	217
170	217
259	219
188	222
45	223
285	225
68	226
62	230
210	232
282	232
248	233
165	234
164	235
173	235
290	235
165	237
234	237
55	238
139	238
201	238
277	238
243	239
147	242
61	243
151	243
49	244
279	247
64	248
273	248
140	249
52	250
151	250
50	251
273	252
275	252
280	252
288	252
155	253
69	254
60	255
154	258
294	258
173	263
292	263
272	265
271	267
172	269
264	271
53	272
106	273
279	273
175	274
61	276
175	276
62	278
282	280
190	282
100	283
179	283
281	283
71	284
173	285
61	287
190	287
291	287
184	289
149	290
63	291
174	292
63	295
148	296
277	297
263	301
65	306
265	306
281	307
268	318
280	318
246	322
127	327
272	327
223	329
245	331
218	333
128	334
147	334
259	334
90	337
105	337
167	337
248	338
173	339
234	339
136	340
247	340
151	341
181	341
240	341
241	341
113	343
144	344
163	345
151	346
229	349
238	350
137	351
156	351
219	351
224	351
105	352
109	352
126	352
162	352
186	352
215	352
237	352
238	352
