630
81	7
156	7
110	8
149	8
156	8
206	8
189	9
236	10
219	11
73	12
154	12
181	12
188	12
73	13
95	13
114	13
123	13
235	13
250	16
57	17
81	17
224	18
103	19
64	20
149	20
240	20
149	21
255	21
169	22
72	23
207	23
53	24
116	24
232	26
126	28
199	29
243	29
81	31
143	32
253	32
87	33
115	33
128	34
149	34
54	35
158	36
118	38
122	38
167	38
234	38
127	39
137	39
90	40
144	41
145	41
255	42
64	43
128	44
254	44
227	45
82	46
103	46
147	46
181	46
169	48
89	51
138	51
189	51
116	52
175	54
225	54
144	57
163	60
262	60
270	60
270	61
194	62
137	63
223	63
56	65
211	65
227	65
117	67
129	67
142	70
188	70
264	70
263	72
125	75
148	75
121	76
124	76
157	76
231	76
242	76
255	76
214	77
89	78
173	78
268	78
55	79
205	79
138	80
195	80
250	80
61	81
82	81
116	81
107	82
45	83
93	83
131	83
76	84
226	84
112	86
236	86
143	87
167	88
219	88
66	89
107	90
125	90
132	90
177	91
189	91
213	91
265	91
112	92
224	92
189	93
70	95
162	95
102	96
149	96
209	97
276	98
37	99
63	99
42	100
158	100
74	101
218	101
271	101
56	102
131	102
163	105
66	107
121	107
201	107
256	107
266	107
183	108
138	109
146	109
273	109
126	110
52	111
152	111
245	111
43	112
169	112
71	113
279	113
251	114
262	114
144	115
177	115
255	115
241	116
118	117
28	118
44	118
52	119
76	119
158	119
269	119
271	119
258	120
37	122
68	122
123	122
250	122
282	122
144	124
79	125
213	125
41	126
224	126
231	126
115	128
227	129
70	130
129	130
28	131
29	131
84	131
290	131
65	132
105	132
254	132
279	132
118	133
122	133
207	133
256	133
112	135
50	136
101	136
216	136
75	137
87	137
111	138
68	139
78	140
95	140
68	141
25	143
211	143
253	143
103	144
289	144
36	145
60	145
62	145
138	145
247	145
252	146
50	147
57	147
102	147
116	147
44	148
50	148
36	149
75	149
93	149
274	149
299	149
300	150
39	151
108	151
254	151
103	152
112	152
50	153
58	153
289	153
291	153
58	154
65	154
121	155
253	155
39	156
93	157
243	157
297	157
258	158
95	159
113	159
121	159
186	159
111	160
295	160
160	161
231	161
117	162
168	162
239	163
70	164
143	164
31	166
75	166
93	166
132	166
247	166
102	167
112	167
149	167
223	167
297	167
34	168
66	168
115	168
132	168
156	168
159	168
238	168
256	168
123	169
128	169
168	169
175	169
251	169
57	170
94	171
209	171
228	171
259	171
41	172
80	172
99	172
240	172
29	173
129	173
131	173
202	173
220	173
56	174
228	174
280	174
304	174
73	175
79	175
118	175
122	175
159	175
40	176
50	176
105	176
112	176
221	176
227	176
268	177
294	177
32	178
274	178
234	179
283	179
170	180
192	180
64	181
205	181
208	181
293	181
73	182
128	182
209	182
220	182
35	183
106	183
229	183
295	183
245	184
130	185
67	186
72	186
102	186
117	186
172	186
183	186
78	187
90	187
111	187
197	187
249	187
298	187
299	187
44	188
136	188
224	188
73	189
102	189
168	190
129	191
157	191
191	191
224	191
270	191
73	192
304	193
90	194
228	194
279	194
119	195
185	195
123	196
137	196
161	196
283	196
53	197
216	198
267	198
129	200
171	200
52	201
113	201
130	202
150	202
292	202
107	203
78	204
162	204
277	204
41	205
137	205
46	206
79	206
107	206
218	206
68	207
273	208
87	209
160	209
166	209
296	209
104	210
117	210
167	210
63	211
82	211
96	213
298	213
73	214
76	214
188	214
211	214
245	214
267	214
176	216
238	216
56	217
77	217
86	217
114	217
291	217
67	218
129	218
291	218
102	219
249	219
232	220
213	221
238	221
189	222
237	222
50	223
119	224
292	224
274	225
105	226
150	226
275	226
65	228
87	228
159	228
239	229
214	231
69	232
104	232
149	234
141	235
64	236
300	236
55	237
158	237
159	237
204	237
109	238
110	238
278	239
199	240
55	241
117	242
63	243
190	243
282	243
282	247
59	248
149	248
267	248
280	248
297	248
273	249
159	253
288	253
70	254
214	254
166	255
269	255
146	256
173	256
274	256
276	256
295	257
114	258
129	258
136	259
139	260
156	260
215	261
271	261
293	261
67	262
173	262
122	263
155	266
63	268
283	268
122	270
171	270
74	272
123	272
66	273
181	274
129	276
171	277
274	277
106	278
256	278
80	279
188	281
268	281
269	281
282	281
261	282
124	283
73	286
77	286
188	286
293	286
124	287
184	287
285	287
59	288
56	289
98	289
127	290
271	290
67	291
96	291
262	291
256	292
258	292
101	293
127	293
151	293
282	293
285	293
63	295
74	295
252	295
118	296
75	297
88	297
106	297
277	297
247	298
126	299
254	299
127	300
69	302
77	302
83	302
263	302
59	303
79	303
100	303
114	303
133	304
64	305
72	305
187	305
192	305
264	305
82	306
264	307
280	307
248	308
266	308
280	308
105	310
205	313
245	313
274	313
212	315
237	315
275	317
269	318
127	319
229	320
122	321
108	322
222	322
97	323
170	323
177	323
215	324
222	324
108	325
257	325
216	326
248	326
114	327
127	327
233	327
270	328
132	329
161	329
170	330
231	331
244	331
111	333
265	333
112	334
139	334
146	337
248	337
269	338
221	341
189	342
127	343
127	344
206	344
203	346
230	346
251	347
252	347
194	348
175	349
245	349
183	350
155	351
159	351
207	351
162	352
175	352
220	352
230	352
232	352
237	352
