516
119	7
134	7
59	8
76	8
90	8
98	8
46	10
78	10
144	10
158	10
84	11
87	11
169	11
167	13
190	17
189	18
45	21
134	21
87	22
185	24
185	25
142	26
39	27
20	29
149	29
192	29
193	29
20	30
119	32
180	34
15	35
201	35
211	35
108	36
126	36
136	36
152	36
33	37
167	37
102	38
23	41
208	41
80	44
156	44
185	44
15	45
85	45
95	45
156	45
213	45
205	46
100	49
130	50
22	52
183	52
93	53
136	53
153	53
162	55
16	56
180	56
98	57
208	57
223	58
18	59
88	59
217	61
159	62
228	63
207	64
223	64
21	66
122	68
104	69
127	69
233	71
17	74
38	74
99	75
33	79
231	79
75	80
105	80
197	81
97	84
203	84
76	85
93	85
229	85
83	86
102	86
41	90
195	90
19	91
202	91
208	92
158	94
164	94
74	96
46	97
193	97
184	98
79	99
200	99
208	99
87	101
86	102
230	103
182	104
70	106
123	106
142	107
197	108
75	109
179	109
233	110
231	111
21	112
75	112
210	112
240	112
80	114
139	114
217	114
87	115
176	117
113	118
212	120
74	122
220	122
237	123
255	123
267	123
270	123
200	124
206	124
245	124
87	125
174	125
67	126
180	127
23	131
74	132
156	132
162	135
276	135
252	136
87	138
33	139
269	139
275	139
27	141
160	141
263	141
151	142
241	143
290	143
87	145
255	145
258	145
27	146
148	146
249	146
47	147
148	147
281	147
218	148
221	148
259	148
126	149
268	149
35	150
127	150
38	151
66	151
199	151
182	152
209	152
279	152
238	153
149	155
214	155
219	155
220	155
225	155
55	156
195	156
244	156
298	156
178	157
267	157
257	158
214	160
276	160
244	161
39	162
78	162
176	164
267	164
29	165
236	165
239	165
267	165
35	166
93	166
101	166
146	166
156	166
181	166
233	166
283	166
293	166
223	167
268	167
59	168
226	168
273	168
149	169
216	169
219	169
250	170
259	170
80	171
85	171
158	171
171	171
254	171
290	172
53	173
231	173
261	173
135	174
302	175
173	176
177	176
265	176
295	176
137	177
240	178
271	178
121	179
295	179
249	180
160	181
286	181
83	182
137	182
204	182
237	183
295	183
108	185
176	185
266	185
122	186
128	186
158	186
181	186
276	186
29	187
54	187
83	187
249	187
253	187
304	187
202	189
135	190
172	190
237	190
129	191
146	191
280	191
222	193
236	193
304	193
97	194
125	194
225	194
288	194
136	195
138	195
107	196
115	196
245	196
257	196
33	198
126	200
128	200
230	200
71	201
174	201
256	201
96	202
142	202
251	202
213	203
260	203
140	204
240	204
222	205
78	206
179	206
217	206
225	206
68	207
128	207
294	208
142	209
249	209
58	210
181	210
183	210
77	211
255	212
118	213
237	213
207	214
166	215
127	216
244	216
290	216
196	217
144	218
266	219
277	220
300	220
131	221
284	221
297	221
299	221
33	222
127	222
137	222
170	222
185	223
191	223
228	223
190	224
207	224
230	224
224	227
272	227
137	228
156	229
97	231
190	231
197	231
293	231
300	231
149	232
200	233
231	233
148	234
211	234
219	234
220	234
141	235
236	235
141	237
96	238
133	238
210	238
223	238
296	239
199	240
214	240
152	241
206	241
38	242
300	242
206	245
252	246
65	247
156	247
35	248
157	248
201	248
268	248
278	248
136	249
74	251
205	251
260	251
289	251
191	254
162	255
239	255
138	256
176	256
210	256
285	256
234	257
258	257
38	258
154	258
281	261
289	261
265	264
276	267
144	269
186	269
145	270
257	274
268	275
39	276
178	276
259	276
146	278
156	278
174	278
229	280
215	281
265	282
196	283
251	283
245	284
258	287
273	287
148	288
142	289
240	289
47	290
173	290
188	290
228	293
271	293
70	294
210	295
255	295
272	295
94	297
217	297
222	299
243	299
69	300
169	300
220	300
240	301
51	302
111	302
211	302
273	302
56	303
164	304
252	304
274	307
229	308
245	309
260	309
55	310
173	311
220	311
253	312
220	313
61	314
63	314
138	315
167	316
233	316
245	316
273	318
121	319
122	319
73	320
224	320
252	320
256	320
114	321
156	321
175	321
148	322
233	322
266	323
268	324
166	326
225	328
230	328
247	328
116	329
222	329
115	330
183	330
215	330
203	331
118	332
259	332
262	333
92	334
197	335
178	336
222	336
230	336
240	337
202	339
203	339
188	340
121	342
159	342
182	342
197	342
140	343
181	345
233	345
220	347
202	348
159	349
122	350
188	350
130	351
134	351
137	351
159	351
141	352
150	352
194	352
196	352
220	352
