747
213	7
225	8
187	14
159	15
185	16
154	18
158	18
193	18
227	18
229	18
241	21
145	22
182	27
159	28
119	29
134	29
196	29
246	29
113	30
139	30
206	30
150	32
221	33
223	37
261	39
205	40
248	40
122	41
190	43
148	44
171	45
136	47
111	48
154	48
198	48
254	48
101	49
265	49
116	50
143	51
169	51
233	51
101	52
199	52
234	53
158	54
248	54
124	55
208	55
95	56
111	56
273	56
179	59
149	60
169	61
118	62
157	63
210	64
224	64
96	65
230	65
127	66
175	66
186	66
242	66
146	68
251	68
276	68
113	69
201	69
243	69
163	70
191	70
204	70
97	71
106	72
152	72
121	73
108	75
232	76
266	76
155	77
196	77
210	77
95	78
198	78
259	78
94	79
225	79
101	80
286	80
113	81
265	81
273	81
101	82
152	84
200	84
255	84
113	86
263	86
286	86
102	88
293	88
134	90
146	90
210	90
92	91
223	91
211	93
269	93
274	93
103	94
104	96
192	97
291	97
54	98
55	98
128	98
191	98
60	99
155	99
165	99
40	100
146	100
108	101
76	102
129	102
195	102
87	103
45	104
110	104
217	104
273	104
228	105
266	105
145	106
235	106
246	106
84	107
159	107
171	107
37	109
75	109
91	109
115	109
130	109
137	109
198	109
76	110
129	110
58	111
277	113
27	114
206	114
252	114
43	115
73	115
118	115
303	115
42	116
73	116
97	116
207	116
298	116
303	116
111	117
312	117
224	118
260	119
66	120
90	120
229	120
125	121
157	121
23	122
242	122
269	122
309	122
112	123
156	123
188	123
229	123
81	124
100	124
187	124
246	124
75	125
293	126
76	127
106	127
221	127
53	128
98	128
118	128
218	128
68	129
134	129
208	129
90	130
133	130
175	130
272	130
236	131
307	131
163	132
302	132
31	133
69	133
93	133
96	133
166	133
172	133
218	133
292	133
310	133
60	134
112	134
292	134
159	135
255	135
301	135
84	136
262	136
125	138
25	139
54	139
33	140
89	140
91	140
132	140
172	140
227	140
117	141
222	141
52	142
94	142
212	142
289	142
109	143
214	143
220	143
107	144
84	146
54	147
75	147
210	147
62	148
78	148
82	148
182	148
306	148
310	148
60	149
248	149
297	149
90	150
98	150
181	150
197	150
202	150
249	150
300	150
36	151
32	152
52	152
88	152
128	152
268	153
60	154
274	154
65	155
229	155
285	155
55	156
79	156
101	156
43	157
112	157
230	157
238	157
26	158
131	158
253	158
46	159
255	159
300	159
102	160
193	160
63	161
75	161
308	161
70	162
143	162
262	162
99	163
117	163
237	163
306	164
175	165
52	166
63	166
80	166
106	166
136	166
240	166
54	167
164	167
192	167
206	167
69	168
96	168
216	168
247	168
99	169
155	170
258	170
173	171
185	171
48	172
60	172
77	172
88	172
257	172
278	172
47	173
73	173
99	173
152	173
201	173
119	174
238	174
254	174
296	174
113	175
175	175
262	175
85	176
28	177
137	177
273	177
95	178
97	178
188	178
72	179
98	179
122	179
167	179
205	179
281	179
284	179
81	180
179	180
215	180
279	180
57	181
190	181
211	181
240	181
243	181
244	181
249	181
117	182
203	182
284	182
256	183
190	184
30	185
89	185
93	185
211	186
215	186
278	186
65	187
250	187
282	187
284	187
94	188
174	188
178	188
180	188
301	188
138	189
188	189
30	190
304	190
134	191
197	191
201	191
81	192
164	192
94	193
167	193
243	193
250	193
55	194
76	195
102	195
272	195
277	195
72	196
74	196
115	196
135	196
196	196
98	197
174	197
303	197
211	198
32	199
80	199
215	199
258	199
188	200
250	200
70	201
87	201
184	201
227	201
91	202
89	203
119	203
172	204
181	206
215	206
242	206
260	206
264	206
104	207
106	207
209	207
227	207
272	207
114	208
135	208
196	208
265	208
283	209
284	209
291	209
32	210
112	210
288	210
297	210
157	211
184	211
203	211
272	211
276	211
156	212
244	212
70	213
92	213
96	213
102	213
145	213
264	213
269	213
126	214
285	214
288	214
96	215
112	215
102	216
77	217
220	217
302	217
36	219
88	219
170	219
81	220
106	220
252	220
34	221
186	221
74	223
172	223
198	223
220	223
176	224
123	225
236	225
253	225
260	225
277	225
302	225
79	226
97	226
158	226
165	226
231	226
293	226
133	227
168	227
224	227
80	228
37	229
206	229
250	229
52	230
180	230
232	230
237	230
159	231
238	231
264	231
127	232
181	232
198	232
78	234
289	234
58	235
130	235
140	236
179	236
224	236
231	236
238	236
93	237
108	237
275	237
264	238
163	239
296	239
37	240
87	240
100	240
120	240
152	240
162	240
134	241
218	241
281	241
36	242
143	242
76	243
148	243
170	243
184	243
198	243
252	243
257	243
224	244
266	244
180	245
38	247
81	247
290	247
90	248
113	248
137	248
100	249
106	249
197	249
98	250
170	250
91	251
209	251
252	251
294	251
286	252
134	254
190	254
144	255
154	255
183	255
233	255
246	255
278	255
209	256
247	256
255	256
262	256
59	257
84	257
91	257
195	258
159	259
168	259
294	259
115	260
122	260
46	262
149	262
164	262
65	263
106	263
279	265
154	267
87	268
123	268
213	268
267	268
269	268
121	269
284	269
226	270
146	271
248	272
46	273
104	273
113	274
152	274
277	274
52	275
129	275
276	276
214	277
263	277
140	278
281	278
60	279
95	279
219	279
282	279
98	280
60	281
87	281
131	281
188	281
249	281
201	282
244	282
105	283
146	283
187	283
276	283
270	284
106	285
216	285
76	286
133	286
195	286
245	286
121	287
289	287
84	288
149	288
234	288
78	289
98	290
120	290
92	291
249	291
180	292
280	293
84	294
105	295
112	295
240	295
122	296
158	296
219	296
82	297
90	298
179	298
282	298
89	299
220	299
266	300
82	301
91	301
95	301
102	302
105	302
111	302
278	302
96	303
113	303
123	303
239	303
104	308
125	308
189	308
195	309
239	309
163	310
238	310
246	310
110	312
239	312
80	314
291	314
140	315
159	316
171	316
90	317
158	318
220	318
131	319
165	319
108	321
115	321
160	321
200	321
261	321
259	322
265	323
108	324
181	324
210	324
170	325
136	326
217	326
160	327
151	328
217	328
136	330
177	330
180	330
269	330
286	330
143	331
146	331
248	331
181	333
153	334
216	335
176	336
179	336
140	337
166	338
278	338
234	339
270	339
180	340
286	340
171	341
157	342
168	343
208	343
150	345
188	345
216	345
146	346
194	346
260	346
276	347
159	348
258	348
182	349
228	349
266	349
248	350
158	352
210	352
214	352
268	352
