583
65	7
127	7
136	7
163	8
179	8
180	8
158	9
163	10
110	11
136	11
55	13
139	13
148	14
178	15
182	15
66	17
83	17
193	17
75	18
48	19
84	19
158	23
200	23
169	24
212	24
167	25
138	26
144	27
41	28
205	28
192	29
162	30
177	30
92	34
215	34
199	35
214	35
170	36
155	37
223	37
38	39
98	39
121	39
158	39
194	39
195	40
204	40
134	41
202	41
181	42
211	42
44	44
219	45
158	46
199	46
33	48
45	48
157	48
198	48
205	49
215	51
226	51
181	52
35	53
143	53
33	55
48	55
49	55
200	58
158	59
55	60
191	60
32	61
103	61
236	61
129	63
243	66
109	67
34	68
47	68
95	68
129	68
133	68
178	71
215	71
29	72
102	72
243	72
125	73
194	75
231	75
213	77
121	78
175	79
32	80
35	81
183	81
190	82
244	87
180	88
172	89
31	90
34	91
23	93
25	94
106	95
132	95
161	95
169	95
245	96
35	98
165	98
130	101
229	101
114	102
116	102
234	102
126	103
213	103
135	104
26	105
219	105
172	109
105	110
227	111
234	111
46	112
130	112
199	113
190	114
110	115
131	115
172	115
250	115
225	116
254	116
23	117
40	119
260	119
186	120
196	121
250	122
32	123
155	123
105	125
260	126
228	129
255	130
270	130
112	131
46	134
147	134
99	135
244	135
265	135
42	136
248	137
167	139
239	139
242	140
195	141
224	141
252	141
264	141
187	142
25	143
188	143
64	146
163	146
204	146
99	147
213	147
261	147
195	148
219	148
287	148
288	148
59	149
299	150
300	150
97	151
187	151
267	151
229	152
236	152
280	152
71	153
154	153
202	153
280	153
290	153
194	154
237	154
290	154
28	158
285	158
27	160
109	160
149	160
183	160
224	160
294	160
42	161
190	161
252	161
281	161
307	161
173	162
36	163
234	163
273	163
68	164
116	164
301	165
27	166
94	167
110	167
111	167
268	168
86	169
183	169
243	169
269	169
152	170
224	170
228	170
79	171
192	171
204	171
219	171
290	171
279	172
173	173
201	173
203	173
213	173
102	174
238	174
135	175
219	175
64	177
38	178
274	178
296	178
168	179
188	179
228	179
206	180
305	180
68	181
148	181
280	181
34	182
43	182
74	182
109	182
135	182
167	182
216	182
285	182
36	183
85	183
243	183
247	183
269	183
213	184
233	184
70	185
251	185
109	187
149	187
174	187
213	187
233	187
102	188
193	188
269	188
29	189
281	189
111	190
174	190
239	190
70	191
197	191
217	191
222	191
228	191
263	191
299	191
100	192
88	194
161	195
272	195
304	195
157	196
174	196
204	196
277	196
288	197
203	198
297	198
32	199
166	199
226	199
234	199
299	199
68	200
95	200
206	200
217	200
256	200
167	201
219	201
225	201
127	202
134	202
182	202
258	202
158	203
187	203
245	203
174	204
128	205
100	206
152	206
233	206
260	206
135	207
239	207
260	207
293	207
168	208
187	208
204	208
265	208
161	209
164	209
185	209
299	210
227	211
269	211
78	212
82	212
152	212
189	213
298	213
136	214
165	214
179	214
203	214
239	214
242	214
289	214
253	215
290	215
86	216
188	216
259	216
279	216
260	217
227	218
269	218
232	219
275	219
194	221
202	222
182	223
291	225
174	226
283	226
97	227
295	227
33	228
155	228
88	229
221	229
248	230
96	231
214	231
226	231
261	231
283	231
87	232
186	232
227	232
293	232
214	233
156	235
266	236
288	237
223	238
239	238
261	238
169	239
189	239
262	239
204	240
185	242
266	242
229	243
256	243
284	244
114	245
210	246
219	246
236	247
36	248
185	248
224	248
233	248
265	248
274	248
258	249
191	250
207	251
113	252
191	253
115	254
184	255
265	255
211	256
215	256
230	256
278	256
39	257
183	257
248	257
285	257
192	259
234	259
242	259
252	260
113	261
216	262
269	263
203	264
206	264
134	266
137	266
236	266
259	268
223	269
232	271
249	271
128	272
208	272
232	272
236	272
257	272
202	274
265	275
218	276
260	277
225	278
249	278
276	278
281	278
126	279
282	279
39	280
269	280
136	281
175	281
171	282
260	282
249	283
253	283
216	284
217	284
188	285
135	287
179	287
226	287
273	287
169	289
199	289
272	289
157	290
201	290
213	290
69	291
87	291
193	291
210	292
62	293
189	293
258	293
260	293
181	294
238	294
273	294
272	295
93	296
249	296
43	297
54	297
157	297
202	297
248	297
217	298
255	298
256	298
59	300
162	301
167	301
210	302
226	302
249	302
229	304
240	304
271	304
238	305
121	307
128	307
181	307
91	308
200	308
247	308
238	310
259	310
73	311
89	311
50	312
276	312
190	314
273	314
253	315
126	316
253	316
241	319
91	320
193	321
276	321
186	323
99	324
207	324
168	325
263	325
269	325
131	326
201	328
223	328
221	330
179	331
184	331
272	331
277	331
193	333
259	333
77	334
163	334
127	335
194	335
213	335
152	336
225	336
235	336
179	337
175	341
256	342
128	343
152	343
167	343
262	343
269	343
244	344
247	344
232	345
137	346
218	346
222	347
79	348
88	351
115	351
120	351
145	351
151	351
232	351
155	352
177	352
181	352
246	352
255	352
