842
162	8
126	9
136	9
157	12
121	14
123	15
222	17
219	19
169	21
233	21
237	21
162	23
187	23
227	24
230	24
207	25
223	25
216	27
223	27
231	27
189	28
116	29
203	29
181	30
249	30
106	31
237	31
238	31
164	32
220	35
242	35
129	36
130	37
214	37
114	38
218	38
232	38
234	38
171	40
255	40
219	41
254	42
209	44
191	46
215	47
229	47
105	48
198	48
239	49
250	49
248	50
252	54
260	56
189	57
170	60
217	60
205	61
178	65
190	65
252	65
184	67
239	68
209	70
250	70
118	71
84	72
87	72
168	72
108	74
234	74
110	77
177	77
77	78
119	78
266	78
67	79
231	79
257	79
92	81
71	82
222	85
171	87
180	87
188	87
76	89
98	89
67	90
92	90
207	90
68	91
89	91
184	91
239	92
77	93
118	93
237	93
164	94
111	95
76	96
224	96
202	97
164	98
225	98
219	99
70	100
98	100
80	101
70	102
191	102
235	104
179	105
209	105
222	105
70	106
84	106
94	108
181	108
131	109
137	110
262	110
77	111
128	111
238	111
255	111
131	112
227	112
246	112
87	113
179	113
234	113
242	113
274	113
70	114
172	114
269	114
56	115
71	115
190	115
193	115
230	117
234	117
44	118
263	118
269	118
133	119
143	119
148	119
283	119
255	120
63	121
198	121
263	121
109	122
143	122
258	122
283	122
24	123
35	123
243	123
286	123
289	123
190	124
237	124
258	125
237	126
265	126
287	127
187	128
189	128
265	128
270	128
79	129
81	129
99	129
58	130
88	131
258	131
153	132
191	132
62	133
161	133
246	133
252	133
191	134
91	135
231	135
233	135
135	137
209	138
213	138
240	138
246	138
259	138
25	139
60	139
61	139
115	139
199	139
212	139
258	139
259	139
82	140
180	140
202	140
125	141
127	141
174	141
146	142
167	142
290	142
75	143
272	143
153	144
180	144
258	144
190	145
88	146
225	146
249	146
65	147
182	147
234	147
280	147
289	147
58	148
236	148
243	148
249	148
130	150
170	150
193	150
299	150
82	151
175	151
87	152
93	152
238	152
281	152
29	153
155	153
176	153
273	153
73	155
148	155
160	155
237	155
261	155
78	156
96	156
170	156
155	157
176	157
220	157
46	158
212	158
222	158
228	158
267	158
26	159
30	159
148	159
202	159
205	159
246	159
70	160
200	160
284	160
286	161
59	162
70	162
77	162
206	162
307	162
126	163
237	163
138	164
147	164
166	164
188	164
232	164
240	164
28	165
300	165
28	166
87	166
222	166
44	167
82	167
43	168
165	168
206	168
241	168
264	168
275	168
278	168
59	169
149	169
248	169
254	169
155	170
196	170
234	170
77	171
82	171
87	171
133	171
217	171
41	173
71	173
97	173
264	173
37	174
116	174
149	174
189	174
286	175
60	176
137	176
213	176
247	176
32	177
70	177
88	177
213	177
273	177
38	178
107	178
30	179
52	179
203	179
205	179
295	179
226	180
59	181
147	181
165	181
194	181
250	181
295	181
61	182
100	182
137	182
280	182
287	182
42	183
155	183
179	183
219	183
305	183
45	184
212	184
267	184
30	185
90	185
181	185
284	185
298	185
70	186
108	186
154	186
246	186
250	186
267	186
279	186
73	187
102	187
235	187
253	187
273	187
77	188
203	188
228	188
279	188
284	188
219	189
181	190
145	191
219	191
221	191
228	191
287	191
30	192
84	192
112	192
175	192
265	192
294	192
147	193
72	194
160	194
163	194
55	195
88	195
92	195
126	195
72	196
76	196
204	196
236	196
78	197
112	197
120	197
127	197
137	197
287	197
304	197
229	198
294	198
31	199
93	199
102	199
196	199
222	199
60	200
69	200
192	200
229	200
251	200
258	200
259	200
271	200
53	201
167	201
169	201
53	203
60	203
87	203
117	203
128	203
182	203
165	204
199	204
206	204
292	204
80	205
117	206
193	206
273	206
278	206
32	207
75	207
105	207
124	207
175	207
230	207
258	207
264	207
117	208
127	208
278	208
282	208
138	209
223	209
227	209
258	209
292	209
75	210
187	210
228	210
252	210
300	210
263	211
298	211
87	212
245	212
251	212
197	213
237	213
251	214
256	214
49	215
129	215
214	215
219	215
242	215
48	216
122	217
52	218
175	218
262	218
299	218
67	219
80	219
98	219
180	219
300	219
201	220
109	221
249	221
290	221
40	222
68	222
95	222
104	222
122	223
209	223
229	223
58	224
87	224
130	224
180	224
301	224
125	225
174	225
75	226
167	226
175	226
269	226
43	227
261	227
274	227
50	228
249	228
255	228
69	230
87	230
125	230
208	230
68	231
81	231
117	231
97	232
186	232
222	232
289	232
74	233
158	233
163	233
165	233
255	233
300	233
228	234
58	235
81	235
181	235
282	235
201	236
117	237
127	237
47	239
129	239
168	239
188	239
274	239
295	239
155	240
157	240
219	240
235	240
52	241
73	241
145	241
164	241
165	241
194	241
280	241
95	242
224	242
103	243
115	244
187	244
135	245
204	245
155	246
55	247
81	247
159	247
191	247
266	248
46	249
91	249
149	249
170	249
239	249
274	249
296	249
63	250
106	250
73	251
91	251
127	251
133	251
163	251
224	251
174	252
211	252
181	253
242	253
230	255
218	256
146	257
219	257
251	257
265	257
156	258
166	258
229	258
233	258
175	259
272	259
80	260
123	260
236	260
45	261
92	261
111	262
120	262
155	262
161	262
164	262
280	262
177	263
224	263
256	263
286	263
101	264
52	265
57	265
149	265
197	265
113	267
140	267
157	267
294	267
121	268
227	268
264	268
294	268
60	269
68	269
86	269
108	269
169	269
69	270
128	270
258	270
132	271
201	271
206	271
261	271
284	271
222	272
143	273
236	273
79	274
206	274
296	274
179	275
247	275
81	276
118	276
256	276
127	277
134	277
267	277
147	278
250	278
135	279
142	279
181	279
230	279
238	279
288	279
105	280
157	280
189	280
171	281
142	282
219	282
281	282
172	283
288	283
105	284
200	284
211	284
203	285
245	285
256	285
180	286
225	286
224	287
227	287
267	287
269	287
285	287
136	288
189	288
192	288
121	289
122	289
256	290
285	290
289	290
172	291
273	291
170	292
188	292
203	292
107	293
131	293
193	293
111	294
142	294
152	296
161	296
170	296
238	296
245	296
249	296
269	296
219	297
220	297
149	298
192	298
217	298
135	299
134	300
235	300
101	301
265	301
279	301
106	302
112	302
120	302
284	302
156	304
167	305
267	305
239	306
241	306
133	307
178	307
182	307
212	307
216	307
256	307
284	307
145	308
166	309
198	309
225	310
109	311
218	311
135	312
223	312
171	313
177	313
260	313
273	314
161	315
185	315
242	316
286	316
291	316
248	317
235	318
253	318
126	319
132	319
159	320
199	320
221	320
248	320
126	321
145	321
180	321
272	321
175	322
185	322
148	323
185	323
150	324
245	324
274	324
143	325
145	325
198	325
225	325
235	325
255	325
193	326
246	326
252	326
267	326
260	327
138	328
168	328
174	328
181	328
187	329
139	330
145	330
225	330
246	330
267	330
152	332
165	332
202	332
219	332
251	332
281	332
282	332
238	334
171	335
245	335
247	335
238	336
253	336
140	337
260	337
213	338
215	338
227	338
238	338
181	339
149	340
218	340
156	341
203	341
208	341
203	342
169	343
239	343
247	343
271	343
242	344
285	344
209	345
234	345
186	346
224	346
286	346
189	347
163	349
208	350
172	351
235	351
165	352
202	352
210	352
216	352
242	352
