899
63	7
64	7
89	8
152	8
186	8
187	8
177	9
193	9
155	10
193	12
89	13
182	14
159	15
165	16
200	16
204	16
51	17
193	20
177	21
178	21
206	24
103	25
108	26
119	26
200	27
60	28
185	28
69	29
136	29
173	29
193	29
207	29
103	30
198	30
200	30
202	30
206	30
218	31
146	32
162	33
225	34
49	35
108	35
180	35
198	35
202	35
205	35
211	35
218	35
121	36
230	36
69	39
229	41
144	42
214	42
199	43
162	45
63	46
64	46
78	46
134	46
229	46
129	47
225	47
208	48
168	49
137	51
178	51
202	51
78	52
142	54
148	55
70	56
160	56
185	56
63	57
194	57
90	59
177	59
82	60
55	61
166	61
142	63
200	64
98	66
128	66
158	66
241	66
242	66
114	67
148	67
185	68
231	68
86	69
136	70
141	70
140	71
189	71
33	72
35	72
166	72
50	73
114	74
125	74
199	74
65	75
147	75
235	75
74	76
64	77
75	77
120	77
58	78
201	80
54	81
66	82
157	82
167	82
44	83
54	83
161	83
173	83
80	84
141	84
245	84
208	85
106	86
211	86
252	87
60	88
93	88
117	89
198	89
245	89
51	91
71	91
212	91
218	91
225	91
98	92
166	92
39	93
96	93
226	93
234	93
242	94
146	95
213	95
84	96
251	96
53	97
200	97
58	98
101	98
102	98
145	98
173	98
242	98
67	99
244	99
155	100
202	100
221	100
33	101
108	101
136	101
72	102
93	102
130	102
157	102
164	102
236	102
34	103
256	103
47	105
58	105
216	105
219	105
229	105
62	106
142	106
96	107
235	107
43	108
92	108
114	108
37	109
165	109
117	110
141	110
147	110
165	110
222	110
62	112
70	112
54	113
71	113
116	113
227	113
234	113
38	114
241	114
169	115
267	115
57	116
200	116
38	117
207	117
255	117
44	118
122	119
129	119
73	121
255	121
259	121
128	122
24	123
34	123
64	123
115	123
119	123
160	123
183	123
203	123
241	123
260	123
55	124
165	124
54	125
243	125
245	125
273	125
152	127
112	128
185	128
44	129
91	129
249	129
42	130
195	131
211	131
212	131
150	133
180	133
170	134
49	135
115	135
204	135
255	135
258	135
284	135
42	136
158	136
228	136
270	136
272	136
282	136
130	137
142	137
159	138
243	138
25	139
66	139
122	139
178	139
198	139
243	139
282	139
72	140
120	140
55	141
109	141
208	141
254	141
290	141
114	142
205	142
248	142
269	142
278	142
111	143
147	143
189	143
219	143
243	143
274	143
40	144
168	144
58	146
111	146
219	146
289	146
58	147
66	147
161	147
206	147
213	147
256	147
261	147
140	148
163	148
242	148
122	149
206	149
222	149
292	149
68	150
127	150
185	150
189	150
277	150
242	151
249	151
68	152
176	152
238	152
269	152
29	153
158	153
80	154
117	154
139	154
155	154
276	154
77	155
146	155
107	156
145	156
166	156
238	156
290	156
183	157
253	157
268	157
81	158
99	158
130	158
264	158
50	159
122	159
129	159
200	159
212	159
257	159
295	159
61	160
68	160
78	160
88	160
176	160
138	161
282	161
186	162
70	163
78	163
165	163
168	163
237	163
250	163
252	163
264	163
38	164
98	165
122	165
128	165
134	165
263	165
282	165
135	166
235	166
60	167
90	167
69	168
158	169
160	169
174	169
215	169
269	169
278	169
49	170
78	170
223	170
227	170
243	170
34	171
58	171
148	171
247	171
109	172
119	172
183	172
235	172
258	172
278	172
41	173
70	173
119	173
258	173
280	173
110	174
138	174
37	175
52	175
58	175
59	175
138	175
247	176
265	176
32	177
70	177
273	177
275	177
162	178
185	178
222	178
154	179
168	179
190	179
206	179
228	179
169	180
277	180
102	181
123	181
200	181
255	181
52	182
215	182
223	182
286	182
131	183
210	183
226	183
46	184
73	185
154	185
164	185
267	185
111	186
150	186
162	186
208	186
234	186
235	186
242	186
65	187
133	187
137	187
247	187
269	187
219	188
252	188
104	189
281	189
114	190
143	190
198	190
116	191
31	192
189	192
204	192
224	193
248	193
126	194
177	194
239	194
53	195
57	195
75	195
94	195
133	195
165	195
204	195
225	195
272	195
71	196
87	196
139	196
209	196
259	196
280	196
288	196
108	197
218	198
287	198
53	199
203	199
209	199
47	200
135	200
156	200
169	200
239	200
252	200
258	200
80	201
166	201
175	201
223	201
277	201
63	202
71	202
194	202
244	202
175	203
211	203
118	204
137	204
200	204
108	205
124	205
180	205
183	205
287	205
229	206
238	206
243	206
32	207
60	207
62	207
158	207
234	207
84	208
114	208
134	208
243	208
215	210
265	210
283	210
209	211
281	211
59	212
137	212
155	212
180	212
264	212
269	212
114	213
116	213
145	213
149	213
212	213
214	213
110	215
163	215
218	215
220	215
241	215
279	216
87	217
278	217
77	218
127	218
150	218
256	218
131	219
136	219
290	219
63	220
68	220
40	221
139	221
189	221
210	221
223	221
270	221
70	222
97	222
106	222
141	222
223	222
228	222
253	222
285	222
173	223
278	223
285	223
128	224
140	224
164	224
170	224
183	224
215	224
290	224
176	225
234	225
291	225
148	226
161	226
44	227
63	227
84	227
87	227
104	227
117	227
145	227
189	227
202	227
80	228
177	228
134	229
219	229
273	229
96	230
133	230
187	230
210	230
108	231
139	231
52	232
169	232
160	233
223	233
242	233
251	233
46	234
143	234
157	234
231	234
246	234
292	234
76	235
80	235
227	235
70	236
80	236
196	236
234	236
274	236
85	237
117	237
129	237
173	237
255	237
258	237
126	238
80	239
118	239
172	239
52	240
127	240
177	240
214	240
220	240
264	240
153	241
160	241
221	241
272	241
65	243
279	244
221	245
65	246
85	246
172	247
195	247
207	247
47	248
60	248
132	248
168	248
267	248
70	249
169	249
198	249
235	249
61	250
122	250
158	250
113	251
132	251
198	251
279	251
209	252
170	253
242	253
209	254
65	255
65	256
161	256
166	256
203	256
230	256
257	256
45	257
153	257
241	257
272	257
76	258
139	258
106	259
233	260
100	261
105	261
129	261
270	261
106	262
117	262
130	262
166	262
184	262
169	263
211	263
224	263
101	264
195	264
81	265
188	265
200	265
242	265
145	266
279	266
138	267
139	267
183	267
188	267
226	267
77	269
95	269
134	269
157	269
152	270
169	270
120	271
249	271
255	271
258	271
129	272
189	272
192	272
224	273
135	274
184	274
76	275
103	276
130	276
134	276
176	276
56	277
119	277
216	277
171	278
225	278
60	279
230	279
106	280
129	280
159	280
162	280
271	280
224	281
126	282
181	282
218	282
209	283
234	283
255	283
58	284
64	284
96	284
136	284
261	284
104	285
115	286
160	286
212	286
153	287
164	287
194	287
188	288
131	289
120	290
264	290
59	291
164	291
183	291
210	291
233	291
106	292
94	293
113	293
136	293
204	293
229	293
113	294
198	294
234	294
240	294
95	295
115	295
144	295
151	295
106	296
152	296
160	296
170	296
182	296
215	296
266	296
121	297
168	297
243	297
248	297
257	297
68	299
131	299
141	299
161	299
102	301
233	301
131	302
150	302
211	302
261	303
270	303
114	304
119	304
131	304
270	304
98	305
211	305
81	306
144	306
150	306
166	306
198	306
224	306
266	306
96	307
120	307
136	307
155	307
247	307
218	308
243	308
211	309
98	310
218	310
227	310
258	310
105	311
113	311
252	311
128	312
154	312
165	312
177	312
198	312
201	312
222	313
80	314
115	314
135	314
140	314
87	315
184	315
195	315
245	316
251	316
103	317
232	317
253	317
87	318
114	318
214	318
98	319
116	319
196	319
144	320
108	321
157	321
196	321
243	321
127	322
188	322
205	322
235	322
132	324
139	324
182	324
93	325
140	325
236	325
80	326
150	326
188	326
178	327
104	328
87	330
89	334
105	334
113	336
105	339
126	340
113	341
107	343
107	345
103	346
109	346
