932
174	7
179	7
89	8
138	8
105	11
147	11
113	13
147	13
161	13
190	13
194	13
209	13
89	14
104	14
164	14
106	16
171	16
84	18
87	18
196	18
197	19
89	20
190	22
140	25
148	25
213	25
175	27
214	27
207	28
202	30
204	30
83	31
205	31
168	32
152	33
160	33
135	35
213	35
133	36
213	36
119	37
87	39
109	39
162	40
199	40
144	42
216	42
184	45
197	45
203	46
211	46
78	48
133	48
232	48
217	49
188	50
216	52
227	54
228	54
176	55
193	56
221	56
183	57
214	59
236	59
212	60
224	60
83	61
94	61
199	61
221	61
147	62
233	62
141	64
190	64
220	64
200	65
205	65
242	66
181	68
224	68
226	68
211	70
247	70
159	71
238	72
86	73
199	73
209	73
227	73
224	74
172	75
87	76
185	76
210	76
200	77
189	78
228	78
229	78
234	78
249	78
255	78
261	79
75	80
179	80
66	81
129	82
121	83
258	83
181	84
195	85
232	85
206	86
252	88
188	90
220	90
197	92
95	93
150	93
157	93
224	96
251	96
162	97
163	97
182	97
66	99
81	99
203	99
227	99
60	100
187	100
205	102
198	104
89	105
227	105
163	106
38	108
43	108
209	108
70	109
63	110
105	110
130	110
153	110
254	110
54	111
119	111
194	111
104	112
123	112
209	112
105	113
54	114
160	114
90	115
172	115
205	115
32	116
38	116
63	116
72	116
177	116
267	116
27	117
145	118
254	118
151	120
198	120
253	120
23	122
215	122
33	123
78	123
113	123
159	123
161	123
260	123
273	123
283	123
62	124
100	125
208	125
237	126
170	127
215	127
261	127
228	128
152	129
252	129
82	131
204	131
58	132
112	132
171	132
210	132
273	132
126	133
133	133
152	133
160	133
271	133
71	134
158	134
209	134
230	134
99	135
122	135
283	135
43	136
48	136
77	136
134	136
140	137
271	137
30	138
163	138
217	138
253	138
67	139
89	139
129	139
134	139
107	140
223	140
229	140
231	141
282	141
269	142
278	142
53	143
100	143
149	143
274	143
36	144
40	144
203	144
134	145
151	145
169	145
202	145
115	146
128	146
209	146
220	146
61	147
67	147
122	147
125	147
282	147
262	148
103	149
147	149
230	149
291	149
82	150
174	150
298	150
300	150
237	151
244	151
88	152
159	152
162	152
229	152
237	152
269	152
29	153
34	153
276	153
67	154
74	154
195	154
78	155
125	155
126	155
140	155
212	155
220	155
260	155
68	156
88	156
100	156
119	156
269	156
290	156
298	156
90	157
130	157
168	157
46	158
53	158
52	159
147	159
229	159
253	159
138	160
223	160
126	161
128	161
164	161
169	161
237	161
244	161
282	161
78	162
96	162
111	162
120	162
237	162
271	162
306	162
39	163
68	163
171	163
108	164
263	164
282	164
28	165
252	165
294	165
28	166
53	166
59	166
167	166
129	167
134	167
222	167
126	168
128	168
156	168
48	169
102	169
147	169
215	169
247	169
269	169
53	170
208	170
209	170
258	170
59	171
69	171
78	171
174	171
190	171
279	171
282	171
182	172
49	173
128	173
134	173
135	173
146	173
238	173
232	174
241	174
304	174
35	175
122	175
165	175
305	175
208	176
245	176
112	177
216	177
264	177
273	177
29	178
67	178
60	179
61	179
232	179
152	180
191	180
244	180
265	180
285	180
305	180
148	181
167	181
184	181
257	181
260	181
278	181
85	182
150	182
135	183
217	183
224	183
30	184
126	184
132	184
70	185
169	185
209	185
217	185
297	185
80	186
177	186
181	186
203	186
225	186
232	186
255	186
298	186
64	187
176	187
247	187
263	187
285	187
28	188
143	188
149	188
162	188
253	188
278	188
72	189
79	189
81	190
85	190
218	190
174	191
254	191
271	191
300	191
31	192
289	192
291	192
299	192
305	192
104	193
114	193
160	193
175	193
212	193
234	193
248	193
61	194
86	195
133	195
152	195
189	195
272	195
81	196
113	196
125	196
139	196
170	196
175	196
169	197
214	197
225	197
102	198
227	198
145	199
231	199
63	200
258	200
72	201
125	201
132	201
246	201
266	201
272	201
135	202
228	202
231	202
93	203
188	203
273	203
304	203
60	204
156	204
171	204
179	204
195	204
202	204
218	204
151	205
252	205
113	206
114	206
123	206
143	206
165	206
211	206
218	206
225	206
226	206
247	206
254	206
32	207
130	207
131	207
188	207
195	207
232	207
51	208
68	208
98	208
274	208
166	209
170	209
148	210
159	210
67	211
265	211
260	212
265	212
188	213
225	213
246	213
132	214
145	214
153	214
171	214
179	214
218	214
252	214
299	214
106	215
133	215
211	215
217	215
87	216
167	216
203	216
239	216
242	216
154	217
260	217
277	217
35	218
126	218
145	218
225	218
230	218
252	218
257	218
130	219
68	220
290	220
62	221
151	221
158	221
187	221
211	221
53	222
117	222
127	222
143	222
194	222
239	222
124	223
201	223
220	223
178	224
256	224
283	225
167	226
171	226
43	227
88	227
222	227
152	228
202	228
209	228
262	228
178	229
194	229
215	229
257	229
72	230
88	230
145	230
244	230
67	231
112	232
166	232
225	232
282	232
46	233
51	233
123	233
249	233
270	233
292	233
58	234
254	234
300	234
160	235
181	235
132	236
160	236
172	236
180	236
200	236
275	236
140	237
148	237
225	237
77	238
143	238
170	238
207	238
262	238
67	239
114	239
127	239
205	239
247	239
51	240
88	240
156	240
253	240
106	241
137	241
180	241
212	241
295	241
167	242
175	242
184	242
240	242
205	243
227	243
286	243
159	245
202	246
219	246
222	246
41	247
82	247
130	247
137	247
184	247
193	247
253	247
261	247
281	247
108	248
209	248
239	248
296	248
47	249
149	249
189	249
195	249
276	249
278	249
286	249
295	249
133	250
149	251
209	252
104	253
161	253
72	254
82	254
102	254
210	254
250	254
259	254
75	255
93	255
189	255
229	255
231	255
69	256
145	256
195	256
203	256
45	257
138	257
265	257
130	258
219	258
231	258
272	258
97	259
98	259
174	259
103	260
107	260
143	260
224	260
280	260
294	260
236	261
257	261
157	262
290	262
296	262
92	263
206	263
175	264
196	264
137	265
144	265
228	265
73	266
113	266
219	266
79	267
170	267
235	267
146	268
219	268
262	268
55	269
128	269
133	270
163	270
285	270
152	271
96	272
62	274
238	274
48	275
192	275
201	275
75	276
77	276
248	276
53	277
98	277
149	277
226	277
230	277
261	277
295	277
84	278
89	278
288	278
78	279
128	279
137	279
230	279
138	280
236	280
244	280
278	280
53	281
104	281
125	281
93	283
145	283
223	283
251	283
254	283
58	284
64	284
72	284
166	284
216	284
156	285
194	285
226	285
265	285
282	285
200	286
276	286
194	288
276	288
97	289
189	289
254	289
58	290
138	290
175	290
100	291
163	291
214	291
259	291
261	291
151	292
179	293
219	293
79	294
91	294
144	294
156	294
205	294
271	295
280	295
106	296
155	296
215	296
229	296
241	296
82	297
121	297
89	298
200	298
245	298
162	299
223	299
82	300
212	300
246	300
105	301
166	301
68	302
89	302
144	302
113	303
124	303
278	303
265	304
180	305
241	305
252	305
80	306
105	306
161	307
195	307
196	307
223	307
224	307
212	308
235	308
248	308
162	309
188	309
259	309
82	310
100	310
123	310
98	311
180	311
112	312
141	312
152	313
162	313
165	313
213	313
271	314
172	315
196	315
272	315
184	316
187	316
115	317
134	317
140	317
222	317
182	318
147	319
223	319
205	320
121	321
148	321
167	321
125	322
158	322
131	324
184	324
197	324
83	325
87	326
223	326
230	326
235	326
154	327
181	327
264	327
191	328
198	328
99	329
117	329
146	329
155	329
170	329
237	329
94	330
125	330
160	330
88	331
93	331
107	331
123	331
184	331
218	331
104	332
136	332
205	332
114	333
116	333
200	333
224	333
169	334
127	335
266	335
178	336
232	336
264	336
150	337
182	337
187	337
206	337
216	337
232	337
246	337
187	338
107	340
135	340
175	340
101	341
109	341
122	341
144	341
159	341
166	341
202	341
222	341
150	344
246	344
102	345
188	345
122	346
132	346
151	346
166	347
203	347
210	347
113	348
205	348
106	349
108	352
125	352
185	352
194	352
