1021
157	14
91	16
193	16
177	17
194	18
112	19
138	19
199	19
84	20
137	20
138	22
145	23
193	23
170	24
176	24
152	25
176	25
193	25
83	26
119	26
90	28
183	28
118	29
161	30
133	31
205	32
142	33
146	33
80	34
78	35
199	36
201	37
181	38
110	39
125	40
167	40
112	41
106	43
143	43
158	43
87	44
134	44
185	44
194	44
172	45
200	46
79	47
187	47
211	47
110	48
146	49
154	49
120	50
178	50
110	52
102	53
116	53
119	53
129	53
156	53
222	53
120	54
222	54
183	55
195	55
64	57
82	57
136	57
142	58
145	58
162	59
210	59
222	59
162	60
206	60
197	61
100	62
101	62
157	63
169	65
81	67
157	67
181	67
139	68
186	68
193	68
227	68
232	68
144	69
203	69
65	71
66	71
97	71
102	71
126	71
116	72
89	73
103	76
65	77
193	77
66	80
122	81
128	81
30	83
43	83
44	83
163	83
195	83
210	83
30	84
75	84
159	84
203	86
20	87
35	87
63	89
69	89
43	90
82	90
104	90
150	90
125	91
188	91
21	92
35	92
63	92
110	92
199	92
207	93
219	93
134	95
158	95
214	95
73	96
91	96
169	96
51	97
101	97
158	97
33	98
192	98
243	98
245	98
38	99
236	99
90	100
33	101
42	101
50	101
62	101
216	101
250	101
68	102
81	102
125	102
98	104
111	104
120	104
155	104
175	104
208	104
216	104
255	104
23	105
26	105
33	105
237	105
245	105
265	105
41	106
53	106
167	106
87	107
208	107
216	107
197	108
257	108
237	110
245	110
143	111
45	112
98	112
229	112
44	113
116	113
222	113
59	115
65	115
72	115
166	115
32	116
58	116
123	116
248	116
37	117
38	117
133	117
182	117
201	117
43	118
107	118
112	118
157	118
181	118
80	119
83	120
101	120
149	120
150	121
254	121
259	121
30	123
60	123
65	123
229	123
266	123
274	123
75	124
122	124
194	124
252	124
52	125
220	126
204	127
108	128
213	128
286	128
132	129
145	129
162	130
237	130
122	131
150	131
243	131
271	131
168	132
106	133
114	133
146	133
78	134
113	134
221	134
229	134
83	135
93	135
43	136
48	136
129	136
188	136
199	136
255	136
271	136
272	136
282	136
107	137
131	137
206	137
78	138
159	138
171	138
215	138
24	139
82	139
214	139
239	140
244	141
131	142
156	142
206	142
238	142
290	142
68	143
74	143
124	143
160	143
167	143
171	143
244	143
269	143
274	143
300	143
36	144
40	144
149	144
199	144
278	144
300	144
121	145
242	146
289	146
107	147
182	147
214	147
249	147
261	147
117	148
262	148
299	149
74	150
82	150
243	150
249	150
90	151
269	152
29	153
34	153
102	153
167	153
173	153
104	154
121	154
276	154
129	156
290	156
127	157
165	157
193	157
267	157
46	158
141	158
240	158
296	158
44	159
69	159
119	159
137	159
156	159
223	159
229	159
82	160
90	160
203	160
77	161
78	161
170	161
175	161
255	161
257	161
248	162
110	163
167	163
185	163
194	163
230	163
270	163
70	164
100	164
184	164
208	168
43	169
122	169
194	169
199	169
70	170
137	170
199	170
215	170
225	170
300	170
62	171
129	171
157	171
160	171
175	171
192	171
258	171
260	171
279	171
282	171
298	171
36	172
52	172
59	172
101	172
176	172
183	172
153	173
237	173
96	176
210	176
216	176
231	176
247	176
31	177
154	177
243	177
264	177
29	178
90	178
93	178
127	178
224	178
288	178
168	179
229	179
243	179
52	180
59	180
64	180
72	180
147	180
162	180
167	180
206	180
229	180
284	180
57	181
82	181
101	181
147	181
234	181
251	181
278	181
102	182
255	182
289	182
109	183
126	183
222	183
30	184
46	184
121	184
141	184
243	184
131	185
249	185
285	185
109	186
176	186
183	186
84	187
102	187
155	187
174	187
215	187
147	188
229	188
233	188
255	188
277	188
121	189
123	189
189	189
249	189
262	189
273	189
112	190
206	190
94	191
102	191
225	192
135	193
137	193
57	194
88	194
84	195
86	195
164	195
192	195
273	195
106	196
128	196
150	196
240	196
272	196
163	197
219	197
248	197
75	198
72	199
120	199
212	199
259	199
57	200
169	200
173	200
225	200
267	200
86	201
127	201
134	201
223	201
259	201
79	202
176	202
265	202
185	203
213	203
106	204
136	204
194	204
203	204
287	204
109	205
213	205
98	206
137	206
168	206
209	206
223	206
300	206
118	207
124	207
167	207
176	207
194	207
299	207
32	208
52	208
76	208
215	208
231	208
235	208
293	208
98	209
228	209
265	209
89	210
147	210
101	211
189	211
198	212
249	212
258	212
263	212
269	212
133	213
139	213
299	213
118	214
134	214
170	214
180	214
204	214
235	214
124	215
163	215
190	215
215	215
288	215
104	216
198	216
222	216
240	216
98	217
124	217
257	217
269	217
136	218
145	218
256	218
265	218
186	219
234	219
250	219
262	219
300	219
62	220
67	220
117	220
238	220
187	221
212	221
97	222
105	222
131	222
192	222
222	222
285	222
286	222
107	223
122	223
168	223
229	223
278	223
157	224
238	224
56	225
81	225
87	225
244	225
71	226
131	226
133	226
170	226
192	226
296	227
88	228
62	229
80	229
93	229
124	229
127	229
134	229
146	229
185	229
273	229
80	230
87	231
127	231
266	231
157	232
244	232
46	233
51	233
68	233
73	233
96	233
194	233
293	233
95	234
177	234
188	235
102	236
105	236
218	236
274	236
75	237
139	237
121	238
210	238
219	238
68	239
166	239
264	239
51	240
70	240
98	240
112	240
204	240
92	241
100	241
152	241
157	241
213	241
231	241
171	242
244	242
273	242
116	243
286	243
135	244
227	245
167	246
170	246
64	247
42	248
81	248
84	248
105	248
117	248
128	248
280	248
93	249
194	249
275	249
277	249
285	249
290	249
49	250
88	250
96	250
111	250
131	250
133	250
149	250
185	250
235	250
238	250
126	251
170	251
176	251
183	251
126	252
133	252
209	252
219	252
88	253
167	253
189	253
142	254
157	254
183	254
81	255
138	255
224	255
102	256
202	256
54	257
72	257
130	257
176	258
59	259
132	260
224	260
239	260
93	261
161	261
195	261
204	261
210	261
234	261
270	261
279	261
87	262
158	262
269	262
151	263
191	263
217	263
46	264
72	264
225	264
147	265
176	265
78	266
91	266
241	266
58	267
127	267
235	267
264	267
276	267
169	268
267	268
111	269
168	269
193	269
210	269
225	269
268	269
287	269
100	270
152	270
162	270
194	270
252	270
60	271
87	271
94	271
187	271
237	272
107	273
257	273
214	274
68	275
124	275
257	275
156	276
194	276
84	277
165	277
208	277
210	277
50	278
52	278
163	278
172	278
115	279
156	279
136	280
278	280
53	281
60	281
134	281
175	281
182	281
237	281
267	281
270	281
93	282
173	282
148	283
212	283
255	283
256	283
196	284
199	284
111	285
212	285
224	285
151	286
157	286
191	286
222	286
265	286
53	287
202	287
269	287
75	288
127	288
166	288
214	288
272	288
277	288
282	288
142	289
143	289
58	290
67	290
97	290
192	290
196	290
242	290
151	291
168	291
153	292
127	294
157	294
180	294
191	294
70	295
74	295
106	295
192	295
238	295
272	295
64	296
133	296
148	296
169	296
172	296
179	296
253	296
281	296
218	297
152	298
256	298
81	299
199	299
244	300
247	300
192	301
204	301
102	302
181	302
186	302
255	302
266	302
68	303
100	303
118	303
122	303
218	303
152	304
212	304
218	304
243	304
264	304
269	304
271	304
179	305
224	305
81	306
88	306
143	306
166	306
92	307
179	307
204	307
85	308
224	308
248	308
128	309
166	309
204	309
101	310
110	310
265	310
155	311
164	311
67	312
85	312
104	312
119	312
152	312
196	312
203	312
233	312
70	313
120	313
133	313
214	313
274	313
278	313
80	314
125	314
79	315
70	316
171	316
173	316
182	316
214	316
113	317
220	317
266	317
105	318
274	318
95	319
101	319
133	319
197	319
241	319
92	320
102	320
112	320
138	320
199	320
274	320
280	320
191	321
214	321
235	321
142	322
144	322
186	322
157	324
245	324
255	324
152	325
177	325
199	326
245	326
252	326
259	326
270	326
275	326
158	327
165	327
180	327
192	327
193	327
262	327
129	328
236	328
152	329
185	329
270	329
94	330
129	330
134	330
243	330
88	331
136	331
202	331
204	331
276	331
112	332
146	332
102	333
259	333
270	333
274	333
80	334
194	334
108	335
168	335
253	335
82	336
209	336
102	337
126	337
157	337
162	337
194	337
205	337
232	337
239	337
262	337
281	337
108	338
185	338
109	339
195	339
101	340
114	340
118	340
129	340
165	340
177	340
218	340
221	340
232	340
261	340
185	341
261	342
282	342
200	343
269	343
273	343
283	343
244	344
248	344
256	344
261	344
173	345
146	346
165	346
186	346
270	346
138	347
184	347
229	347
208	348
219	348
160	349
274	349
275	349
229	350
193	351
203	351
218	351
254	351
139	352
200	352
209	352
216	352
222	352
237	352
248	352
259	352
