935
195	7
200	7
157	8
153	10
162	16
224	16
177	18
199	19
203	19
232	22
93	23
117	23
207	23
103	24
188	24
194	24
104	26
234	26
225	27
194	28
128	29
127	33
116	34
94	36
223	37
208	38
93	39
239	39
246	39
246	40
92	41
199	42
173	43
185	43
134	44
155	44
214	44
243	44
153	45
124	46
94	47
180	47
106	48
192	48
204	49
220	49
228	49
248	49
246	50
107	51
208	51
129	53
94	55
94	56
160	56
199	56
200	56
220	56
123	58
155	59
87	63
85	64
208	64
214	64
166	65
183	65
210	66
217	66
87	67
265	67
113	68
222	69
176	70
190	71
213	71
263	72
232	74
217	76
224	76
182	77
262	78
212	80
262	80
270	80
222	83
79	84
229	84
237	84
99	85
172	85
83	86
101	86
188	86
269	87
90	89
225	90
208	93
264	93
126	94
164	94
85	95
135	95
141	95
238	95
227	96
241	96
178	97
234	97
145	98
221	98
131	99
136	99
212	99
112	100
163	100
122	101
180	101
189	101
263	102
164	103
273	103
234	104
89	105
108	105
170	105
146	106
229	106
234	106
125	107
178	107
131	108
196	108
139	109
143	109
217	109
131	110
153	110
229	110
235	110
147	111
229	111
257	111
160	112
181	112
77	113
153	113
81	114
274	114
73	115
218	115
238	115
37	116
73	116
257	116
282	116
294	116
38	117
68	117
115	118
119	118
45	119
131	119
137	119
170	119
156	120
189	120
194	121
67	122
129	122
221	122
283	122
35	123
40	123
59	123
62	123
143	123
165	123
192	123
286	123
178	124
249	124
263	124
36	125
182	125
52	127
151	128
145	129
264	129
271	129
27	130
37	130
62	130
93	130
97	130
57	131
178	131
240	131
280	131
284	131
72	132
87	132
140	132
141	132
150	132
257	132
232	133
69	134
174	134
250	135
264	135
271	135
282	136
42	138
98	138
136	138
218	138
25	139
115	139
126	140
226	140
69	141
234	141
154	142
290	142
78	143
99	143
145	143
162	143
176	143
242	143
265	143
269	143
164	144
36	145
98	145
139	145
200	145
226	145
260	145
251	146
269	146
54	147
145	147
153	147
230	147
234	147
289	147
155	148
120	149
134	149
162	149
164	149
291	149
299	149
205	150
276	150
299	150
203	151
89	152
136	152
230	152
234	152
236	152
242	152
265	152
29	153
69	153
39	154
219	154
62	155
80	155
214	155
99	156
103	156
186	156
276	156
290	156
296	156
185	157
264	157
265	157
46	158
135	158
146	158
157	158
195	158
228	158
62	159
71	159
222	159
270	159
199	160
230	160
251	160
91	161
97	161
186	161
236	161
260	162
307	162
62	163
72	163
74	163
112	163
175	163
103	164
178	164
222	164
270	164
282	164
158	165
221	165
294	165
53	166
259	166
303	166
100	167
135	167
216	167
304	167
53	168
69	168
83	168
91	168
181	168
145	169
158	169
178	169
188	169
198	169
244	169
252	169
168	170
178	170
230	170
145	171
148	171
172	171
225	171
228	171
48	172
69	172
161	172
180	172
122	173
222	173
244	173
28	174
237	174
84	175
151	175
105	176
183	176
259	176
112	177
245	177
250	177
264	177
278	177
61	178
66	178
75	178
173	178
288	178
155	179
278	179
296	179
30	180
103	180
148	180
162	180
206	180
229	180
243	180
265	180
283	180
52	181
94	181
229	181
295	181
305	181
74	182
88	182
198	182
289	182
123	183
177	183
45	185
244	185
249	185
284	185
298	185
81	186
85	186
149	186
155	186
183	186
188	186
229	186
236	186
96	187
104	187
144	187
207	187
74	188
30	189
244	189
249	190
250	190
253	190
271	190
275	190
164	191
171	191
181	191
299	191
69	192
177	192
190	192
229	192
283	192
305	192
86	194
148	194
189	194
196	194
212	194
163	196
240	196
63	197
58	198
74	198
138	198
164	198
263	198
270	198
283	198
177	199
186	199
257	199
171	201
229	201
234	201
240	201
249	201
266	201
72	202
90	202
233	202
246	202
254	202
67	203
213	203
58	204
127	204
219	204
85	205
157	205
199	205
203	205
263	205
105	206
110	206
125	206
192	206
259	206
33	207
61	207
293	207
52	208
142	208
54	209
148	209
233	209
235	209
168	210
66	211
148	211
157	211
246	211
259	211
282	211
161	212
206	213
264	213
266	213
269	213
48	214
134	214
141	214
204	214
301	214
47	215
124	215
168	215
220	215
222	215
176	216
239	216
271	216
244	217
76	218
89	218
116	218
184	218
141	219
176	219
244	219
301	219
164	221
193	221
53	222
70	222
75	222
98	222
107	222
176	222
203	222
211	222
270	222
277	222
220	223
222	223
257	223
291	223
102	224
188	224
190	224
255	224
155	225
167	225
262	225
73	226
235	226
244	226
62	227
73	227
85	227
92	227
239	227
141	228
179	228
270	228
274	228
294	228
299	228
167	229
169	229
172	229
120	231
193	231
209	231
239	231
245	231
250	231
284	231
57	232
100	232
162	232
248	232
300	232
46	233
51	233
112	233
117	233
226	233
238	233
136	234
191	235
282	235
80	236
112	236
138	236
179	236
199	236
216	237
274	237
241	238
46	240
247	240
52	241
192	241
295	241
45	242
193	242
270	242
280	242
287	242
68	243
76	243
187	243
168	244
142	246
152	246
81	247
135	247
200	247
237	247
261	247
74	248
99	248
115	248
217	248
258	248
264	248
275	248
278	248
128	249
166	249
194	249
89	250
93	250
127	250
146	250
157	250
286	250
120	251
190	251
101	252
166	252
173	252
246	252
248	252
89	253
210	253
252	253
96	254
202	254
254	254
82	255
69	256
111	256
132	256
190	256
194	256
230	256
103	258
149	258
248	258
175	259
213	259
235	259
92	260
123	260
163	260
293	260
115	261
138	261
174	261
166	262
62	263
247	263
264	263
46	264
80	264
296	264
144	265
146	265
156	265
249	265
86	266
120	266
128	266
157	266
183	266
218	266
57	268
224	268
289	268
292	268
56	269
169	269
171	269
86	270
90	270
109	270
132	270
160	270
128	271
144	271
168	271
123	272
157	272
254	272
143	273
235	273
247	273
183	274
224	275
229	275
115	276
163	276
237	276
55	277
72	277
206	277
294	277
60	278
85	278
201	278
292	278
132	279
183	279
191	279
269	279
288	279
170	281
73	282
179	282
215	282
242	282
292	282
123	283
133	283
139	283
186	283
58	284
64	284
162	284
254	284
279	284
157	285
204	285
282	285
111	286
143	286
220	286
277	287
116	288
170	288
195	288
234	288
165	289
179	289
184	289
292	289
58	290
132	290
60	291
107	291
116	291
197	291
214	291
289	291
66	292
97	292
153	293
158	293
228	293
97	295
105	295
121	295
278	295
165	296
180	296
183	296
192	296
197	296
221	296
248	296
257	296
75	297
112	297
130	297
172	297
215	297
89	298
148	299
209	299
220	299
89	300
129	300
158	301
231	301
188	302
203	302
251	302
284	302
119	303
224	303
251	303
274	303
89	304
136	304
204	305
271	305
164	306
267	306
85	307
156	307
196	307
234	307
242	307
109	308
123	308
188	308
189	309
249	309
103	310
147	310
285	310
290	310
225	311
134	312
272	312
278	312
219	313
285	313
182	314
190	314
79	315
152	315
157	315
192	315
220	315
247	316
291	316
79	317
255	317
290	317
119	318
95	319
132	319
133	319
159	319
174	319
216	319
88	320
113	320
137	321
142	321
167	321
189	321
205	321
229	321
279	321
275	322
131	323
156	323
222	323
124	324
287	324
158	325
240	325
289	325
92	326
190	326
275	326
81	327
100	327
123	327
243	327
246	327
117	328
138	328
202	329
90	330
92	330
99	330
127	330
188	330
193	330
227	330
104	331
136	331
202	331
216	331
235	331
249	331
95	332
112	332
164	332
157	333
232	333
104	334
203	334
259	334
209	335
243	335
272	335
158	336
179	336
287	336
104	337
194	337
281	337
140	338
145	338
146	338
217	338
242	338
247	338
276	338
285	338
125	339
232	339
99	340
114	340
224	340
276	340
153	341
161	341
163	341
182	341
288	341
243	342
175	344
174	345
269	345
134	346
187	346
203	346
207	346
128	347
147	348
183	348
131	349
253	349
275	349
163	351
193	351
215	351
157	352
167	352
170	352
174	352
183	352
203	352
208	352
228	352
230	352
235	352
242	352
247	352
259	352
