954
97	7
101	7
130	10
89	12
116	12
145	15
140	16
171	16
115	17
163	18
164	18
171	18
89	19
185	19
85	20
191	22
154	23
197	24
123	25
130	25
163	25
179	25
80	26
81	26
98	26
137	26
137	28
98	31
202	31
95	32
146	32
171	32
219	32
207	33
179	34
161	35
129	36
189	36
199	36
200	36
205	36
95	38
80	39
200	39
136	40
189	40
228	41
229	41
155	45
178	45
195	45
162	48
185	48
231	48
236	49
84	51
122	51
148	52
77	54
148	55
199	55
222	55
223	55
233	55
187	56
232	56
114	59
222	59
138	60
236	60
131	61
160	61
144	62
89	63
144	65
175	66
224	66
90	67
202	67
219	67
230	67
148	68
193	68
229	68
155	69
203	69
79	70
59	72
97	72
131	72
169	72
193	73
96	75
185	76
83	77
198	77
175	78
177	78
83	79
69	80
85	80
76	81
122	82
190	83
96	84
89	85
190	85
245	85
158	86
61	87
161	87
172	87
183	87
195	87
216	87
245	88
252	88
64	89
83	89
148	89
66	90
110	92
120	93
260	93
253	94
63	95
246	95
164	97
199	99
71	100
196	100
212	100
99	101
115	101
131	101
155	101
62	102
64	102
211	102
220	102
165	103
171	103
256	103
98	104
206	104
214	104
219	104
162	105
64	109
246	109
54	110
128	111
67	112
85	112
190	112
209	112
97	114
122	114
105	115
112	115
118	115
128	115
161	115
195	115
203	115
230	116
77	117
43	118
217	118
93	120
172	120
66	121
23	122
84	122
257	122
33	123
62	123
71	123
127	123
160	123
226	123
104	124
52	125
125	125
207	125
200	126
239	126
170	128
135	130
169	130
98	131
108	131
219	131
226	131
239	131
245	131
146	132
166	132
200	133
190	134
233	134
259	134
43	135
69	135
76	135
118	135
169	135
232	135
246	135
260	135
62	136
176	136
254	136
302	136
96	137
124	137
128	137
184	137
204	137
283	137
42	138
151	138
162	138
170	138
25	140
214	141
109	142
275	142
63	143
68	143
69	143
112	143
153	143
161	143
262	143
270	143
279	143
290	143
135	144
300	144
204	145
126	146
184	146
199	146
289	146
30	147
54	147
132	147
221	147
279	147
307	147
126	148
213	148
262	148
264	148
306	148
27	149
147	149
224	149
292	149
111	150
140	150
168	150
278	150
232	151
50	152
52	152
119	152
147	152
172	152
213	152
29	153
200	153
299	153
70	154
79	154
269	154
109	155
98	156
133	156
168	156
182	156
259	156
290	156
127	157
223	157
155	158
32	159
42	159
51	159
137	159
216	159
51	160
70	160
78	160
87	160
175	160
182	160
201	160
224	160
269	160
97	161
119	161
124	161
173	161
60	162
307	162
37	163
97	163
72	164
124	164
160	164
51	165
300	165
178	166
109	167
116	167
211	167
219	167
264	167
55	168
146	168
48	169
97	169
196	169
62	170
218	170
268	170
272	170
291	170
40	171
159	171
160	171
167	171
225	171
247	171
282	171
117	172
28	173
49	173
72	173
136	173
206	173
305	174
37	175
106	175
190	175
268	175
198	176
213	176
32	177
38	177
139	177
221	177
225	177
112	178
249	178
285	178
288	178
81	179
123	179
206	179
215	179
234	179
65	180
86	180
158	180
169	180
178	180
264	180
52	181
116	181
195	181
258	181
305	181
43	182
289	182
136	184
151	184
210	184
45	185
84	185
158	185
33	186
152	186
242	186
248	186
256	186
212	187
233	187
262	187
285	187
29	188
248	188
253	188
277	188
30	189
97	189
104	189
115	189
198	189
203	189
272	189
125	190
65	191
189	191
289	191
67	192
134	192
247	192
305	192
152	193
57	194
164	194
212	194
221	194
62	195
85	195
114	195
147	195
205	195
213	196
280	196
137	197
225	197
231	197
130	198
219	198
254	198
258	198
288	198
299	198
304	198
207	199
296	199
304	199
279	200
70	201
73	201
251	201
46	202
54	203
146	203
169	203
179	203
187	203
213	203
219	203
246	203
288	203
53	204
59	204
108	204
130	204
138	204
196	204
225	204
87	205
126	205
158	205
205	205
116	206
158	206
203	206
221	206
273	206
32	207
303	207
51	208
126	208
149	208
128	209
188	209
298	209
224	210
231	210
151	211
194	211
259	211
264	211
69	212
245	212
251	212
62	213
197	213
202	213
223	213
117	214
140	214
62	215
157	215
229	215
239	215
265	215
267	215
158	216
224	217
251	217
256	217
81	218
168	218
194	218
210	218
214	218
235	218
278	218
52	219
131	219
301	219
38	220
91	220
277	220
290	220
108	221
111	221
185	221
278	221
280	221
290	221
103	222
131	222
140	222
202	222
229	222
235	222
242	222
215	223
251	223
60	224
76	224
207	224
248	224
254	224
56	225
272	225
274	225
67	226
76	226
235	226
293	226
44	227
116	227
131	227
188	227
191	227
201	227
240	227
296	227
223	228
272	228
81	229
134	229
141	229
143	229
248	229
63	230
67	230
151	230
253	230
261	230
97	231
150	231
204	231
209	231
119	232
122	232
126	232
267	232
294	232
51	233
222	233
240	233
45	234
178	234
118	236
145	236
158	236
275	236
64	237
228	237
63	238
109	238
130	238
136	238
158	238
209	238
141	239
200	239
261	239
266	239
149	240
215	240
136	241
191	241
228	241
236	241
84	242
161	242
271	242
287	242
73	243
67	244
196	244
208	244
150	245
259	245
75	246
155	246
41	247
67	247
85	247
102	247
202	247
235	247
258	247
62	248
167	248
190	248
195	248
210	248
249	248
265	248
283	248
48	249
278	249
288	249
121	250
124	250
132	250
148	250
150	250
238	250
63	251
160	251
165	251
231	251
264	251
91	252
156	252
166	252
198	252
83	253
132	253
203	253
210	253
236	253
180	254
255	254
73	255
228	255
83	256
111	256
113	256
152	256
236	256
44	257
283	257
130	258
140	258
242	258
271	258
123	259
199	259
132	260
149	260
292	260
89	261
167	261
116	262
123	262
151	262
156	262
125	263
182	263
199	263
63	264
72	264
81	264
218	264
139	265
140	265
227	265
257	265
133	266
157	266
171	266
203	266
258	266
147	267
162	267
252	267
162	268
269	268
293	268
56	269
153	269
78	270
85	270
61	271
124	271
183	271
236	271
243	271
209	272
256	272
143	273
200	273
71	274
105	274
115	274
85	275
161	275
146	276
204	276
230	276
49	277
53	277
201	277
60	278
134	278
229	278
238	278
250	278
132	279
156	279
188	279
224	279
245	279
268	279
97	280
142	280
182	280
244	280
275	280
53	281
127	281
237	281
64	282
150	282
231	282
121	283
201	283
224	283
58	284
126	284
196	284
183	285
117	286
265	287
86	288
104	288
179	288
215	288
274	288
78	289
172	289
234	289
242	289
277	289
58	290
157	290
213	291
221	293
279	293
106	294
112	294
279	294
199	295
253	295
129	296
136	296
151	296
172	296
181	296
214	296
242	296
255	296
89	297
105	297
199	297
214	297
88	298
161	298
246	298
80	299
223	300
64	301
90	301
136	301
143	301
234	301
99	302
189	302
216	302
235	302
266	302
98	303
200	303
175	304
179	304
271	304
277	304
226	305
80	306
115	306
90	307
92	307
134	307
164	307
190	307
196	307
88	308
250	308
114	309
185	309
211	309
234	309
146	310
236	310
99	311
122	311
121	312
146	312
156	312
165	312
227	312
89	313
93	313
177	313
277	313
171	315
185	315
191	315
196	315
273	315
78	316
109	317
212	317
86	318
152	318
162	318
168	318
203	318
266	318
95	319
117	319
132	319
198	319
253	319
278	320
160	321
191	321
236	321
197	322
212	322
260	322
89	323
92	323
176	323
183	323
223	323
101	324
104	324
114	325
138	325
143	325
269	325
230	326
236	326
246	326
251	326
81	327
165	327
260	327
263	327
274	327
192	328
225	328
93	329
188	329
230	329
270	329
273	329
117	330
154	330
168	330
89	331
105	331
128	331
130	331
136	331
174	331
202	331
275	331
164	332
239	332
223	333
269	333
80	334
111	334
139	334
173	334
258	334
270	334
189	335
194	335
251	335
82	336
187	336
255	336
148	337
105	338
216	338
130	339
216	339
112	340
164	340
225	340
238	340
98	341
192	341
105	342
107	342
119	342
124	344
187	344
261	344
159	345
204	345
112	346
123	346
128	346
179	346
101	347
169	347
180	347
184	347
215	348
260	348
202	349
169	351
193	351
224	351
240	351
131	352
138	352
152	352
156	352
158	352
170	352
179	352
184	352
202	352
218	352
