1077
175	29
177	30
182	31
182	32
108	33
114	33
171	33
116	35
166	35
166	36
190	36
195	36
194	37
118	38
122	38
149	38
158	40
195	41
89	43
100	43
105	43
109	43
199	43
223	43
156	44
192	45
157	46
196	48
217	50
184	52
131	53
199	53
93	56
98	56
106	56
175	56
142	57
175	58
183	60
202	60
237	60
238	60
127	61
220	61
246	61
175	62
146	63
238	64
151	65
190	65
89	66
169	66
177	67
179	67
202	67
140	68
159	68
229	68
101	69
165	69
237	69
180	72
195	72
215	72
151	73
197	73
222	74
155	76
154	77
92	78
212	78
249	78
100	79
154	79
161	79
179	79
187	79
172	80
193	81
103	82
113	82
79	83
79	84
142	84
219	84
118	85
225	86
111	87
213	87
119	88
151	89
236	89
160	90
184	90
251	90
260	90
88	91
249	91
83	92
82	93
213	93
39	94
92	95
225	95
147	97
107	98
212	98
68	99
160	99
184	99
213	99
39	100
59	100
92	100
95	100
99	100
152	101
184	101
203	101
33	102
49	102
83	102
86	102
122	102
125	102
138	102
144	102
167	102
177	102
199	102
258	102
250	103
137	104
60	105
76	106
87	106
128	106
224	106
149	107
171	107
199	107
100	108
159	108
222	108
37	109
38	109
172	109
257	109
65	110
93	110
110	110
133	110
187	110
232	110
234	110
264	110
274	110
78	111
179	111
163	112
237	112
250	112
86	113
110	113
117	113
168	113
30	114
38	114
86	114
113	114
244	114
275	114
29	115
56	115
153	115
226	115
233	115
38	116
106	116
127	116
134	116
219	117
234	117
243	117
60	118
75	118
115	118
194	118
268	118
47	121
115	121
23	122
89	122
140	122
253	122
260	122
266	122
35	123
72	123
83	123
97	123
170	123
176	123
276	123
286	123
131	124
151	124
228	124
236	124
285	124
191	125
90	126
199	126
203	126
219	126
83	127
121	127
183	127
238	127
286	127
136	128
218	128
247	128
228	129
115	130
145	130
152	130
266	130
38	131
64	131
125	131
204	131
44	132
69	132
133	132
178	132
269	132
105	133
136	133
149	133
185	133
192	133
300	133
150	134
162	134
231	134
284	134
300	134
92	135
95	135
97	135
141	135
140	136
259	136
282	136
100	137
25	138
182	138
204	138
226	138
199	139
246	139
52	140
142	140
290	140
81	142
182	142
185	142
194	142
96	143
107	143
136	143
151	143
173	143
279	143
300	143
87	144
99	144
104	144
109	144
114	144
122	144
162	144
179	144
268	144
300	144
41	145
53	145
197	145
200	145
204	145
232	145
241	146
64	147
71	147
74	147
87	147
220	147
261	147
279	147
289	147
135	148
232	148
240	148
267	148
129	149
189	149
256	149
290	149
57	150
107	150
117	151
168	151
34	152
83	152
161	152
179	152
202	152
232	152
242	152
250	152
29	153
100	153
198	153
216	153
93	154
209	154
76	155
102	155
107	155
58	156
172	156
192	156
222	156
227	156
298	156
305	156
306	156
294	158
70	159
93	159
99	159
118	159
133	159
198	159
227	159
232	159
51	160
80	160
123	160
188	160
208	160
247	160
197	161
275	161
85	162
119	162
62	163
128	163
130	163
224	163
234	163
238	163
267	163
85	164
273	164
98	165
151	165
175	165
219	165
255	165
91	166
183	166
301	166
304	166
41	167
142	167
170	167
172	167
254	167
31	168
57	168
68	168
135	168
155	168
157	168
189	168
219	168
232	168
248	168
48	169
177	169
274	169
198	170
32	171
63	171
107	171
155	171
211	171
290	171
48	172
61	172
91	172
123	172
269	172
274	172
41	173
97	173
177	173
186	173
114	174
188	174
37	175
89	175
108	176
135	176
61	177
209	177
247	177
254	177
280	177
148	178
219	178
274	178
277	178
129	179
133	179
148	179
222	179
273	179
296	179
92	180
153	180
305	180
104	181
115	181
296	181
57	182
74	182
123	182
141	182
253	182
258	182
289	182
73	183
120	183
142	183
169	183
222	183
277	183
104	184
227	184
183	185
225	185
285	185
30	186
194	186
199	186
258	186
74	187
87	187
158	187
161	187
168	187
180	187
216	187
218	187
265	187
271	187
273	187
96	188
123	188
133	188
225	188
148	189
212	189
232	189
242	189
250	189
49	190
80	190
107	190
113	190
153	190
250	190
297	190
304	190
99	191
118	191
223	191
225	191
278	191
289	191
31	192
119	192
228	192
93	193
54	195
90	195
116	195
139	195
162	195
265	195
111	196
184	196
188	196
195	196
269	196
277	196
79	197
126	197
145	197
214	197
304	197
269	198
276	198
64	199
127	199
131	199
143	199
32	200
46	200
168	200
250	200
253	200
262	200
264	200
59	201
105	201
177	201
188	201
196	201
205	201
226	201
231	201
269	201
161	202
194	202
200	202
241	202
54	203
81	203
111	203
212	203
245	203
81	204
106	204
161	204
97	205
126	205
166	205
177	205
273	205
194	206
240	206
76	207
217	207
224	207
244	207
303	207
32	208
88	208
166	208
234	208
282	208
300	208
73	209
74	209
97	209
148	209
150	209
285	209
106	210
107	210
66	211
69	211
262	211
153	212
162	212
164	212
244	212
264	212
271	212
197	213
202	213
206	213
224	213
250	213
299	213
103	214
142	214
170	214
196	214
213	214
229	214
233	214
285	214
71	215
83	215
110	215
116	215
148	215
60	216
77	216
187	216
192	216
242	216
258	216
264	216
278	216
127	217
145	217
193	217
197	217
271	217
276	217
283	217
65	218
111	218
124	218
175	218
218	218
236	218
299	218
64	219
79	219
134	219
161	219
301	221
38	222
186	222
227	222
133	223
204	223
250	223
276	223
167	224
215	224
220	224
253	224
256	224
267	224
56	225
45	226
73	226
145	226
62	227
168	227
239	227
296	227
128	228
189	228
220	228
180	229
198	229
210	229
76	230
197	230
88	231
174	231
218	231
97	232
134	232
140	232
225	232
163	233
282	233
148	234
181	234
186	234
197	234
205	234
260	234
292	234
38	235
213	235
85	236
112	236
189	236
193	236
269	236
119	237
142	237
169	237
64	238
140	238
259	238
273	238
103	239
229	239
251	239
53	240
66	240
93	240
148	240
154	240
162	240
241	240
263	240
295	240
104	241
254	241
109	242
135	242
155	242
186	242
187	242
192	242
207	242
213	242
117	243
135	243
98	244
244	244
119	246
236	246
254	246
280	246
105	247
192	247
196	247
38	248
131	248
137	248
150	248
179	248
200	248
48	249
65	249
73	249
81	249
85	249
94	249
96	249
127	249
157	249
166	249
170	249
244	249
262	249
263	249
273	249
274	249
285	249
183	250
185	250
218	250
267	250
99	251
112	251
115	251
189	251
250	251
200	253
66	254
194	254
206	254
210	254
218	254
254	254
256	254
99	255
101	255
106	255
63	256
70	256
75	256
211	256
235	256
240	256
54	257
59	257
155	257
163	257
175	257
182	257
151	258
161	258
251	258
101	260
105	260
91	261
130	261
137	261
193	261
220	261
227	261
277	261
293	261
70	262
113	262
198	262
290	262
296	262
64	263
93	263
128	263
213	263
251	263
85	264
177	264
219	264
256	264
79	265
215	265
171	266
227	266
242	266
208	267
99	268
138	268
145	268
153	268
155	268
198	268
293	269
78	270
113	270
175	270
194	270
220	270
223	270
60	271
173	271
189	271
194	271
256	271
142	272
208	272
213	272
233	272
214	273
262	274
95	275
142	275
256	275
79	276
86	276
89	276
130	276
147	276
151	276
206	276
224	276
231	276
246	276
264	276
248	277
295	277
81	278
141	278
188	278
253	278
292	278
129	279
165	279
174	279
193	279
279	279
146	280
194	280
197	280
217	280
141	281
151	281
210	281
104	282
87	283
96	283
127	283
174	283
224	283
231	283
253	283
64	284
116	284
129	284
178	284
219	284
225	284
63	285
77	285
171	285
257	285
269	285
193	286
241	287
277	287
87	288
177	288
199	288
200	289
208	290
218	290
225	290
105	291
122	291
163	291
253	291
254	291
265	291
81	292
92	292
131	292
151	292
65	293
74	294
179	294
249	294
184	295
185	295
208	295
200	296
202	296
85	297
93	297
244	297
268	297
112	299
287	299
183	301
208	301
110	302
160	302
191	302
200	302
207	302
278	302
107	303
120	303
160	303
283	303
127	304
172	304
177	304
248	304
221	306
227	306
226	307
187	308
257	308
121	309
127	309
140	309
209	309
240	309
252	309
285	309
109	310
126	310
131	310
180	310
238	310
113	311
115	312
166	312
169	312
187	312
228	312
259	312
140	313
168	313
264	313
227	314
150	315
264	315
120	316
126	316
259	316
183	317
203	317
240	317
191	318
196	318
108	319
235	319
266	319
109	320
278	321
121	322
227	322
167	323
217	323
266	323
174	325
177	325
209	325
269	325
151	326
183	326
211	326
115	327
136	327
181	327
196	327
285	327
186	328
284	328
109	329
120	329
135	329
271	329
153	330
237	330
144	331
142	332
212	332
206	333
268	333
113	334
270	334
180	335
252	335
188	336
224	336
287	336
164	337
217	337
229	337
259	337
281	337
133	338
224	338
275	338
276	338
285	338
152	339
155	339
239	339
118	340
123	340
145	341
196	341
202	341
216	341
224	341
288	341
169	342
253	342
161	343
184	343
215	343
266	343
260	344
184	345
146	346
188	346
251	346
174	347
168	348
207	348
260	349
163	351
165	351
167	351
184	351
195	351
198	351
203	351
204	351
217	351
223	351
242	351
140	352
145	352
159	352
173	352
178	352
186	352
192	352
209	352
210	352
213	352
233	352
239	352
254	352
274	352
