1075
131	13
130	15
91	16
119	16
125	19
131	21
76	23
90	24
134	24
106	25
82	26
103	26
72	27
73	27
80	27
147	27
143	29
88	30
89	32
71	33
117	33
67	34
135	34
69	35
140	35
76	36
71	37
95	37
148	37
152	37
160	37
170	37
90	38
107	38
150	38
76	40
109	42
140	45
183	45
129	46
96	47
193	47
89	49
55	50
109	50
55	51
158	51
64	52
84	52
158	52
93	53
193	54
184	55
119	56
125	56
165	56
95	57
109	57
104	58
200	58
173	59
125	60
156	60
165	60
177	60
178	60
91	61
144	61
167	61
114	62
54	64
93	65
167	65
200	65
62	66
72	66
124	66
156	67
182	67
150	68
195	68
205	68
99	69
144	69
44	70
45	70
64	70
193	70
130	71
29	72
58	72
115	72
194	72
218	73
94	74
108	74
144	76
72	77
204	77
52	78
38	79
79	79
84	79
117	79
131	79
132	79
138	79
158	79
194	79
196	79
121	80
154	80
171	80
69	82
189	82
23	83
43	83
44	83
175	83
31	85
208	85
76	86
91	86
118	86
206	86
180	87
77	88
146	88
48	89
100	89
64	90
117	90
142	90
144	90
181	90
52	91
21	92
35	92
135	92
193	92
83	93
177	93
68	94
217	94
96	95
73	96
89	96
150	96
56	97
88	97
124	97
33	98
117	98
21	99
49	101
159	101
194	101
204	101
44	102
61	102
70	102
114	102
216	102
34	103
82	103
117	103
195	103
60	104
97	104
218	104
229	106
211	107
86	108
205	108
134	109
153	110
160	111
162	111
188	111
200	111
44	112
98	112
102	112
127	112
128	112
140	112
152	112
162	112
173	112
198	112
218	112
24	113
86	113
140	113
155	113
227	113
94	116
38	117
59	117
163	117
192	117
106	118
132	118
311	119
46	121
72	121
159	122
263	122
35	123
112	123
147	123
177	123
190	123
287	123
289	123
295	123
51	124
137	124
235	124
79	126
274	126
105	127
130	127
246	127
257	127
92	128
194	128
302	128
56	129
168	129
184	130
200	130
285	130
65	132
147	132
159	132
200	132
212	132
307	132
57	133
121	133
158	133
180	133
227	133
284	134
302	134
132	135
192	135
252	135
262	135
282	135
107	136
111	136
228	136
234	136
270	136
293	136
282	137
102	138
119	138
161	138
199	138
30	139
179	140
208	140
274	140
65	141
148	141
194	141
243	141
271	141
146	142
191	142
53	143
78	143
95	143
114	143
167	143
234	143
123	144
148	144
223	144
300	144
91	145
134	145
140	145
191	145
172	146
243	146
260	146
63	147
71	147
184	147
264	147
290	147
159	148
199	148
208	148
249	148
284	148
122	149
230	149
234	149
235	149
239	149
279	149
75	150
76	150
129	150
86	151
155	151
179	151
86	152
148	152
250	152
29	153
68	153
180	153
38	154
172	154
59	155
108	155
170	155
189	155
197	155
236	155
239	155
88	156
113	156
212	156
119	157
136	157
275	157
29	158
86	158
145	158
182	158
267	158
268	158
27	159
45	159
50	159
68	159
76	159
80	159
110	159
92	160
146	160
154	160
197	160
203	160
258	160
215	161
218	161
50	162
240	162
73	163
141	163
142	163
233	163
238	163
273	163
278	163
38	164
101	164
113	164
204	164
212	164
92	165
294	165
80	166
135	166
233	166
304	166
47	167
124	167
220	167
43	168
128	168
138	168
188	168
197	168
200	168
279	168
211	169
226	169
246	169
262	169
57	170
91	170
109	170
154	170
63	171
89	171
97	171
261	171
282	171
183	172
249	172
293	172
124	173
199	173
233	173
50	174
112	174
185	174
237	174
304	174
184	175
267	175
31	177
51	177
158	177
227	177
261	177
264	177
30	178
83	178
149	178
154	178
178	178
188	178
193	178
285	178
288	178
217	179
273	179
296	179
84	180
196	180
200	180
242	180
250	180
131	181
132	181
163	181
175	181
192	181
235	181
68	183
91	183
209	183
227	183
141	184
30	185
51	185
116	185
141	185
173	185
213	185
236	185
241	185
289	185
305	185
91	186
114	186
171	186
221	186
227	186
65	187
82	187
149	187
164	187
186	187
259	187
271	187
205	188
227	188
235	189
81	190
102	190
148	190
249	190
251	190
299	190
303	190
151	191
155	191
171	191
141	192
182	192
241	192
52	193
145	193
191	193
201	193
237	193
162	194
177	194
221	194
271	194
52	195
78	195
152	195
155	195
163	195
229	195
263	195
88	196
93	196
62	197
90	197
146	197
150	197
168	198
189	198
237	198
288	198
289	198
52	199
100	199
110	199
143	199
150	199
160	199
172	199
177	199
178	199
202	199
251	199
295	199
61	200
70	200
207	200
218	200
249	200
98	201
154	201
194	201
149	202
154	202
155	202
208	202
87	203
124	203
262	203
279	203
218	204
224	204
263	204
276	204
159	205
249	205
122	206
241	206
115	207
138	207
153	207
194	207
242	208
293	208
52	209
167	209
235	209
263	209
283	209
80	210
97	210
107	210
157	210
32	211
126	211
237	211
70	212
129	212
208	212
255	212
210	213
219	213
85	214
91	214
103	214
183	214
186	214
298	214
302	214
60	215
118	215
255	215
211	216
109	217
115	217
177	217
242	217
94	218
164	218
260	218
279	218
72	219
77	219
136	219
173	219
300	219
61	220
152	220
227	220
297	220
147	221
144	222
156	222
173	222
184	222
188	222
253	222
285	222
69	223
82	223
84	223
121	223
157	223
255	223
56	224
95	224
129	224
185	224
213	224
221	224
251	224
265	224
283	224
116	225
102	226
112	226
189	226
193	226
292	226
119	227
144	227
294	227
69	228
128	228
231	228
237	228
264	228
300	228
174	229
238	229
63	230
102	230
140	230
167	230
174	230
246	230
35	231
67	231
86	231
97	231
157	231
185	231
217	231
261	231
226	232
283	232
35	233
120	233
197	233
203	233
218	233
254	233
293	233
45	234
67	234
178	234
235	234
276	235
83	236
124	236
142	236
258	236
77	238
157	238
212	238
258	238
53	239
58	239
112	239
129	240
153	240
120	241
161	241
185	241
219	241
177	242
194	242
283	242
286	242
298	242
74	243
202	243
133	244
123	246
64	247
168	247
177	247
246	247
38	248
62	248
115	248
122	248
133	248
145	248
153	248
195	248
200	248
296	248
47	249
90	249
224	249
294	249
82	250
157	250
278	250
128	251
171	251
184	251
193	251
217	251
248	251
264	251
260	253
267	253
110	254
132	254
201	254
229	254
73	255
141	255
182	255
184	255
278	255
142	256
235	256
247	256
119	257
44	258
125	258
163	258
166	258
194	258
122	259
37	260
55	260
106	260
222	260
226	260
293	260
184	261
188	261
44	262
64	262
141	262
228	262
243	262
296	262
166	263
168	263
196	263
279	263
99	264
117	264
131	264
177	264
54	265
122	265
222	265
113	266
148	266
224	266
266	266
270	266
94	267
241	267
259	267
81	268
188	268
209	268
133	269
292	269
212	270
259	270
288	270
41	271
136	271
178	271
234	271
286	271
292	271
142	272
164	272
277	272
69	273
91	273
148	273
274	273
89	274
203	274
124	275
127	275
247	275
261	275
266	275
54	276
96	276
179	276
108	277
130	277
166	277
213	277
254	277
281	277
52	278
94	278
134	278
136	278
142	278
152	278
195	278
253	278
272	278
294	278
163	279
179	279
101	280
198	280
96	281
114	281
132	282
247	282
53	283
120	283
189	283
41	284
58	284
63	284
118	284
248	284
41	285
70	285
145	285
183	285
118	286
134	286
153	286
159	286
105	287
111	287
125	287
170	287
92	288
233	288
270	288
277	288
232	289
256	289
260	289
277	289
46	290
57	290
192	290
196	290
216	290
272	290
97	291
134	292
46	293
109	293
118	293
198	293
237	293
239	293
117	294
181	294
203	294
137	295
150	295
209	295
280	295
80	296
100	296
155	296
170	296
191	296
256	296
45	297
53	297
75	297
108	297
219	297
244	297
284	297
122	299
126	299
86	300
93	300
100	300
80	301
90	301
108	301
128	301
277	301
104	303
108	303
149	303
161	303
170	303
263	303
70	304
163	304
195	304
264	304
270	304
277	304
80	305
91	305
273	305
116	306
176	306
180	306
226	306
254	306
85	307
241	307
256	307
128	308
150	308
242	308
150	309
163	309
200	309
206	309
91	310
92	310
101	310
103	310
104	310
109	310
123	310
164	310
251	310
270	310
111	311
202	311
211	311
220	311
257	311
262	311
109	312
145	312
192	312
271	312
141	313
146	313
227	313
63	314
80	314
79	315
172	315
185	315
189	315
88	316
92	316
100	316
104	316
106	316
190	316
209	316
202	317
209	317
242	317
164	318
256	318
95	319
99	319
106	319
148	319
157	319
160	319
173	319
123	320
144	320
273	320
274	320
94	321
100	321
136	322
153	322
160	322
166	322
100	324
213	325
87	326
132	326
142	326
258	326
269	326
77	327
137	327
205	327
253	327
273	327
153	328
180	328
125	329
193	329
269	329
271	329
143	330
153	330
171	330
239	330
112	331
117	331
227	331
258	331
275	331
194	332
204	332
254	332
260	332
157	333
143	334
269	334
119	335
147	336
180	336
210	336
252	336
124	337
137	337
173	337
187	337
159	338
165	338
239	338
178	339
196	339
118	340
123	341
151	341
203	341
217	341
255	341
119	342
129	342
136	342
127	343
208	343
236	344
189	345
198	345
208	345
217	345
121	346
152	346
172	346
184	346
127	347
193	347
252	347
139	348
207	350
233	350
184	351
217	351
259	351
160	352
165	352
172	352
203	352
204	352
212	352
216	352
233	352
243	352
252	352
