1046
136	21
125	22
126	22
131	22
107	23
151	29
117	30
120	30
135	30
136	30
141	34
129	35
140	36
175	37
176	37
181	37
141	38
148	38
119	40
126	40
163	40
169	40
161	41
212	41
181	43
122	44
169	44
186	44
198	44
148	45
204	45
98	46
99	46
176	46
106	48
203	49
129	50
141	51
179	52
197	52
93	54
212	54
148	56
98	57
105	57
197	58
81	59
146	59
225	59
234	59
114	60
235	60
82	61
121	61
181	61
137	62
104	63
192	64
126	65
99	66
132	66
153	66
238	66
105	68
190	68
83	69
201	69
235	69
110	71
123	72
157	72
96	73
90	74
157	74
189	74
141	76
182	77
130	78
149	78
163	78
108	79
194	79
101	80
210	80
228	80
236	80
233	81
77	82
208	82
139	83
152	83
158	83
184	83
119	84
210	84
228	84
83	85
233	85
98	86
188	86
147	87
190	87
245	87
139	88
185	88
241	88
84	90
159	90
173	90
86	91
112	91
83	92
143	92
93	93
118	93
147	93
231	93
214	94
241	94
194	95
249	95
117	96
85	97
167	98
84	99
99	99
127	99
222	99
196	100
258	100
154	101
174	101
246	101
73	102
94	102
147	102
247	102
257	102
91	103
105	103
117	103
141	103
161	103
209	103
231	103
258	103
149	104
81	105
98	106
238	107
96	108
132	109
222	109
97	110
110	110
155	110
163	110
177	110
65	111
103	111
123	111
139	111
172	111
189	111
194	111
76	112
161	112
211	112
219	112
155	113
200	113
87	114
235	114
129	115
147	115
200	115
236	115
55	116
87	116
97	116
140	116
169	116
186	116
196	116
95	117
163	117
46	120
111	120
226	120
76	121
220	121
225	121
130	122
148	122
234	122
275	122
23	123
40	123
59	123
64	123
75	123
84	123
87	123
101	123
132	123
151	123
154	123
174	123
176	123
51	124
138	124
164	124
213	124
220	124
35	125
37	125
81	126
177	126
202	126
52	127
73	128
145	128
205	128
220	128
225	128
287	128
134	129
157	129
169	129
170	129
182	129
191	129
286	129
155	130
220	130
274	130
97	131
121	132
188	133
198	133
207	133
57	134
72	134
86	134
172	134
35	135
43	135
46	135
57	135
62	135
191	135
205	135
232	135
258	135
26	136
62	136
146	136
151	136
233	136
280	136
32	137
153	137
224	137
225	137
264	137
283	137
305	137
74	139
76	139
275	139
90	140
208	140
106	141
128	141
162	141
179	141
264	141
52	142
166	142
192	142
273	142
66	143
231	143
40	144
172	144
200	144
237	144
273	144
91	145
107	145
109	145
163	145
191	145
206	145
214	145
228	145
220	146
243	146
247	146
64	147
74	147
82	147
91	147
103	147
105	147
144	147
243	147
289	147
93	148
88	149
135	149
181	149
279	149
299	149
57	150
58	150
128	150
132	150
193	150
221	150
272	150
300	150
82	151
99	151
110	151
50	152
120	152
164	152
167	152
198	152
214	152
265	152
269	152
29	153
172	153
38	154
74	154
88	154
114	154
158	154
237	154
60	155
113	155
171	155
286	155
50	156
192	156
237	156
242	156
136	157
269	157
134	158
212	158
222	158
249	158
254	158
265	158
44	159
45	159
86	159
91	159
147	159
215	159
242	159
247	159
75	160
115	160
175	160
198	160
204	160
234	160
82	161
150	162
156	162
248	162
51	163
103	163
128	163
150	163
205	163
234	163
254	163
271	163
61	164
118	164
128	164
241	164
44	165
167	165
289	165
124	166
156	166
166	166
211	166
222	166
234	166
288	166
304	166
67	167
88	167
125	167
138	167
56	168
131	168
202	168
224	168
254	169
192	170
211	170
259	170
278	170
122	171
135	171
163	171
167	171
278	171
290	171
300	171
59	172
234	172
244	172
47	173
76	173
77	173
84	173
116	173
114	174
128	174
173	175
177	175
49	176
88	176
90	176
136	176
176	176
305	176
31	177
66	177
100	177
150	177
210	177
253	177
29	178
163	178
199	178
209	178
267	178
185	179
274	179
281	179
296	179
72	180
104	180
60	181
85	181
97	181
107	181
143	181
175	181
192	181
195	181
225	181
55	182
159	182
209	182
259	182
265	182
289	182
295	182
123	183
239	183
246	183
169	184
249	184
251	184
72	185
138	185
298	185
75	186
103	186
109	186
166	186
168	186
181	186
182	186
208	186
97	187
176	187
196	187
222	187
281	187
84	189
231	189
249	189
168	190
196	190
211	190
254	190
77	191
83	191
104	191
136	191
181	191
198	191
31	192
52	192
100	192
108	192
126	192
163	192
194	192
241	192
255	192
298	192
106	193
113	193
222	193
42	194
135	194
93	195
113	195
147	195
173	195
183	195
121	196
125	196
138	196
235	196
89	197
93	197
203	197
279	197
288	197
190	198
219	198
229	198
73	199
259	199
282	199
289	199
66	200
98	200
174	200
185	200
188	200
200	200
253	200
95	201
125	201
132	201
46	202
87	202
147	202
153	202
303	202
82	203
104	203
122	203
154	203
208	203
259	203
297	203
111	204
138	204
179	204
196	204
204	205
208	205
215	205
241	205
251	205
90	206
95	206
153	206
223	206
32	207
60	207
147	207
199	207
293	207
301	207
51	208
54	208
179	208
181	208
249	208
293	208
84	209
191	209
82	210
112	210
65	211
67	211
76	211
199	211
262	211
92	212
137	212
218	212
224	212
109	213
142	213
147	213
282	213
126	214
167	214
169	214
194	214
249	214
290	214
299	214
302	214
84	215
151	215
209	215
212	216
74	217
76	217
119	217
197	217
105	218
157	218
197	218
254	218
52	219
242	219
259	219
300	219
65	220
213	220
38	221
81	221
83	221
136	221
152	221
163	221
174	221
186	221
142	222
203	222
208	222
221	222
224	223
232	223
287	223
105	224
110	224
257	224
269	224
286	224
97	225
167	226
173	226
232	226
275	226
197	227
216	227
240	227
63	228
125	228
174	228
216	228
148	229
159	229
192	229
193	230
128	231
210	231
249	231
67	232
76	232
92	232
181	232
210	232
250	232
91	233
224	233
284	233
294	233
172	234
236	234
169	235
224	235
136	237
143	237
147	237
235	237
81	238
125	238
158	238
226	238
264	238
79	239
91	239
231	239
260	239
53	240
63	240
86	240
97	240
112	240
150	240
194	240
219	240
279	240
53	241
68	241
169	241
219	241
281	241
102	242
224	242
135	243
233	243
150	245
85	246
100	246
55	247
101	247
117	247
133	247
157	247
169	247
180	247
225	247
230	247
140	248
145	248
181	248
195	248
224	248
254	248
90	249
110	249
149	249
236	249
271	249
296	249
298	249
73	250
134	250
237	250
266	250
277	250
191	252
224	252
91	253
210	253
232	253
175	254
218	254
222	254
261	254
53	255
128	255
156	255
227	255
241	255
69	256
76	256
80	256
150	256
170	256
54	257
118	257
129	257
166	257
155	258
166	258
200	258
210	258
59	259
80	259
214	259
263	259
158	260
122	261
177	261
183	261
189	261
103	262
169	262
233	262
237	262
244	262
254	262
63	263
70	263
167	263
122	264
129	264
177	264
53	265
154	265
157	265
53	266
91	266
129	266
149	266
196	266
198	266
262	266
189	267
225	267
266	267
269	267
86	268
97	268
159	268
208	268
56	269
87	269
179	269
234	269
242	269
237	270
250	270
274	270
137	271
97	272
174	272
236	274
125	275
193	275
212	275
93	276
105	276
179	276
185	276
244	276
56	277
78	277
60	278
138	278
263	278
269	278
286	278
294	278
84	279
163	279
194	279
93	280
131	281
172	281
221	282
224	282
187	283
203	283
213	283
165	284
236	284
255	284
136	285
249	285
117	286
153	286
221	286
198	287
153	288
167	288
169	288
253	288
276	288
140	289
187	289
145	290
231	290
166	291
214	291
254	291
107	293
125	293
241	293
198	294
227	294
273	294
292	294
196	295
141	296
142	296
153	296
188	296
247	296
117	297
154	297
157	297
179	297
245	297
134	298
170	298
185	299
288	299
288	300
176	301
213	301
231	301
134	302
201	303
127	304
220	304
153	305
187	305
213	305
218	306
234	306
241	306
275	306
135	307
148	307
165	307
180	307
190	307
110	308
210	308
247	308
134	309
148	310
292	310
122	311
140	311
144	311
219	311
230	311
136	312
165	312
196	312
153	313
155	313
185	314
188	314
146	315
178	315
252	315
165	316
170	316
247	316
251	316
153	317
164	317
245	317
264	317
112	318
236	318
116	319
126	319
133	319
171	319
204	319
252	319
109	320
126	320
158	322
164	322
169	322
176	322
192	322
218	322
224	322
245	322
141	323
182	323
198	323
188	324
192	324
228	324
122	325
127	325
128	325
133	326
158	326
180	326
182	326
150	327
198	327
203	327
222	327
284	327
193	328
284	328
188	329
140	331
256	331
118	332
126	332
155	332
160	332
167	332
172	332
177	332
179	332
189	332
192	332
220	332
280	332
263	333
203	334
171	335
187	335
230	335
275	335
209	336
248	336
271	336
287	336
224	337
275	337
130	338
195	339
243	339
137	340
141	340
179	340
188	340
255	340
123	341
176	341
183	341
187	341
217	342
282	343
283	343
146	344
177	345
121	346
137	346
153	347
138	348
201	348
197	350
180	351
212	351
214	351
230	351
240	351
263	351
162	352
166	352
177	352
198	352
222	352
226	352
235	352
239	352
245	352
249	352
264	352
