1046
157	51
171	55
188	55
177	60
185	60
161	61
173	61
185	65
159	66
161	66
168	66
176	67
204	69
187	74
206	74
217	76
172	77
156	80
208	80
217	80
172	81
179	81
205	81
150	83
163	83
145	84
151	84
183	85
196	86
140	90
154	91
147	92
215	94
227	95
228	95
147	97
166	97
192	97
122	98
132	98
180	99
182	99
192	99
210	99
102	100
142	100
214	100
100	101
202	101
225	101
127	102
81	104
122	104
78	105
80	105
193	105
197	105
243	105
195	106
214	106
224	106
221	107
240	108
171	109
66	110
178	110
212	110
87	111
117	111
138	111
177	111
97	112
221	112
229	112
237	112
101	113
108	113
192	113
244	113
126	114
240	114
248	114
252	114
255	114
260	114
261	114
229	115
95	117
140	117
177	117
179	117
59	118
67	118
199	118
268	118
169	119
268	119
45	120
74	120
189	120
240	120
71	121
101	121
114	121
125	121
134	121
158	121
214	121
126	122
208	122
253	122
40	123
50	123
100	123
151	123
190	123
229	123
236	123
270	123
274	123
142	124
243	124
37	125
100	125
204	126
69	127
81	127
178	127
251	127
105	128
58	129
177	129
236	129
185	130
284	130
25	131
44	131
153	131
218	131
226	131
270	131
307	131
38	132
84	132
130	132
138	132
145	132
175	132
204	132
23	133
113	133
125	133
132	133
147	133
160	133
163	133
172	133
195	133
226	133
271	133
124	134
244	134
248	134
301	134
210	135
262	135
282	135
93	136
114	136
143	136
189	136
293	136
43	137
79	137
282	137
131	138
198	138
305	138
56	139
66	139
275	139
311	139
210	140
270	140
225	141
243	141
306	141
24	142
52	142
124	142
173	142
42	143
63	143
114	143
161	143
200	143
37	144
98	144
102	144
190	144
226	144
299	144
205	145
91	146
152	146
154	146
259	146
74	147
128	147
63	148
78	148
83	148
98	148
211	148
264	148
285	148
289	148
54	149
81	149
102	149
116	149
242	149
279	149
28	150
147	150
164	150
271	150
299	150
60	151
111	151
177	151
185	151
35	152
50	152
105	152
156	152
200	152
213	152
225	152
247	152
66	153
218	153
127	155
173	155
305	155
72	156
112	156
116	156
127	156
145	156
149	156
159	156
164	156
182	156
234	156
240	156
262	156
269	156
275	156
147	157
155	157
249	157
106	158
134	158
200	158
221	158
44	159
204	159
30	160
85	160
97	160
200	160
203	160
233	160
256	160
295	160
28	161
93	161
166	161
122	162
148	162
271	162
279	162
40	163
51	163
233	163
240	163
264	164
55	165
115	165
249	165
254	165
62	166
178	166
214	166
288	166
304	166
28	167
131	167
227	167
45	168
47	168
92	168
124	168
200	168
53	169
55	169
80	169
82	169
157	170
170	170
184	170
190	170
29	171
60	171
98	171
208	171
222	171
225	171
234	171
239	171
257	171
267	171
291	171
300	171
96	172
115	172
128	172
256	172
288	172
295	172
35	173
41	173
103	173
130	173
152	173
67	174
107	174
109	174
227	174
84	175
115	175
136	175
183	175
200	175
213	175
304	175
305	175
49	176
73	176
74	176
144	176
207	176
65	177
100	177
118	177
170	177
78	178
177	178
278	178
285	178
287	178
100	179
104	179
169	179
203	179
227	179
232	179
269	179
273	179
275	179
296	179
39	180
305	180
59	181
142	181
185	181
212	181
55	182
189	182
289	182
295	182
91	183
132	183
256	183
268	183
35	184
129	184
131	184
142	184
245	184
298	184
102	185
104	185
67	186
71	186
152	186
251	186
162	187
190	187
219	187
45	188
106	188
123	188
133	188
142	188
203	188
209	188
232	188
237	188
243	188
273	188
274	188
210	189
223	189
80	190
159	190
183	190
276	190
299	190
300	190
152	191
251	191
259	191
72	192
88	192
111	192
116	192
118	192
197	192
292	192
192	193
219	193
288	193
304	193
43	194
140	194
223	194
259	194
201	195
243	195
98	196
122	196
128	196
249	196
265	196
269	196
280	196
63	197
169	197
210	197
231	197
66	198
74	198
129	198
165	198
174	198
203	198
272	198
278	198
31	199
56	199
80	199
146	199
156	199
193	199
249	199
94	200
151	200
155	200
229	200
231	200
255	200
51	201
179	201
282	201
289	201
91	202
207	202
209	202
233	202
277	202
87	203
66	204
172	204
201	204
239	204
122	205
186	205
213	205
98	206
109	206
137	206
141	206
173	206
195	206
272	206
276	206
277	206
287	206
63	207
153	207
166	207
189	207
227	207
228	207
232	207
272	207
293	207
301	207
98	208
84	209
264	209
206	210
254	210
157	211
280	211
282	211
77	212
91	212
121	212
169	212
171	212
187	212
195	212
222	212
226	212
65	213
110	213
141	213
175	213
203	213
204	213
214	213
218	213
221	213
105	214
108	214
122	214
126	214
267	214
302	214
76	215
252	216
34	217
100	217
150	217
176	217
190	217
243	217
279	217
290	217
205	218
218	218
222	218
243	218
249	218
257	218
267	218
272	218
53	219
97	219
123	219
131	219
141	219
131	221
189	221
234	221
201	222
39	223
72	223
97	223
114	223
147	223
175	223
243	223
283	223
75	224
135	224
159	224
168	224
186	224
205	224
216	224
105	225
152	225
216	225
247	225
266	225
291	225
59	226
96	226
275	226
296	226
187	227
257	227
51	228
90	228
91	228
121	228
147	228
276	228
127	229
166	229
249	229
262	229
46	230
51	230
108	230
135	230
195	230
225	230
84	231
158	231
202	231
231	231
88	232
179	232
183	232
68	233
284	233
74	234
208	234
294	234
204	235
226	236
238	236
254	236
105	237
176	237
244	237
262	237
185	238
112	239
147	239
155	240
164	240
204	240
213	240
219	240
52	241
87	241
178	241
183	241
210	241
96	242
136	242
300	242
73	243
82	243
101	243
128	243
142	243
145	243
167	244
187	244
165	245
115	246
154	246
178	246
235	246
241	246
55	247
67	247
83	247
97	247
101	247
102	247
136	247
141	247
145	247
165	247
177	247
180	247
189	247
210	247
215	247
224	247
290	247
68	248
76	248
109	248
157	248
283	248
68	249
69	249
146	249
210	249
228	249
295	249
221	250
103	251
124	251
199	251
202	251
266	251
127	252
133	252
189	252
256	252
52	253
68	253
113	253
140	253
145	253
244	253
249	253
279	253
109	254
111	254
228	254
233	254
256	254
163	255
252	255
70	256
133	256
138	256
171	256
61	257
151	257
156	257
219	257
225	257
54	259
89	259
257	259
187	260
205	260
186	261
273	261
284	261
290	261
290	262
171	263
211	263
229	263
156	264
197	264
177	265
263	265
52	266
259	266
135	267
269	267
78	268
95	268
254	268
56	269
86	269
112	269
141	269
142	269
201	269
210	269
223	269
245	269
288	269
69	270
85	270
95	270
119	270
257	270
280	270
61	271
134	271
159	271
164	271
211	271
163	272
287	272
69	274
112	274
178	274
194	274
222	274
114	275
211	275
231	275
257	275
99	276
163	276
217	276
266	276
269	276
281	276
59	277
76	277
85	277
144	277
249	277
274	277
290	277
60	278
187	278
226	278
239	278
241	278
283	279
290	279
80	280
108	280
168	280
181	280
213	280
89	281
133	281
152	281
158	281
175	281
194	281
252	281
53	282
81	282
163	282
172	282
274	282
151	283
242	283
252	283
226	284
70	285
126	285
190	285
192	285
206	285
250	285
260	285
281	285
78	286
122	286
133	286
180	286
188	286
239	286
77	287
110	287
230	287
86	288
171	288
214	288
282	288
292	288
145	289
166	289
85	290
214	290
290	290
93	291
108	291
189	291
66	292
211	292
239	292
70	293
223	294
250	294
251	294
219	295
280	295
164	296
199	296
206	296
244	296
132	297
135	297
158	298
255	298
83	299
231	299
283	299
286	299
204	300
64	301
98	301
101	301
103	301
123	301
144	301
239	301
129	302
135	302
137	302
170	302
179	303
251	303
87	304
239	304
105	305
144	305
154	305
249	305
79	306
111	306
115	306
145	306
179	306
207	307
211	307
185	308
233	308
127	309
221	309
254	309
134	310
268	310
121	311
155	311
204	311
119	312
120	312
144	312
147	312
142	313
168	313
80	314
161	314
211	314
216	314
193	315
211	315
129	316
185	316
186	316
205	316
252	316
133	317
240	317
114	318
204	318
227	318
95	319
100	319
257	319
275	319
112	320
159	320
168	320
177	320
245	320
271	320
281	320
282	320
71	321
72	321
147	321
153	321
196	321
77	322
160	322
205	323
120	324
127	324
132	324
231	325
235	325
86	326
187	326
103	327
108	327
137	327
200	327
228	327
266	327
272	327
198	328
238	328
132	329
137	329
152	329
156	329
165	329
173	329
196	329
138	330
144	330
187	330
260	331
275	332
118	333
248	334
272	334
275	334
111	335
166	335
185	335
230	335
259	336
124	337
126	337
144	337
182	337
154	338
175	338
276	338
281	338
136	339
161	339
188	339
252	339
113	340
195	340
207	340
204	341
113	342
122	342
164	342
282	343
283	343
154	344
189	344
200	344
131	345
134	345
180	345
153	346
180	346
187	346
250	346
112	347
137	347
147	347
158	348
187	348
191	348
215	348
161	349
195	350
198	350
199	350
232	350
259	350
137	351
215	351
234	351
247	351
274	351
129	352
139	352
145	352
147	352
209	352
215	352
239	352
254	352
255	352
