974
127	22
130	22
140	23
111	26
140	27
90	28
114	28
128	29
114	32
128	33
137	34
128	37
103	39
86	40
158	42
122	43
112	44
169	44
93	45
203	45
110	48
176	48
103	49
198	49
202	49
129	50
150	50
182	51
192	51
162	52
170	52
177	52
108	53
111	53
90	55
130	55
135	55
96	56
99	56
150	56
125	57
142	57
215	57
119	59
75	60
185	60
198	60
114	61
86	62
133	63
144	63
163	63
131	64
111	65
150	65
132	66
146	66
206	66
169	68
188	68
197	68
228	68
76	69
107	70
170	70
90	71
182	71
89	72
101	72
193	72
107	73
139	73
90	74
112	74
140	74
153	74
220	75
165	76
83	77
96	77
110	77
112	77
175	77
194	77
209	77
71	78
76	78
85	78
115	78
125	78
134	78
122	79
238	79
219	80
224	80
238	80
115	81
186	81
91	82
107	82
152	82
188	82
194	82
199	82
78	83
233	83
84	84
176	84
137	85
96	87
123	87
171	87
185	87
112	88
131	88
108	89
147	89
73	90
83	90
89	90
97	90
111	90
131	90
87	91
133	91
216	91
223	91
64	92
74	92
239	92
88	93
111	94
95	95
131	95
172	95
180	95
188	95
193	95
253	95
165	96
174	96
191	96
250	96
165	97
82	98
136	98
96	99
136	99
142	99
149	99
123	100
129	100
143	100
177	100
191	100
240	100
74	101
89	102
177	102
101	103
251	103
183	104
128	106
142	106
160	106
169	106
194	107
137	108
257	108
154	109
180	109
238	109
94	110
138	110
151	110
206	110
104	111
162	111
177	111
246	111
158	112
193	112
87	113
63	114
74	114
114	114
118	114
85	115
170	115
98	116
153	116
59	118
211	118
213	118
237	119
255	119
62	120
64	120
76	120
176	120
242	120
47	121
210	121
77	122
151	122
161	122
254	122
261	122
35	123
40	123
102	123
124	123
194	123
51	124
94	124
156	125
203	125
194	126
229	126
83	127
98	127
152	127
174	127
182	127
235	127
74	128
129	128
133	128
223	128
228	128
144	129
211	129
222	129
189	130
44	131
270	131
27	132
62	132
77	132
125	133
164	133
229	133
100	134
120	134
173	134
202	134
229	134
235	134
284	134
138	135
151	135
180	135
196	135
209	135
244	135
261	135
280	135
123	136
182	136
217	136
261	136
283	136
42	138
65	138
283	138
132	139
140	139
275	140
38	141
152	141
189	141
229	141
236	141
269	141
25	142
126	142
143	142
163	142
176	142
249	142
291	142
35	143
53	143
104	143
149	143
225	143
229	143
100	144
196	144
73	145
45	146
150	146
209	146
214	146
234	146
249	146
44	147
132	147
234	147
240	147
64	148
162	148
168	148
185	148
257	148
284	148
289	148
100	149
118	149
136	149
151	149
175	149
177	149
187	149
279	149
71	150
72	150
124	150
137	150
158	150
193	150
270	150
59	151
113	151
166	151
199	151
202	151
223	151
228	151
50	152
34	153
227	153
87	154
95	155
126	155
214	155
95	156
182	156
193	156
77	157
79	157
106	157
130	157
256	157
268	157
275	157
105	158
207	158
222	158
227	158
297	158
45	159
50	159
125	159
232	159
267	159
295	159
82	160
204	160
261	160
105	162
166	162
175	162
181	162
39	163
108	163
117	163
158	163
159	163
188	163
232	163
254	163
260	163
279	163
240	164
45	165
53	165
70	165
243	165
245	165
289	165
145	166
260	166
266	166
288	166
66	167
87	167
88	167
102	167
153	167
155	167
164	167
178	167
197	167
42	168
89	168
218	168
212	169
225	169
227	169
277	169
278	169
172	170
247	170
186	171
228	171
243	171
30	172
82	172
108	172
188	172
250	172
273	172
282	172
288	172
35	173
41	173
64	173
66	173
105	173
126	173
169	173
179	173
197	173
157	174
175	174
260	174
263	174
82	175
235	175
49	176
122	176
125	176
187	176
94	177
101	178
110	178
128	178
228	178
234	178
278	178
75	179
85	179
149	179
206	179
31	181
67	181
98	181
143	181
182	181
190	181
182	182
257	182
123	183
160	183
241	183
264	183
73	184
78	184
119	184
72	185
73	185
166	185
265	185
97	186
129	186
190	186
235	186
276	186
66	187
105	187
131	187
135	187
160	187
239	187
241	187
245	187
248	187
252	187
270	187
285	187
49	188
83	188
208	188
224	188
82	189
142	189
145	189
147	190
152	190
180	190
87	191
126	191
152	191
224	191
292	191
73	192
292	192
53	193
71	193
117	193
164	193
174	193
175	193
199	194
200	194
43	195
87	195
96	195
139	195
168	196
180	196
205	196
279	196
124	197
222	197
288	197
71	198
145	198
294	198
31	199
56	199
73	199
77	199
130	199
140	199
174	199
229	199
234	199
252	199
67	200
68	200
154	200
197	200
99	201
197	201
257	201
282	201
92	202
72	203
96	203
128	203
174	203
277	203
150	204
167	204
202	204
57	205
88	205
90	205
122	205
154	205
158	205
172	205
195	205
179	206
180	206
207	206
209	206
32	207
293	207
51	208
54	208
161	208
150	209
293	209
232	210
257	210
90	211
124	211
131	211
172	211
216	211
235	211
265	211
174	212
183	212
111	213
117	213
141	213
147	213
222	213
273	213
68	214
124	214
147	214
175	214
205	214
223	214
229	214
289	214
57	215
161	215
193	215
235	215
272	215
71	216
138	216
63	217
98	217
104	217
140	217
147	217
277	217
87	218
98	218
120	218
217	218
239	218
298	218
111	219
167	219
99	220
222	220
224	220
116	221
72	222
180	222
185	222
208	222
252	222
39	223
135	223
229	223
231	223
284	223
104	224
123	224
146	224
263	224
60	225
65	225
96	225
108	225
131	225
205	225
47	226
61	226
152	226
157	226
229	226
294	226
43	227
116	227
158	229
189	229
219	229
221	229
253	229
50	230
66	230
97	230
138	230
209	230
77	231
137	231
202	231
67	232
121	232
138	232
195	232
278	232
300	232
162	233
168	233
195	233
46	234
57	234
157	234
162	234
214	234
218	234
249	234
252	234
285	234
293	234
58	235
177	235
258	235
267	235
291	235
75	236
206	236
274	236
168	237
264	237
107	238
172	238
200	238
202	238
61	239
184	239
240	239
296	239
45	240
78	240
135	240
143	240
157	240
165	240
212	240
52	241
80	241
147	241
157	241
183	241
208	241
218	241
244	241
247	241
283	241
110	242
120	242
149	242
154	242
166	242
218	243
159	244
252	244
235	245
261	245
76	246
116	247
144	247
152	247
204	247
243	247
42	248
101	248
171	248
261	248
273	248
282	248
197	249
298	249
47	250
111	250
133	250
181	250
212	250
277	250
294	250
93	251
152	251
180	251
181	251
192	251
209	251
180	252
181	252
250	252
267	252
210	253
50	254
202	254
220	254
231	254
106	256
111	256
113	256
256	256
192	257
114	258
127	258
145	258
242	258
101	259
190	259
221	259
225	259
100	260
128	260
141	260
152	260
161	260
166	260
293	260
184	261
243	261
265	261
105	262
142	262
205	262
272	262
290	262
210	263
114	264
121	264
283	264
109	266
120	266
135	266
199	266
153	267
157	267
196	267
141	268
249	268
293	268
184	269
135	270
139	270
170	271
208	271
88	272
165	272
213	274
222	274
121	275
139	275
142	275
147	275
161	275
169	275
235	275
134	276
152	276
161	276
244	276
294	276
131	277
179	277
206	278
229	278
179	279
249	280
121	281
201	281
138	282
157	282
168	282
164	283
118	284
143	284
104	285
190	285
201	285
207	285
105	286
182	286
124	287
292	287
144	288
175	288
208	288
168	289
195	289
199	289
126	290
131	291
138	291
150	291
162	291
174	291
110	292
138	293
117	294
292	294
108	295
182	295
242	295
126	297
193	297
247	297
118	298
148	298
166	298
225	298
125	299
153	299
210	299
233	299
288	299
234	301
148	302
152	302
284	302
109	303
115	304
214	304
292	304
176	305
227	306
165	307
134	309
227	309
148	310
152	310
209	310
165	311
238	311
232	312
191	313
193	313
239	313
168	315
173	316
175	316
202	316
163	318
197	318
145	319
154	319
155	320
229	320
185	321
191	321
181	322
176	323
225	323
221	324
288	324
186	325
188	325
289	325
226	326
145	327
176	327
200	327
273	327
266	328
284	328
195	329
147	330
189	330
200	330
215	330
281	330
197	331
202	331
224	332
275	333
273	334
210	335
147	336
197	336
199	336
245	336
287	336
224	337
275	338
173	339
277	339
148	340
159	340
195	340
240	340
187	341
288	341
234	342
179	343
252	343
256	343
282	343
283	343
267	344
275	344
268	345
261	346
194	348
274	349
275	349
248	350
254	350
219	351
230	351
243	351
205	352
207	352
230	352
236	352
246	352
258	352
266	352
