505
240	21
230	22
229	24
244	26
211	27
250	27
264	28
270	29
236	31
234	33
253	33
260	33
272	33
284	33
285	33
251	34
261	34
235	35
288	36
289	36
181	38
282	40
196	41
188	42
281	42
169	45
270	46
169	47
179	47
237	47
249	48
229	51
245	51
189	52
197	52
296	52
160	53
188	54
201	56
289	57
201	58
212	58
152	59
204	59
267	59
273	59
306	59
258	60
241	61
242	63
143	66
191	66
199	66
207	66
290	67
167	68
190	68
212	68
281	70
172	71
242	71
199	72
262	72
230	73
304	73
263	75
144	77
231	77
299	78
226	79
218	80
283	80
307	81
137	82
262	83
142	89
174	89
314	90
249	92
291	92
150	96
283	96
304	96
243	97
299	97
128	98
138	98
229	98
291	101
183	103
289	103
186	104
201	106
281	106
122	110
162	111
137	113
205	113
135	115
160	117
198	118
285	118
116	121
183	121
294	122
302	122
184	123
259	123
243	124
168	126
128	127
133	127
253	128
253	130
85	131
269	131
111	132
175	132
262	132
281	133
187	134
76	136
78	136
229	136
238	136
246	136
259	136
292	136
77	137
88	137
263	137
51	138
62	138
78	138
105	138
262	138
275	139
311	139
69	141
183	142
144	143
182	143
96	144
114	144
300	144
298	146
310	146
44	147
63	148
226	148
231	148
255	148
258	148
148	149
99	150
102	150
57	151
90	151
293	151
81	152
163	152
264	153
265	153
304	153
41	154
48	154
154	154
60	156
132	156
242	156
288	156
68	157
96	157
97	157
187	157
205	157
260	157
44	158
194	158
298	159
229	160
271	160
308	160
190	161
238	161
50	162
171	162
38	163
54	163
63	163
103	163
136	163
232	163
45	164
76	164
136	164
67	168
196	168
265	168
43	169
92	169
55	170
128	170
150	170
172	170
84	171
170	171
194	171
206	171
223	171
277	171
107	172
156	174
217	174
268	174
307	174
49	177
182	178
207	178
217	178
77	179
256	179
41	180
90	181
256	181
277	181
204	182
226	182
229	182
265	182
211	183
45	184
68	184
198	184
265	184
44	185
36	186
133	186
161	186
173	186
167	187
240	187
37	188
45	188
96	188
108	188
112	188
213	188
250	188
156	189
124	190
133	190
245	190
254	190
49	191
305	191
156	192
255	192
103	193
78	194
145	194
200	194
264	194
40	195
105	195
120	195
152	195
171	195
227	195
233	195
242	195
44	196
60	196
93	196
85	198
164	198
218	198
131	199
225	199
33	200
99	200
249	200
267	200
99	201
105	201
120	201
181	201
268	201
298	202
54	203
64	203
145	203
246	203
249	203
73	204
227	204
234	204
117	205
196	205
256	205
95	207
117	207
179	207
227	207
249	207
254	207
59	208
228	208
242	208
303	208
127	209
146	209
247	209
84	210
292	210
248	211
256	211
268	211
86	212
108	212
111	212
235	212
68	215
103	215
145	215
157	215
47	216
63	216
93	217
210	217
216	217
57	218
164	218
298	218
56	219
231	219
262	219
67	221
82	221
233	221
200	224
217	224
257	224
167	225
268	225
272	225
291	225
71	226
191	226
78	227
275	227
63	228
216	228
166	231
286	231
150	232
223	232
74	233
101	233
125	233
110	234
194	234
260	234
58	235
58	236
101	236
235	236
283	236
93	237
296	237
93	239
61	240
117	240
277	240
81	241
162	241
194	241
237	241
194	242
107	246
273	246
55	247
124	247
135	247
260	247
284	247
64	248
116	249
159	249
195	249
100	250
116	250
142	250
149	250
208	250
229	251
280	251
288	252
292	252
109	254
133	254
83	255
101	255
148	255
106	256
275	256
122	257
209	257
230	257
154	258
292	258
116	259
167	261
270	261
99	262
197	262
160	263
106	264
108	265
166	265
283	266
85	267
265	267
282	271
193	272
265	275
274	277
88	278
295	278
88	281
201	281
102	282
253	282
96	283
268	283
102	284
126	286
290	287
258	289
91	291
92	291
132	291
201	291
182	292
100	295
167	296
112	298
244	298
214	299
234	302
109	303
185	303
293	303
228	304
215	306
244	306
265	306
121	307
132	307
243	307
128	308
234	308
94	310
228	310
271	310
256	311
255	313
292	313
256	314
262	316
103	323
190	323
260	323
178	324
290	324
171	325
197	328
203	328
190	330
147	331
210	334
153	335
288	341
220	342
267	342
102	343
271	344
284	345
258	346
287	346
112	347
166	347
190	347
231	347
122	351
221	351
224	351
225	351
231	351
259	351
277	351
228	352
246	352
263	352
266	352
