357
180	18
206	18
181	20
188	20
195	20
238	22
243	22
127	24
253	26
138	28
188	28
216	28
111	30
144	30
183	30
246	32
177	33
254	33
118	34
232	35
125	36
219	37
255	37
105	38
210	38
138	40
209	42
148	44
179	44
98	46
125	46
174	47
232	48
195	49
251	50
155	51
185	51
90	52
184	53
262	53
155	55
209	55
175	57
260	58
201	59
220	59
267	61
85	62
185	62
248	62
247	63
213	64
147	66
93	68
192	68
78	69
108	69
203	71
258	71
267	74
92	75
162	75
252	75
244	76
161	77
182	77
108	78
195	79
213	79
132	80
214	80
133	81
194	81
237	81
72	82
272	84
203	85
219	86
182	88
198	88
230	88
208	90
135	92
190	92
215	92
70	94
274	94
225	95
273	95
161	96
279	98
83	99
279	99
193	100
251	100
211	101
165	102
252	104
279	104
67	108
205	108
274	113
189	116
248	116
249	117
172	121
244	122
126	123
184	123
64	124
170	124
269	124
147	126
145	128
219	129
238	129
124	130
276	130
258	134
284	134
121	135
225	135
275	135
134	136
50	137
262	137
61	139
142	139
124	140
77	142
222	142
74	143
283	145
131	146
283	146
83	147
62	148
277	149
45	150
57	150
233	152
254	154
265	154
287	156
91	157
175	157
272	157
230	158
202	159
258	159
272	159
296	159
229	160
205	161
296	161
53	162
97	162
147	162
234	162
275	165
281	165
293	166
42	168
58	168
163	169
223	169
148	171
229	171
275	171
136	172
149	172
41	173
169	176
227	176
286	176
49	177
297	177
271	178
295	178
136	179
136	180
222	181
170	182
212	182
276	182
54	183
187	183
289	183
290	183
295	183
170	184
217	184
44	186
135	187
37	188
189	188
251	189
255	192
173	193
55	194
44	196
291	196
268	197
293	197
52	198
55	198
289	198
279	199
271	202
36	203
239	204
57	205
241	206
248	206
64	207
62	208
51	209
272	209
70	211
270	213
43	214
71	214
123	214
239	214
256	215
68	218
131	218
277	218
58	220
232	220
230	221
120	222
221	223
283	223
283	224
208	225
129	226
232	228
72	229
203	230
210	231
223	231
58	232
275	233
194	236
278	236
216	238
268	241
171	246
56	247
60	247
128	250
264	250
140	251
210	251
267	252
202	254
173	255
275	256
268	257
212	258
254	258
271	260
141	262
199	263
60	264
221	265
188	267
252	267
259	267
222	269
87	270
181	270
58	274
75	275
192	275
90	277
167	277
265	277
220	279
273	279
156	280
168	283
60	285
168	285
157	287
265	289
180	290
170	292
133	294
132	295
146	295
265	295
140	296
265	296
274	296
134	297
182	297
229	298
223	299
176	300
257	300
202	301
268	302
170	304
68	305
225	305
203	308
80	312
258	312
158	314
164	315
265	315
264	316
252	317
257	317
158	320
261	321
71	322
261	322
78	323
173	324
167	328
83	334
252	337
165	340
209	340
164	341
185	341
210	341
117	342
153	344
168	345
90	346
164	347
94	348
99	348
104	348
145	348
185	348
192	348
146	349
232	350
139	351
185	351
212	351
233	351
104	352
120	352
131	352
137	352
174	352
186	352
192	352
206	352
212	352
228	352
