441
238	12
221	15
211	16
227	22
244	22
176	24
182	24
191	24
194	25
213	27
208	29
248	31
171	32
184	34
169	37
243	37
223	38
270	38
197	39
212	39
220	40
267	41
135	42
206	43
261	43
239	47
157	48
238	49
134	50
207	50
239	50
225	52
163	53
187	53
263	54
228	55
125	58
184	58
248	58
156	60
283	60
228	61
116	62
130	62
266	62
159	65
144	68
276	68
216	69
111	72
142	73
268	73
277	78
194	79
107	82
275	82
207	84
285	84
110	86
215	86
165	88
293	91
128	92
109	94
97	95
219	96
274	96
203	98
260	99
132	101
267	101
91	102
163	102
253	103
152	104
292	105
252	107
207	108
87	111
289	111
87	112
246	112
256	112
273	112
152	114
207	115
195	116
196	117
223	117
89	118
240	118
190	120
191	121
88	122
109	122
230	122
281	122
168	123
294	123
309	123
80	124
298	124
300	124
83	126
162	126
204	126
196	128
260	128
244	131
73	132
304	132
307	132
310	134
84	135
78	136
209	136
217	136
260	136
51	138
196	138
254	138
255	139
60	141
264	141
205	142
269	142
284	142
307	142
308	142
79	143
237	143
287	143
75	144
189	144
53	145
299	145
116	147
62	148
64	148
185	148
198	148
279	148
130	149
206	149
245	151
47	152
192	152
232	153
48	154
67	154
265	154
60	155
65	155
123	155
183	155
190	155
233	155
306	155
269	156
304	156
61	157
227	157
125	158
230	159
297	159
149	160
182	160
50	161
184	161
231	161
281	161
89	162
206	162
53	163
64	163
167	163
285	163
58	164
155	164
157	164
172	164
194	164
128	165
247	166
305	166
227	168
301	168
43	169
56	169
59	169
250	169
188	170
156	172
142	174
102	175
135	175
249	175
306	176
49	177
97	177
195	177
297	177
40	178
259	178
134	179
183	179
205	179
254	179
270	179
146	180
273	180
277	180
120	181
151	181
228	181
237	181
101	182
243	182
263	182
209	183
295	183
46	184
88	185
158	185
263	185
44	186
70	186
45	187
58	187
64	187
85	187
221	187
144	188
268	188
183	189
229	189
252	189
177	191
234	191
253	191
305	191
297	192
53	193
75	193
169	193
217	193
304	193
55	194
64	194
160	194
66	195
226	195
60	196
169	196
67	197
91	197
253	197
102	198
218	198
229	198
181	199
301	199
293	200
63	201
149	201
64	202
218	203
240	203
292	203
298	203
304	203
167	204
60	205
68	205
183	205
158	206
244	206
183	207
222	207
226	207
231	208
255	208
210	209
303	209
110	210
128	210
144	211
266	211
63	212
205	213
299	213
68	214
133	214
231	214
271	214
106	215
184	215
203	216
226	216
143	217
281	218
233	219
246	219
289	219
197	220
258	221
221	222
252	223
268	223
276	224
71	225
58	226
204	226
244	226
274	226
293	226
249	227
261	227
294	227
300	227
299	228
185	229
66	230
74	230
83	231
195	231
261	231
157	232
284	232
83	233
151	233
251	234
185	235
244	235
203	237
66	238
89	238
218	239
296	240
238	241
288	241
71	242
222	242
192	244
63	247
64	247
233	247
264	247
136	248
84	249
297	249
267	251
142	252
154	252
63	253
227	253
249	253
133	256
241	256
251	258
284	259
142	260
228	261
154	263
282	265
71	266
234	266
283	266
227	269
291	269
151	274
295	276
282	277
135	278
290	278
295	278
212	279
287	280
264	282
150	284
73	285
235	285
294	287
108	289
241	289
269	290
92	291
97	291
179	291
210	292
226	292
261	292
210	294
71	295
86	295
190	295
233	295
281	295
97	296
291	296
180	297
203	298
230	303
274	303
278	305
180	306
75	307
271	309
280	313
158	314
273	316
153	317
239	321
80	328
89	333
184	335
237	337
178	338
170	340
259	342
229	344
190	345
166	346
191	346
153	348
114	349
119	350
180	350
146	351
174	351
203	351
205	351
219	351
237	351
249	351
128	352
167	352
197	352
213	352
219	352
234	352
