406
219	12
200	14
170	16
195	16
206	16
243	17
223	18
164	19
179	19
204	22
244	23
238	24
200	25
221	25
135	26
166	27
116	29
148	30
157	31
189	31
104	32
165	32
182	32
207	34
243	34
137	37
130	38
98	39
147	39
184	44
187	44
232	44
260	45
200	47
225	48
94	50
176	50
142	51
272	52
271	53
158	54
233	54
248	54
158	55
204	55
104	58
213	58
243	58
257	59
270	59
117	60
198	60
138	61
135	63
82	64
89	64
207	64
237	64
103	65
220	65
223	65
157	66
204	67
215	68
248	68
274	69
125	70
147	70
214	70
80	71
232	71
244	71
224	72
267	72
280	72
210	73
279	73
194	74
203	76
155	77
228	77
239	77
261	77
219	78
261	78
155	79
87	81
148	81
286	81
94	82
215	85
270	86
164	88
95	90
210	91
281	92
74	93
158	93
198	97
206	98
239	99
274	99
240	100
193	101
193	102
291	103
152	104
158	104
187	104
235	104
268	105
197	107
71	108
278	109
182	111
195	112
235	112
190	113
263	115
188	117
240	118
232	119
71	120
129	120
232	120
182	121
258	121
68	123
227	126
236	126
72	127
288	127
296	131
128	132
234	132
132	137
208	137
69	138
97	138
135	138
229	139
238	139
140	141
202	143
130	144
225	145
289	146
152	147
229	147
231	147
252	147
187	148
74	149
164	149
219	150
256	150
297	150
137	151
68	153
72	154
147	155
178	155
303	155
304	156
234	157
152	158
202	158
286	158
161	160
202	160
216	162
263	162
295	162
232	163
264	163
284	163
58	164
66	164
144	164
293	165
304	166
170	167
151	168
161	168
301	168
55	170
47	171
258	172
147	174
62	176
254	176
49	177
114	177
39	178
136	178
296	179
122	180
56	181
199	181
248	181
305	181
55	183
250	183
45	184
299	184
44	185
68	185
122	185
232	186
268	186
45	187
58	187
64	187
201	187
205	187
206	188
239	189
254	190
280	190
49	191
120	191
291	191
305	191
257	192
297	192
268	193
287	193
303	194
60	196
160	196
209	197
210	198
245	198
272	198
140	199
301	199
139	200
57	201
81	201
217	202
293	202
216	203
218	203
298	203
304	203
58	204
240	204
159	205
249	207
280	207
281	208
257	210
266	211
302	211
168	212
204	212
287	214
298	214
247	215
177	216
67	217
89	218
237	218
75	219
70	220
85	220
268	221
280	221
270	222
282	222
84	225
283	226
292	226
300	227
65	228
86	230
299	231
285	232
291	234
65	236
85	236
80	237
160	238
220	238
276	238
103	239
60	240
61	240
300	241
73	242
71	243
147	243
101	245
220	246
266	246
161	247
169	247
251	247
59	248
63	248
220	248
293	248
60	249
236	249
298	249
294	250
61	251
210	251
268	251
280	251
65	254
111	254
66	255
200	255
115	256
170	256
210	256
71	259
111	259
241	260
100	261
104	261
202	261
260	263
281	265
191	266
295	266
252	267
260	267
253	268
153	270
285	271
177	272
286	272
145	274
74	276
252	278
162	279
119	280
247	280
280	280
135	283
281	283
248	285
273	285
79	290
180	290
88	297
180	298
181	298
187	299
287	299
103	302
270	302
277	303
80	304
86	304
181	304
264	307
167	308
192	309
92	310
166	311
102	312
263	312
186	314
132	315
138	316
275	318
97	322
141	323
267	324
209	325
262	330
190	332
209	335
252	337
253	338
246	340
168	341
247	341
267	341
260	342
166	343
270	344
109	345
160	345
204	345
114	347
203	347
109	348
168	349
233	349
162	351
164	351
168	351
191	351
196	351
212	351
227	351
143	352
147	352
151	352
205	352
209	352
237	352
