496
207	8
200	13
190	15
175	18
220	18
213	19
143	20
137	22
206	23
168	26
185	27
247	28
118	29
180	30
131	32
231	32
241	32
253	34
137	35
183	35
204	35
112	36
195	38
176	39
235	39
192	40
193	42
259	44
185	46
136	47
186	47
143	48
238	49
97	51
119	51
265	52
217	53
150	55
195	55
202	55
231	55
125	56
186	56
211	58
91	59
151	59
256	60
147	61
233	61
84	65
174	66
110	68
248	68
144	71
168	72
141	73
82	76
257	76
259	77
123	80
189	82
79	83
275	86
111	87
184	88
114	93
163	94
283	95
254	97
292	97
76	98
158	99
290	100
190	103
165	104
256	104
136	105
74	106
181	106
289	106
139	111
183	111
156	112
291	112
150	113
292	114
182	115
285	117
220	118
159	119
260	122
271	122
71	123
108	123
131	124
214	124
267	124
247	126
115	127
189	129
237	129
109	131
187	131
292	131
303	133
243	134
298	135
144	136
230	136
272	136
71	138
290	138
277	139
293	139
137	141
191	143
98	144
179	144
143	146
150	146
305	147
62	148
73	150
102	150
275	150
70	151
300	151
255	152
280	152
262	153
70	154
308	154
64	160
230	161
261	161
267	161
55	162
130	162
215	162
40	163
184	164
222	164
141	165
107	166
155	166
306	166
33	167
294	167
42	168
301	168
175	169
246	171
184	172
190	172
219	172
37	173
53	173
61	173
117	173
160	173
180	173
249	173
223	174
70	176
306	176
97	177
132	177
57	178
60	178
83	178
92	178
154	178
106	179
305	179
223	180
207	181
272	181
275	181
184	182
227	182
259	182
32	183
161	183
166	183
209	183
58	184
86	185
111	185
127	185
133	185
306	185
102	186
120	186
132	186
149	186
246	186
97	187
122	187
228	188
236	188
275	188
142	189
184	189
241	189
265	189
59	190
61	190
112	190
249	190
253	190
282	190
39	191
305	191
108	193
123	193
169	193
221	193
32	194
61	194
303	194
134	195
149	195
169	195
91	196
262	196
200	197
219	197
117	198
186	198
204	198
270	198
98	199
119	199
194	199
199	199
290	199
301	199
56	200
113	200
32	201
34	201
209	202
212	202
57	203
124	203
185	203
297	203
304	203
47	204
148	204
261	204
223	205
266	205
180	206
220	206
287	206
231	207
52	208
54	208
227	208
51	209
153	209
241	209
87	210
256	210
302	210
108	211
147	211
234	211
262	211
215	212
295	212
123	213
136	215
234	215
93	216
140	216
232	216
270	216
68	217
236	217
237	217
255	217
260	218
64	219
242	221
101	222
117	222
225	222
104	223
105	223
136	223
160	223
268	223
85	224
59	225
242	225
264	226
50	227
54	227
78	227
98	227
131	227
133	227
247	227
145	228
298	228
64	229
68	229
112	229
126	229
151	229
67	230
88	230
136	231
154	231
159	231
160	231
255	231
110	232
127	232
194	232
263	234
112	235
210	235
269	235
96	236
146	236
224	236
59	237
153	237
47	238
134	238
158	239
227	239
104	240
73	241
93	241
168	241
212	241
296	241
116	242
296	242
210	244
147	245
117	246
191	246
223	246
246	246
63	247
94	247
46	248
60	248
110	248
141	248
148	248
90	249
159	249
169	249
296	249
193	250
212	250
249	250
50	251
108	251
226	251
91	253
135	253
226	253
122	254
64	255
142	255
147	255
71	256
99	256
121	256
230	257
293	257
157	258
227	264
63	265
137	265
234	265
85	268
242	268
58	269
59	269
219	269
94	271
134	271
191	271
246	271
90	273
77	274
221	274
68	275
110	276
181	276
296	276
290	277
61	279
67	281
105	282
72	284
76	284
59	285
227	285
201	286
59	288
210	288
102	289
223	289
293	289
256	290
262	291
236	292
259	292
62	294
213	294
279	294
70	295
139	295
146	295
280	295
138	296
204	296
225	297
140	298
222	299
86	301
60	302
60	303
227	303
162	304
223	304
68	305
80	307
290	307
286	308
79	310
89	310
277	311
279	312
93	313
168	313
177	313
205	314
220	316
290	316
83	317
290	318
206	320
244	321
275	322
96	323
196	326
95	327
229	327
272	327
234	328
100	329
278	330
279	330
197	331
268	333
265	336
287	336
179	337
281	337
286	337
275	338
276	338
172	339
288	341
210	343
272	343
283	343
187	345
279	346
286	346
202	347
257	347
251	348
266	349
276	350
156	351
188	351
212	351
233	351
123	352
127	352
204	352
205	352
209	352
276	352
279	352
