397
114	7
127	7
134	7
139	7
140	7
147	7
165	7
170	7
176	7
220	7
222	7
227	7
134	8
160	8
176	8
243	9
230	10
100	12
257	15
170	16
91	18
175	19
248	19
165	20
169	21
243	24
89	28
259	28
129	33
138	35
172	35
98	36
270	36
230	37
195	43
267	46
136	49
183	49
188	49
145	50
80	51
273	51
106	59
194	59
235	59
275	63
136	64
76	65
183	65
186	65
240	67
177	70
220	71
281	72
232	73
194	75
73	78
234	81
79	82
209	82
278	86
67	91
143	92
155	93
283	96
121	97
290	98
291	98
117	100
112	101
191	101
63	102
113	103
120	103
290	104
185	108
115	109
123	109
280	110
292	112
61	113
158	115
164	115
174	115
243	115
152	116
159	116
253	116
286	116
237	121
153	122
249	122
60	123
174	123
190	123
162	124
182	124
227	124
280	126
59	127
281	127
288	130
296	130
132	131
184	131
127	132
150	132
163	132
53	133
135	133
221	134
182	135
298	135
47	138
155	138
158	138
137	139
272	139
284	139
289	139
295	139
294	140
169	141
269	143
115	144
274	144
43	146
61	146
163	146
109	147
114	147
274	147
53	148
103	148
246	148
44	149
213	149
279	149
266	150
253	151
255	151
270	152
207	154
301	154
112	155
259	155
292	156
51	157
43	158
57	158
294	159
50	161
45	162
60	165
177	165
56	166
125	166
130	166
294	166
304	166
256	167
42	168
110	168
262	168
301	168
48	169
47	170
196	170
294	171
37	173
53	173
111	173
142	173
137	175
158	176
289	176
297	176
306	176
60	177
30	180
227	181
57	182
164	182
302	183
304	183
305	184
285	185
36	186
288	186
99	187
107	187
117	188
99	189
235	189
253	190
297	190
240	191
90	192
305	192
96	193
187	193
234	194
239	194
258	194
303	194
120	195
119	196
91	198
288	198
36	200
97	200
116	200
36	201
117	202
303	202
297	203
304	203
47	204
167	204
39	205
202	205
298	205
204	206
57	208
115	210
211	210
144	211
173	212
217	213
124	214
290	215
238	216
289	217
129	218
185	218
215	218
292	218
173	220
155	221
190	221
144	222
219	222
232	223
102	224
171	224
97	225
136	225
185	225
219	225
112	226
150	226
293	226
55	227
105	227
293	227
118	228
176	228
182	228
224	228
299	228
52	229
141	230
144	230
250	231
252	231
233	232
236	232
259	232
297	232
99	233
214	233
224	234
288	235
102	236
125	236
137	236
98	237
204	238
104	240
135	241
52	242
223	242
229	242
190	244
107	245
121	245
65	246
105	246
98	247
60	249
297	249
112	250
124	250
105	252
107	252
102	253
128	256
288	256
292	258
294	258
183	259
98	260
51	264
107	265
183	265
203	265
296	266
109	267
117	267
59	269
129	269
197	269
291	270
90	271
291	271
138	273
60	274
108	274
116	274
117	274
61	275
279	275
124	276
284	276
93	277
290	277
291	277
149	278
87	279
79	280
66	281
68	281
134	281
226	282
254	282
98	283
258	286
84	289
85	289
102	289
227	289
67	293
220	294
71	295
242	295
280	295
290	296
90	297
216	298
90	299
246	299
72	303
216	303
107	304
277	305
227	307
100	308
205	309
228	310
216	312
232	313
258	313
277	313
132	314
209	315
207	316
276	318
88	319
219	319
143	320
207	321
151	323
220	323
273	325
96	326
86	331
200	334
218	335
232	338
257	338
251	343
236	345
259	346
177	347
256	347
144	350
168	350
203	350
101	351
165	351
105	352
120	352
122	352
217	352
220	352
228	352
243	352
