418
199	7
222	7
140	11
126	12
133	12
144	12
102	14
111	15
120	15
144	15
90	17
100	17
126	17
133	17
141	17
153	17
103	18
229	18
237	19
239	20
206	21
190	24
198	25
88	28
143	29
151	29
110	30
119	31
244	31
83	36
236	39
257	43
76	45
148	45
80	47
207	47
178	50
259	51
170	52
170	56
122	58
127	58
164	58
128	59
73	60
111	60
261	60
173	64
153	66
211	67
261	67
171	68
272	68
71	70
271	71
91	72
204	72
273	72
111	73
270	73
217	75
265	77
197	79
209	80
277	82
68	83
161	85
267	86
62	89
274	89
152	93
99	94
204	94
145	97
268	97
118	99
267	99
278	99
54	100
92	100
107	102
130	102
168	104
278	104
91	105
96	105
56	110
274	112
160	115
281	115
271	117
282	117
90	118
98	118
276	118
127	123
133	123
286	123
53	124
276	125
283	126
142	128
55	130
141	130
148	131
51	132
164	132
112	134
285	134
107	136
131	136
48	138
125	138
275	139
289	139
109	140
157	141
277	141
134	144
202	145
44	146
113	147
305	147
305	148
173	150
246	150
275	150
298	150
188	151
89	152
38	153
82	153
88	153
151	153
292	153
38	154
303	155
77	156
82	156
169	156
249	156
254	157
117	160
119	160
160	160
288	160
39	161
44	161
164	161
85	162
111	162
129	164
181	164
287	164
172	166
294	166
304	166
88	168
301	168
233	169
286	170
152	171
224	171
107	172
124	172
184	172
239	172
41	173
67	173
72	173
116	173
175	173
231	173
118	174
48	177
237	177
228	179
111	181
207	181
32	183
212	184
300	184
92	185
44	186
137	186
88	187
104	187
276	187
277	188
116	189
232	190
239	191
251	191
294	191
305	191
143	192
196	192
110	193
256	194
303	194
33	195
239	195
290	196
99	197
210	197
244	197
44	198
215	199
75	200
94	200
289	200
32	201
34	201
294	201
77	202
254	202
215	203
255	203
47	204
87	206
163	206
223	207
50	208
95	208
97	208
110	208
83	209
109	209
231	209
92	210
140	210
42	211
110	211
238	212
217	213
293	213
104	214
50	215
169	215
288	215
289	216
49	217
159	217
204	217
226	217
117	218
90	219
183	219
98	220
194	220
54	221
171	221
203	222
45	224
160	224
104	225
186	225
301	225
293	226
161	227
198	227
293	227
105	228
300	230
110	232
149	232
110	233
79	236
115	236
191	236
226	236
228	237
46	238
120	238
186	238
234	238
51	240
180	240
210	240
155	241
209	241
72	242
76	242
193	242
217	242
123	243
122	245
77	246
67	247
72	247
73	248
109	248
197	248
135	249
155	249
204	249
208	249
283	249
293	249
298	249
164	250
296	250
47	251
69	251
101	251
203	252
210	252
229	255
80	256
61	257
234	257
80	258
100	258
135	258
198	258
53	259
59	259
294	259
99	260
167	261
296	261
74	263
224	263
72	265
124	265
168	266
228	266
87	267
88	270
282	270
285	271
95	275
156	275
199	279
158	280
83	283
59	284
201	284
191	285
291	287
180	291
193	291
72	292
280	292
205	293
183	296
198	298
67	299
78	300
285	301
193	302
190	304
198	305
271	305
74	306
80	312
203	312
279	312
73	316
204	317
264	318
276	318
206	319
232	319
109	321
182	321
181	323
273	326
74	328
182	328
272	328
155	329
148	330
260	331
261	331
250	337
258	338
264	338
125	339
132	339
139	339
146	339
254	339
264	339
248	340
77	341
254	342
84	344
232	344
261	344
187	345
220	345
255	346
151	347
90	348
265	348
192	349
265	349
125	350
187	350
255	350
173	351
202	351
212	351
213	351
224	351
236	351
252	351
93	352
95	352
101	352
105	352
165	352
175	352
185	352
200	352
209	352
244	352
