410
125	7
100	8
98	9
123	9
140	9
131	10
141	10
91	11
98	11
116	11
224	11
77	12
123	12
218	12
216	15
67	20
85	21
210	22
239	23
242	23
86	24
233	24
240	24
120	25
193	26
200	26
169	27
158	30
178	30
62	32
136	34
195	36
60	39
78	39
85	39
135	39
240	39
243	39
186	40
232	42
187	43
178	44
124	46
58	47
51	48
101	48
239	49
134	51
181	51
95	54
133	55
246	57
245	58
185	59
246	59
50	60
164	63
133	64
178	64
89	66
172	68
253	68
45	69
156	69
239	69
179	71
249	71
166	72
121	75
64	78
249	79
38	80
87	80
240	80
262	80
116	81
100	82
62	85
68	85
250	85
241	88
36	90
136	90
263	90
58	91
62	91
65	94
130	97
103	103
98	105
103	105
119	105
72	107
260	107
274	109
273	110
82	111
119	111
38	112
117	112
107	113
134	113
95	119
78	120
274	120
126	123
178	123
198	123
89	124
269	124
33	125
174	125
205	125
83	129
28	134
277	134
35	135
53	136
47	137
53	137
137	137
130	139
180	139
224	139
289	139
87	142
32	143
81	143
278	143
279	143
174	145
50	146
32	147
55	147
143	147
275	150
281	150
148	151
279	151
93	152
121	152
134	152
287	152
43	155
86	155
267	156
272	156
28	159
295	159
36	160
288	160
295	160
129	161
287	163
294	166
268	167
32	168
120	168
149	168
92	170
172	170
272	170
95	171
222	171
284	171
84	172
284	172
78	173
226	173
229	173
265	173
88	174
151	174
52	176
238	176
280	176
60	177
33	178
101	178
121	179
101	180
262	180
30	181
32	181
126	181
147	181
205	182
225	182
275	182
65	184
112	184
213	184
50	185
131	186
230	186
298	186
112	187
119	187
149	187
165	187
265	187
275	187
55	188
298	188
126	189
51	190
67	190
282	190
110	191
160	192
112	193
263	194
303	194
31	195
35	195
209	195
303	195
187	196
290	196
215	197
35	199
289	199
117	200
31	201
296	201
302	201
303	201
68	202
287	202
181	204
146	205
267	205
83	206
147	206
270	206
284	208
35	209
131	209
282	209
294	209
209	210
216	213
264	213
293	213
199	214
271	214
71	215
269	215
287	215
93	216
87	218
36	219
170	220
40	222
80	222
103	222
173	223
84	225
293	226
300	226
39	227
92	227
293	227
35	228
158	228
103	229
40	230
300	230
134	231
166	231
117	232
165	232
272	232
152	233
160	236
46	237
275	237
118	238
47	239
276	239
296	239
38	240
67	240
35	241
156	241
268	241
299	241
158	245
148	246
275	247
37	248
55	248
182	248
284	248
171	249
292	249
149	251
209	251
47	252
56	252
185	252
149	253
214	253
271	253
173	254
227	255
270	255
289	255
295	258
233	259
55	260
150	260
46	261
55	261
39	263
166	263
275	263
59	264
65	264
50	265
265	265
73	266
72	267
169	267
57	269
181	270
262	271
39	273
173	274
41	276
182	276
259	279
166	280
169	280
46	283
161	284
170	284
159	285
41	286
42	288
284	288
291	288
254	290
262	290
160	291
179	291
145	292
182	295
49	296
49	298
264	298
258	299
157	301
245	301
285	301
180	302
200	303
257	303
278	303
174	304
262	304
149	305
271	305
75	306
54	307
163	307
183	307
164	312
190	314
257	315
263	315
194	317
240	317
194	321
60	322
244	322
199	323
257	324
244	327
250	329
142	331
161	332
68	336
214	336
252	336
253	336
167	337
121	338
146	338
247	338
141	340
218	341
151	346
189	349
169	350
79	351
100	351
135	351
139	351
184	351
213	351
226	351
91	352
95	352
130	352
150	352
160	352
169	352
184	352
238	352
