612
257	15
246	19
262	20
237	21
262	21
211	24
200	28
222	29
248	30
185	37
206	37
222	38
269	38
237	41
278	41
246	42
256	42
193	43
184	46
185	46
284	46
170	48
256	48
288	48
180	51
269	52
201	53
235	54
251	54
255	54
270	55
274	55
244	58
287	58
206	61
212	61
157	62
250	64
174	65
269	66
317	67
231	68
302	71
147	72
173	72
295	74
286	75
272	76
282	76
271	77
284	77
274	79
139	81
157	81
162	81
314	82
163	84
170	84
215	87
178	88
260	89
287	90
212	93
177	94
184	94
176	97
219	97
250	97
298	97
314	99
131	100
163	100
311	100
177	103
214	103
306	104
310	104
280	105
314	106
177	107
163	108
169	108
255	108
258	108
274	108
221	109
287	109
292	110
122	111
182	111
230	111
154	112
207	112
231	112
300	113
216	115
272	115
163	116
186	118
155	120
170	122
176	122
181	123
266	123
302	123
309	123
177	124
184	125
264	131
302	131
310	131
175	132
311	132
155	133
162	134
167	135
286	136
114	137
107	139
155	139
251	139
97	140
168	140
70	141
90	141
175	142
269	143
111	144
160	144
71	145
81	145
100	145
235	145
246	145
168	146
199	146
224	146
229	146
38	147
45	147
302	148
65	149
76	149
49	150
60	150
223	151
230	151
47	152
99	152
161	152
175	152
274	152
59	153
161	153
235	153
92	154
198	154
230	154
40	155
60	155
74	155
269	155
38	156
77	156
82	156
141	156
301	156
309	156
41	157
67	157
95	157
107	157
68	158
29	159
161	159
213	159
98	160
182	160
272	160
68	161
197	161
204	161
223	161
229	161
280	161
43	162
61	162
78	162
89	162
93	162
161	162
183	162
60	163
258	163
53	164
101	164
198	164
141	165
240	165
102	167
216	167
249	167
148	168
262	168
268	168
155	169
175	169
150	170
184	170
54	171
64	171
78	171
98	171
76	172
199	172
40	173
140	174
247	174
90	176
137	176
177	176
247	176
234	177
288	177
48	178
55	178
137	178
170	178
207	178
295	178
59	179
65	179
94	179
150	179
200	179
101	180
142	180
194	182
157	183
162	183
51	185
285	185
50	186
60	186
100	186
146	186
150	186
245	186
110	187
152	187
165	187
173	187
272	187
299	187
82	188
102	188
278	188
173	190
196	190
66	191
71	191
131	191
137	191
85	192
251	192
182	193
299	193
147	195
161	195
211	195
137	196
152	196
203	196
265	196
92	197
132	197
64	198
147	198
183	198
83	199
269	199
224	200
286	200
229	201
292	201
72	202
283	203
184	204
217	204
238	204
149	205
224	205
246	205
181	206
225	207
287	207
77	208
182	208
265	208
75	209
115	209
299	209
300	210
97	211
151	211
246	211
236	212
110	213
212	213
213	213
106	214
266	214
271	214
184	215
128	216
144	216
179	216
207	216
212	216
289	217
94	218
97	218
302	218
212	219
280	219
87	221
256	221
90	222
115	223
132	223
153	223
184	223
227	223
233	223
144	224
243	224
106	225
141	225
83	226
99	226
83	227
273	227
204	228
300	228
118	230
219	230
223	230
243	230
253	230
204	231
233	231
264	231
276	231
282	231
190	233
264	233
85	234
254	234
284	234
211	235
193	236
172	237
194	237
272	237
157	238
217	238
219	238
266	238
199	239
164	241
204	241
166	242
298	242
161	243
277	243
181	244
255	244
273	244
191	246
204	246
168	247
209	247
153	248
155	248
214	248
173	249
200	249
209	249
213	249
299	249
149	250
189	251
209	252
253	253
216	255
262	255
279	255
117	256
143	256
229	256
238	256
145	257
168	258
91	259
162	259
168	259
262	259
187	260
280	260
106	261
157	261
177	261
187	262
100	263
276	263
177	264
184	265
227	265
296	267
261	269
112	270
154	270
209	270
271	270
227	271
236	271
245	271
251	271
193	273
161	275
167	275
261	275
285	275
115	276
152	276
166	277
176	277
208	277
296	277
251	278
243	279
222	280
234	280
120	281
154	281
192	281
196	282
227	282
150	283
152	284
215	284
161	285
256	285
283	285
213	286
98	287
134	287
153	287
194	287
230	288
236	288
238	288
277	288
294	288
96	289
150	291
156	291
267	291
124	293
212	293
219	293
238	293
234	294
223	295
249	295
245	296
151	297
96	299
200	299
129	300
208	300
252	300
157	301
239	301
247	301
290	301
216	302
236	302
262	302
139	303
225	304
97	305
127	305
143	305
151	305
121	306
190	306
253	306
275	306
95	307
135	307
137	307
255	307
205	308
292	308
235	309
246	309
178	310
223	310
268	310
196	311
231	311
256	312
287	313
173	314
190	314
192	314
251	314
198	315
136	316
291	318
185	319
218	319
232	319
235	319
145	320
228	320
90	322
106	322
156	322
141	323
106	324
134	324
218	324
153	325
186	325
285	325
288	325
153	327
176	327
186	327
238	327
244	327
213	328
242	328
93	330
153	330
279	330
132	331
168	331
185	331
221	331
249	331
289	331
148	332
238	332
242	332
89	333
225	333
244	333
91	334
117	334
199	334
238	334
110	335
205	335
176	336
272	336
287	336
139	337
162	337
211	337
125	338
154	338
213	338
249	338
102	339
249	339
255	339
102	340
117	340
223	340
226	340
236	340
117	341
170	343
187	343
194	343
203	343
249	343
177	344
268	344
249	345
117	346
236	346
241	346
149	347
215	347
214	348
252	348
241	349
273	349
275	349
121	350
204	350
136	351
165	351
192	351
241	351
126	352
189	352
234	352
