528
244	62
245	65
254	65
245	72
263	72
202	79
210	79
270	81
259	82
248	83
276	83
186	84
232	84
221	87
284	90
277	91
283	92
284	93
222	94
276	94
246	95
265	95
293	96
292	97
174	98
186	98
188	99
303	102
222	103
253	103
293	103
264	104
273	104
244	105
305	105
246	106
227	109
309	112
165	115
199	115
220	115
274	115
282	115
183	116
236	116
200	118
232	120
300	120
254	123
264	123
168	124
296	124
299	124
258	125
299	125
200	127
252	127
258	127
250	128
277	128
312	128
157	131
295	131
297	131
196	132
187	133
202	133
275	133
229	134
288	134
210	135
252	135
203	136
210	138
252	138
299	138
182	140
149	141
241	141
255	141
270	142
281	142
156	144
229	145
310	145
188	150
255	150
270	151
281	151
231	152
281	152
287	152
141	153
300	153
248	155
157	156
188	157
309	157
289	158
300	158
164	160
169	160
217	160
281	160
134	161
157	161
164	161
170	163
221	163
272	163
251	164
236	165
276	165
288	165
301	165
241	166
257	166
295	166
157	168
162	168
306	168
140	169
183	170
211	171
249	171
123	172
118	174
177	174
242	174
247	174
259	174
278	174
292	174
300	174
272	175
298	176
120	177
132	177
139	177
163	177
189	177
236	177
286	177
182	178
279	178
201	179
214	179
119	183
306	183
127	184
222	184
131	185
163	185
296	185
145	186
172	186
188	186
229	187
258	187
272	187
285	187
164	188
176	188
274	188
117	191
183	193
102	194
103	194
226	194
142	195
223	195
252	195
117	196
254	197
265	197
272	197
109	198
156	198
271	198
95	199
177	199
182	199
84	200
288	200
85	201
101	201
149	201
224	201
124	202
126	202
283	202
157	203
96	204
244	204
88	206
90	206
194	206
200	206
265	206
258	207
155	208
156	208
162	208
177	208
184	208
110	209
150	209
119	210
286	210
100	211
169	211
184	211
188	211
246	211
251	211
260	211
274	211
302	211
98	212
90	213
209	213
90	214
214	214
237	215
108	216
242	216
149	217
107	218
163	218
207	218
93	219
247	219
302	219
88	220
111	220
184	221
225	221
262	221
162	222
169	222
193	222
231	223
96	224
178	224
200	224
275	225
269	227
273	227
104	228
110	228
231	228
91	229
163	229
237	229
102	230
163	230
88	231
97	231
136	232
142	232
245	232
199	233
103	234
111	234
179	234
242	235
99	236
156	236
207	237
214	237
231	237
261	237
162	239
163	239
270	239
156	240
169	240
92	241
150	241
199	241
264	241
145	242
150	242
252	242
169	244
164	245
263	246
158	247
98	248
107	248
110	248
266	248
150	249
188	249
194	249
102	250
131	250
101	251
170	251
194	251
201	251
165	252
231	252
233	252
153	253
156	253
248	253
88	254
91	254
111	254
157	254
209	254
96	255
145	255
180	255
104	256
203	256
139	257
225	258
230	258
99	260
248	260
257	260
99	261
203	261
172	262
182	262
189	262
198	263
283	263
104	264
166	264
175	264
181	264
231	264
266	264
289	264
259	265
98	266
156	266
171	267
175	267
297	268
191	269
198	269
257	269
147	272
179	272
184	272
277	272
142	273
155	273
221	273
224	273
259	273
150	274
163	275
171	275
226	275
157	276
165	276
215	276
230	276
259	276
173	277
179	277
278	277
181	278
195	278
207	279
240	279
252	279
220	280
225	280
263	282
185	284
216	284
229	284
277	284
177	285
184	285
199	285
254	285
120	287
229	287
280	287
191	288
192	288
240	288
94	289
245	289
272	289
101	290
140	290
177	291
219	291
276	291
283	291
190	292
173	293
200	295
143	297
163	297
245	297
96	298
159	298
219	298
245	298
219	299
207	301
293	302
257	303
209	304
271	304
138	305
197	305
246	305
256	305
213	306
215	306
245	306
267	306
149	308
194	308
235	308
274	308
209	309
213	309
257	310
274	311
245	312
247	312
288	312
235	314
259	314
96	315
208	317
259	317
280	317
212	318
155	319
177	319
248	319
176	321
207	323
90	324
160	325
140	326
159	326
201	326
139	327
167	327
206	327
257	327
260	328
265	328
242	330
147	331
183	331
199	331
222	331
231	331
89	332
95	333
266	333
288	333
261	334
94	335
159	335
172	335
189	336
191	336
211	336
152	337
259	337
121	338
153	339
181	339
249	339
198	340
232	340
288	340
166	341
269	341
281	341
174	342
157	343
260	343
122	344
206	344
117	345
178	345
189	345
126	346
146	346
214	346
232	346
251	346
140	347
171	347
232	347
287	348
107	350
170	350
251	350
140	351
160	351
169	351
189	351
203	351
240	351
266	351
285	351
97	352
99	352
142	352
162	352
165	352
176	352
185	352
197	352
214	352
217	352
227	352
232	352
242	352
251	352
286	352
