678
182	27
181	28
160	29
188	29
202	29
214	31
143	32
207	32
153	33
134	35
203	37
216	37
206	38
153	41
230	41
144	43
228	44
115	47
190	47
204	47
230	47
215	49
161	50
240	56
112	59
157	60
144	63
163	66
188	67
201	67
104	68
121	68
112	70
155	70
174	70
206	70
218	70
95	71
243	74
140	76
161	77
123	78
195	79
150	81
185	81
204	81
89	83
109	84
239	85
214	87
220	87
143	88
204	88
156	89
244	89
88	91
153	94
171	94
85	95
135	95
213	96
169	97
238	98
249	98
230	100
232	100
76	103
186	103
181	105
199	105
256	106
221	107
228	107
250	107
257	108
262	108
86	109
71	110
92	110
139	110
257	111
93	112
252	112
258	113
253	114
270	114
77	115
220	116
227	116
269	116
63	118
70	118
67	119
95	119
117	121
122	121
132	121
244	121
266	122
116	123
252	123
58	124
153	124
240	124
175	126
197	126
59	127
86	127
93	127
176	127
115	129
116	129
148	131
247	131
246	132
181	133
271	133
115	134
58	135
181	135
259	135
86	136
114	136
239	136
175	137
197	137
52	138
57	138
217	138
63	139
61	140
174	140
25	142
193	142
217	142
225	142
34	143
85	143
121	143
125	143
277	143
160	144
191	144
261	145
43	146
276	146
32	147
38	147
52	147
225	147
281	147
144	148
230	148
45	151
48	151
222	151
243	151
153	152
214	152
233	153
236	154
34	155
282	155
101	156
114	156
118	156
222	156
261	156
262	156
269	156
257	157
30	160
34	160
217	160
239	161
118	162
43	163
85	163
91	163
106	165
141	165
147	166
179	166
114	167
122	167
129	167
268	167
44	168
283	168
38	169
39	169
92	169
156	169
121	170
229	170
257	170
29	171
33	171
62	171
69	171
100	171
231	171
239	171
152	172
175	172
47	173
162	173
222	173
223	173
130	175
47	176
51	176
86	176
174	176
229	176
41	177
137	177
188	177
93	178
99	178
121	178
257	178
150	179
217	179
79	181
85	181
269	181
278	181
281	181
31	182
114	183
128	183
99	184
137	184
173	184
181	184
228	185
36	186
92	186
96	186
149	186
162	186
144	187
167	187
172	187
194	187
219	187
279	187
105	188
249	188
99	189
129	189
173	189
180	189
229	189
239	189
72	191
78	191
276	191
38	192
144	193
282	193
92	195
229	195
100	196
105	196
113	196
237	196
212	197
249	197
79	199
85	199
143	200
179	200
261	200
286	200
170	201
195	201
31	202
35	202
129	202
135	202
190	202
262	202
266	202
278	202
79	203
245	203
271	203
100	204
206	204
276	204
287	204
72	205
199	205
277	205
65	206
87	206
92	206
113	206
146	206
243	206
106	207
120	207
171	207
32	208
81	209
199	209
200	209
204	210
262	210
100	211
129	211
227	211
234	211
87	212
122	212
232	212
285	213
34	215
172	215
201	215
74	216
108	216
101	217
225	217
122	218
117	219
39	220
251	220
95	221
106	221
108	221
210	221
222	221
240	221
83	222
110	222
176	222
279	222
95	223
184	223
218	223
89	224
97	224
185	224
232	224
132	225
285	225
225	226
246	226
283	226
127	227
171	227
202	227
237	227
113	229
265	230
143	231
218	231
251	231
99	232
139	232
202	232
224	232
204	233
159	234
251	234
259	234
272	234
34	235
242	236
212	237
224	237
121	238
128	238
162	238
123	239
232	239
281	239
287	239
109	240
229	240
64	241
70	241
77	241
103	241
235	241
268	241
72	242
123	242
214	242
255	243
201	245
235	247
51	248
135	248
174	248
274	248
276	248
152	249
57	250
241	250
282	250
52	251
133	251
184	251
222	251
203	252
210	252
250	252
163	254
263	254
83	255
248	256
261	256
270	256
281	256
134	257
218	257
229	257
268	257
289	257
153	258
212	259
234	259
251	259
107	260
129	260
166	260
91	261
268	261
104	262
162	262
202	262
244	262
249	263
88	264
153	264
82	266
191	267
255	267
266	267
169	268
176	268
207	268
143	269
174	269
245	270
283	270
130	271
291	271
292	271
208	272
213	272
251	272
152	274
94	275
133	275
158	275
242	275
120	276
173	276
180	276
249	276
264	276
284	276
159	277
244	277
256	277
264	277
271	277
210	279
213	279
228	279
289	279
98	280
118	280
224	280
109	281
110	281
288	281
157	282
216	282
229	282
244	282
141	283
135	285
212	286
225	286
193	287
208	287
87	288
246	288
192	290
249	290
257	290
80	291
143	291
218	291
260	291
168	292
279	292
156	293
91	294
174	294
268	295
291	295
58	296
108	296
279	296
47	297
54	297
219	297
105	298
264	298
288	298
96	299
192	299
67	300
116	300
165	300
238	300
41	301
60	302
163	302
170	302
214	302
285	302
164	303
264	303
107	304
138	304
102	305
228	305
276	305
60	306
267	306
145	307
214	307
274	307
166	308
211	308
256	308
165	309
173	309
181	309
137	310
274	310
155	311
166	311
204	312
235	312
237	312
267	312
143	313
258	313
88	314
251	315
129	316
153	317
178	317
92	319
121	319
170	319
87	320
98	320
82	321
90	321
97	321
244	321
123	322
142	322
255	322
46	323
70	323
252	323
258	323
157	324
158	324
177	324
235	324
44	325
166	325
172	325
118	327
245	327
272	327
137	328
264	328
153	330
193	330
195	330
248	330
260	330
44	331
79	331
158	331
276	331
86	332
89	332
96	332
167	332
173	332
53	333
170	333
65	334
134	335
241	335
262	335
139	336
195	337
146	338
197	338
235	338
257	338
281	338
75	339
150	339
183	339
210	339
79	340
162	340
64	341
171	341
242	341
277	341
250	342
87	343
127	343
135	343
244	343
90	344
222	344
258	344
213	345
184	346
225	346
264	346
59	347
148	347
163	347
167	347
212	347
232	348
161	349
204	349
270	349
265	350
267	350
61	351
76	351
84	351
102	351
125	351
167	351
175	351
184	351
188	351
197	351
231	351
232	351
254	351
72	352
88	352
99	352
105	352
130	352
135	352
138	352
141	352
148	352
152	352
176	352
190	352
204	352
214	352
262	352
