740
140	12
117	17
125	17
98	22
162	26
73	28
139	29
162	29
164	30
78	34
73	36
75	36
148	37
168	37
69	38
65	47
163	47
149	48
182	49
134	50
176	57
206	57
164	58
177	58
205	58
62	60
210	61
73	62
74	62
81	62
54	63
215	66
167	67
122	68
175	68
96	70
81	71
202	71
222	72
215	73
88	74
50	77
65	77
87	77
224	77
158	78
224	78
118	80
157	80
183	80
137	81
147	81
66	82
216	83
110	84
72	85
183	85
206	85
85	86
181	86
90	87
108	87
227	87
165	89
188	89
166	90
36	91
44	91
80	92
103	92
185	93
200	93
46	94
50	94
174	94
133	95
207	95
224	95
170	96
88	97
142	97
188	97
213	97
131	98
161	98
247	98
47	99
132	99
246	99
155	100
201	100
230	100
105	101
111	101
203	101
246	102
203	103
82	104
148	104
184	105
155	106
56	107
240	107
129	108
141	108
239	109
247	109
247	110
230	111
253	111
256	111
230	112
220	114
196	115
133	116
238	116
229	118
258	119
245	120
56	121
23	123
57	123
64	123
238	123
71	124
201	125
32	126
228	126
163	127
172	128
136	129
173	130
264	130
207	131
245	131
249	131
70	132
269	132
57	133
62	133
77	134
150	134
190	135
212	135
32	136
57	136
249	136
261	136
77	137
118	137
142	137
90	138
157	138
162	138
168	138
201	138
98	139
179	139
241	139
50	140
137	140
166	140
84	141
56	142
200	142
107	143
180	143
231	143
237	143
25	144
254	145
255	145
49	147
155	147
157	147
186	147
56	149
63	149
191	149
78	150
129	150
171	150
63	151
85	152
107	152
162	152
170	152
217	152
230	152
223	153
229	153
235	154
268	155
254	156
265	156
260	157
70	158
83	158
86	158
32	159
177	159
202	160
209	160
221	160
228	160
70	161
153	161
222	161
52	162
82	162
147	162
239	162
63	163
155	163
260	163
68	164
177	164
27	165
27	166
142	167
172	167
262	168
269	168
148	169
162	170
239	170
55	171
222	172
34	173
63	173
68	173
151	173
230	173
265	173
266	173
43	174
49	174
69	174
76	174
84	174
55	175
212	175
253	175
49	176
192	176
166	177
50	179
57	179
242	179
62	180
270	180
77	181
268	181
69	182
76	182
248	182
28	183
173	183
249	183
35	184
62	184
68	184
210	184
125	185
160	185
228	185
243	185
57	186
99	186
269	186
50	187
57	187
60	187
76	187
92	187
113	187
145	187
203	187
209	187
220	187
226	187
233	187
82	188
260	188
62	189
68	189
69	189
76	189
50	190
172	190
155	191
76	193
62	194
30	195
36	195
52	195
57	195
69	195
98	195
138	195
219	195
223	195
249	195
63	196
233	196
149	197
225	197
44	198
52	198
55	198
78	198
250	198
235	199
237	199
69	200
92	200
257	201
31	202
182	203
260	203
189	204
270	204
278	204
44	205
69	206
89	206
260	206
87	207
152	207
167	208
38	209
94	209
164	209
262	211
278	211
269	213
256	214
52	215
64	215
157	215
167	215
148	216
238	216
243	216
246	216
255	217
135	218
174	218
32	219
58	220
212	220
65	221
217	221
61	223
65	223
254	223
267	223
218	224
87	225
145	225
148	225
224	225
253	225
73	226
80	226
143	226
47	227
82	227
102	227
235	227
245	227
41	228
54	228
61	228
98	228
171	228
236	228
167	229
172	229
182	229
265	229
250	230
119	231
249	231
73	232
187	232
218	232
223	232
48	234
243	234
272	234
40	235
42	235
56	235
155	235
252	235
35	236
83	236
230	236
58	237
63	237
78	237
125	237
166	237
177	238
222	238
226	238
233	238
244	239
268	239
78	240
170	240
214	240
218	240
244	240
249	240
269	240
72	241
92	241
155	241
81	242
88	242
94	242
179	242
36	243
42	243
67	243
72	243
147	244
151	244
99	245
88	246
245	246
248	246
233	247
178	248
190	248
274	248
297	248
217	249
239	249
266	249
282	249
84	250
116	250
194	250
220	250
224	250
226	250
78	251
209	251
210	251
264	251
134	252
151	252
138	253
249	253
116	255
151	255
185	255
167	256
176	256
179	256
226	256
270	256
281	256
129	257
230	257
241	257
201	258
108	259
249	259
251	259
50	260
152	260
160	260
257	260
105	261
116	261
40	262
208	262
73	264
160	264
167	264
207	264
235	264
243	264
121	265
148	265
187	265
257	265
46	266
69	266
255	266
110	267
195	267
168	268
202	269
218	269
56	270
115	270
198	270
140	271
145	271
208	271
221	271
239	271
131	272
187	273
114	274
165	274
175	275
151	276
76	277
165	277
204	277
256	277
60	278
144	278
176	278
187	278
210	278
165	279
194	279
136	280
182	280
190	280
229	280
176	281
196	281
198	281
227	281
237	281
113	282
39	284
64	284
65	284
84	284
121	284
219	284
242	284
170	285
255	285
59	286
181	286
191	286
254	286
136	287
238	287
106	288
159	288
175	288
201	288
256	288
68	289
118	289
182	289
205	289
249	289
245	290
250	290
105	291
214	291
231	291
168	292
182	292
81	293
155	293
47	294
73	295
109	295
114	295
120	296
173	296
193	296
219	296
185	298
222	298
88	299
205	299
52	300
108	300
228	300
245	300
63	301
78	301
161	301
222	301
108	302
119	302
159	302
195	302
125	303
137	303
209	303
214	303
173	304
189	304
56	305
100	305
167	305
180	305
222	305
66	306
82	306
195	306
199	306
75	307
107	307
228	307
78	308
70	310
156	310
214	310
71	311
120	311
177	311
229	311
83	313
212	313
187	315
66	316
110	316
178	316
77	317
90	317
121	317
146	318
189	318
196	318
208	318
222	318
44	319
136	319
178	319
215	319
71	320
59	321
82	321
218	321
55	322
155	324
196	324
199	324
65	325
178	325
213	325
90	326
119	326
141	326
152	326
183	326
79	327
147	327
171	328
208	328
44	329
71	329
189	329
193	329
60	330
163	330
165	330
172	330
214	330
86	331
203	331
155	332
226	332
115	333
141	333
126	334
134	334
140	334
47	335
55	335
91	335
97	335
101	335
203	335
78	336
179	337
158	338
199	338
189	339
216	339
84	340
146	340
166	340
217	340
229	340
89	341
113	341
124	341
131	341
141	341
188	341
212	341
228	341
166	342
202	342
65	343
56	344
106	344
48	345
98	345
223	345
225	345
67	346
132	347
57	348
98	348
110	348
152	348
170	348
116	349
190	349
82	350
122	350
137	350
141	350
152	350
169	350
199	350
61	351
156	351
159	351
164	351
189	351
48	352
52	352
93	352
97	352
103	352
116	352
122	352
137	352
181	352
185	352
213	352
