706
115	16
129	16
116	19
131	19
144	21
124	22
125	22
139	23
140	24
109	25
131	25
134	25
181	25
120	26
120	27
140	27
207	28
208	29
157	31
126	32
138	32
164	32
117	33
131	33
132	33
138	33
149	33
215	33
91	35
201	35
229	35
126	36
146	37
230	37
140	38
207	38
92	39
111	40
141	40
194	40
122	43
99	44
182	44
167	45
173	45
107	47
131	47
147	48
155	48
88	49
127	49
238	49
189	50
245	50
140	51
95	52
104	54
86	55
145	55
198	55
128	56
198	56
94	57
210	59
245	59
136	60
191	60
101	61
205	61
223	61
85	63
205	64
95	65
98	65
197	65
234	65
133	66
123	67
209	67
118	71
228	71
156	72
239	72
262	72
190	73
128	74
260	74
82	76
239	76
94	77
175	77
174	79
126	80
190	80
139	81
150	83
244	83
158	85
178	87
184	87
261	87
108	89
137	89
177	89
200	89
246	89
169	90
96	91
269	91
125	92
168	92
170	92
237	92
264	92
115	93
147	93
205	94
216	94
226	95
230	95
164	96
198	96
165	97
249	97
181	99
242	99
280	100
190	102
232	102
174	103
205	103
126	105
176	106
210	108
281	108
265	109
226	111
273	111
144	113
185	114
191	114
201	114
177	115
208	115
290	115
299	115
70	117
229	117
260	117
309	117
245	118
275	119
70	120
101	120
68	121
142	121
72	122
131	122
142	123
273	123
99	124
247	124
274	124
282	125
155	127
253	127
297	127
49	128
75	128
91	128
108	129
123	129
63	131
274	131
54	132
130	132
25	133
136	133
206	133
32	134
136	134
146	134
246	134
253	134
298	134
41	135
44	135
93	135
210	135
275	135
280	135
297	135
45	136
156	136
193	136
282	136
66	137
267	138
50	139
51	139
59	140
207	140
157	141
156	142
165	142
200	142
253	142
36	143
42	143
190	143
267	143
281	143
25	145
211	145
238	145
63	146
132	146
53	147
72	147
134	148
156	148
45	149
165	149
198	149
52	150
47	151
266	151
273	151
150	152
62	153
78	153
143	153
129	154
182	155
231	155
239	155
124	156
225	156
304	156
117	157
264	157
50	159
57	159
216	159
272	159
40	160
201	160
208	160
258	160
265	161
121	162
184	162
160	163
31	166
138	166
61	167
167	167
255	167
262	167
28	168
71	168
147	168
155	168
170	168
204	168
224	168
231	168
290	168
67	169
82	169
284	169
85	170
148	170
163	170
210	170
57	171
217	171
239	171
255	171
261	171
282	171
171	172
244	172
292	172
54	173
142	173
179	173
75	174
273	174
36	175
178	175
238	175
267	176
29	177
151	177
211	177
230	177
266	177
65	178
90	178
220	179
126	180
47	181
272	181
300	181
119	182
152	182
187	182
234	182
305	182
241	183
257	183
278	183
112	185
80	186
192	186
208	186
214	186
42	187
58	187
137	187
169	187
171	187
196	187
60	188
70	188
74	188
132	188
234	188
302	188
141	189
149	189
164	189
224	189
117	190
255	190
273	190
198	191
279	191
42	192
74	192
188	192
51	193
63	193
76	193
89	193
109	193
125	193
287	193
301	193
63	194
74	194
32	195
251	195
257	196
272	196
291	196
36	197
137	197
145	197
241	197
57	198
65	198
187	198
257	198
237	199
282	199
79	200
121	200
255	200
48	201
103	201
223	201
242	201
280	201
40	202
59	202
193	202
107	203
167	203
69	204
280	204
297	204
141	205
270	205
46	206
55	206
63	206
97	206
122	206
219	206
237	206
261	206
303	206
117	207
221	207
126	209
278	209
295	209
103	210
118	210
47	211
55	211
248	211
255	211
78	212
231	212
241	212
112	213
147	213
155	213
177	213
203	213
221	213
240	213
281	213
283	214
69	215
189	215
192	215
253	215
262	215
277	215
75	216
122	216
139	216
169	216
269	216
235	217
53	218
116	218
160	218
83	219
45	220
109	220
63	221
78	222
144	222
285	223
164	224
146	225
41	226
51	226
300	226
68	227
130	228
246	228
95	229
190	229
280	229
203	230
239	230
56	231
163	231
73	232
265	232
46	233
73	233
179	233
233	233
237	233
255	233
257	233
259	234
136	235
167	236
246	236
295	236
81	237
216	237
63	238
77	238
193	238
80	239
215	239
159	240
151	241
217	241
247	241
255	241
299	241
266	243
171	244
258	245
165	246
82	247
146	247
198	247
49	248
111	248
169	248
268	248
295	248
63	249
170	250
251	250
294	250
64	251
290	251
160	252
199	253
103	254
150	254
199	254
207	254
275	254
206	255
295	255
83	257
167	257
168	257
185	257
283	257
97	258
190	259
269	259
86	261
173	261
230	261
295	261
211	262
116	264
238	266
285	266
89	267
169	267
82	269
144	269
217	269
279	270
108	271
266	271
122	272
292	272
80	274
100	275
150	275
113	276
114	276
100	277
256	277
280	277
80	278
279	278
129	279
249	280
261	280
120	281
175	281
295	281
257	282
92	284
124	284
200	284
209	285
225	285
181	286
214	286
256	286
249	287
276	287
183	288
190	289
276	289
195	290
130	291
237	291
295	291
108	292
100	293
204	293
229	293
253	293
181	294
209	295
280	295
106	296
189	297
206	301
102	302
110	302
293	302
249	303
277	304
275	305
139	306
108	307
205	307
286	307
289	307
210	308
216	308
250	308
241	311
145	312
115	313
269	313
190	314
123	315
210	315
274	315
179	316
204	316
123	317
261	317
287	318
170	319
190	319
242	319
221	320
117	321
201	321
204	321
213	321
237	321
251	321
270	321
122	322
263	322
237	323
280	323
168	324
136	325
190	325
263	325
272	325
168	326
288	326
228	327
215	328
281	328
135	329
176	329
169	330
181	330
264	330
244	331
281	331
121	332
163	332
191	332
228	333
229	333
150	334
237	334
140	335
142	335
200	335
207	335
215	335
184	336
187	336
215	336
272	336
131	337
171	337
174	337
188	338
138	339
229	340
233	340
130	341
247	341
179	342
214	342
219	342
274	342
171	343
172	343
188	343
216	343
241	343
272	345
152	346
249	346
254	346
177	347
125	348
150	348
174	348
210	348
133	349
226	349
229	349
231	349
234	350
219	351
240	351
279	351
133	352
136	352
144	352
146	352
149	352
150	352
161	352
165	352
188	352
194	352
195	352
252	352
254	352
260	352
273	352
274	352
278	352
