666
192	7
202	7
211	7
133	8
208	8
158	9
159	9
240	10
227	12
112	15
216	16
140	17
206	17
166	20
210	20
104	23
98	24
106	24
144	24
214	25
139	27
137	28
218	28
212	32
98	33
149	33
183	33
257	33
133	34
159	34
169	34
256	34
176	36
152	37
207	37
220	37
193	38
192	39
212	42
142	43
268	43
172	44
137	46
121	47
178	47
151	48
172	48
189	48
157	50
160	50
93	51
152	52
252	52
275	52
145	53
197	53
98	54
118	54
267	57
203	58
243	58
167	59
233	60
141	62
153	63
158	63
258	63
285	63
89	65
280	65
158	66
249	66
189	68
203	70
215	70
166	71
172	71
240	71
250	71
165	73
187	73
91	74
195	74
170	75
166	76
251	76
101	77
160	77
208	77
190	78
237	78
121	81
132	83
141	83
144	83
147	84
237	84
155	86
100	87
165	87
88	89
184	89
254	89
291	90
304	90
248	91
266	91
272	91
119	92
130	92
161	92
81	93
161	93
140	94
152	95
88	96
206	96
241	96
81	97
264	97
272	97
307	97
258	98
266	98
291	98
301	98
313	98
214	102
208	105
246	105
130	106
267	106
274	106
217	107
310	107
299	108
137	109
216	110
253	112
247	113
205	117
309	117
240	118
103	119
135	119
269	120
275	120
117	121
310	121
248	122
254	122
75	123
76	123
126	123
197	123
208	123
264	124
269	124
101	125
106	125
94	127
139	127
149	128
193	129
102	130
108	130
117	130
308	131
127	132
256	132
95	133
133	133
300	133
127	134
102	135
263	135
269	135
277	135
149	136
283	136
78	138
134	138
210	138
269	138
249	139
275	139
58	140
59	140
215	140
41	142
42	142
143	142
203	143
264	143
269	143
291	143
106	144
169	144
57	145
300	145
130	146
227	146
72	147
77	147
36	149
43	149
44	149
263	149
137	150
243	150
66	151
169	151
66	152
296	152
37	153
59	153
226	153
263	153
132	154
207	154
42	156
184	156
216	156
133	157
256	157
282	157
126	158
275	158
289	158
244	159
50	160
229	160
234	160
305	160
259	162
40	163
75	163
130	163
122	164
212	164
32	165
149	165
189	165
49	166
275	166
279	166
180	167
228	167
234	167
251	167
84	168
157	171
207	171
219	171
229	171
283	171
125	172
212	172
259	172
273	173
52	174
79	174
183	174
264	174
267	174
36	175
29	176
159	176
202	176
224	176
229	176
75	177
109	178
153	178
260	178
264	178
127	180
241	180
75	181
214	181
55	183
224	183
276	183
282	183
156	184
282	184
284	184
113	185
121	185
169	185
179	186
64	187
67	187
82	187
258	187
286	187
33	188
218	188
245	188
195	189
249	189
68	190
150	190
273	190
73	191
143	191
168	191
210	191
280	191
107	192
270	192
272	192
227	193
64	194
239	194
281	194
288	195
32	196
35	196
305	196
47	197
57	197
155	197
201	197
275	197
172	198
197	198
260	198
267	198
103	199
138	199
147	199
173	199
221	199
57	200
74	200
79	200
111	200
246	200
247	200
288	200
253	201
260	201
293	201
70	202
267	202
49	203
159	203
168	203
32	204
41	204
178	204
47	205
203	205
223	205
85	206
97	206
104	206
54	207
62	207
71	207
180	207
235	207
48	209
117	209
284	209
292	209
63	210
126	210
164	211
192	211
212	211
219	211
228	211
267	211
241	212
261	212
272	212
68	213
73	213
93	213
112	213
262	213
69	214
103	214
148	214
138	215
157	215
202	215
204	215
123	216
180	216
279	216
289	216
44	217
45	217
98	218
108	218
132	218
192	218
243	218
258	218
292	218
162	219
69	220
239	221
302	221
86	222
137	224
157	224
282	224
41	225
52	225
147	225
191	225
249	225
51	226
223	227
68	228
74	228
267	229
66	230
73	230
142	230
242	230
56	232
204	232
254	232
121	233
48	234
261	234
181	235
213	235
261	235
146	236
170	237
300	237
169	238
42	239
48	239
67	239
58	240
127	240
207	240
234	240
72	241
82	241
197	241
201	241
221	241
278	241
140	242
169	242
208	243
130	244
220	245
174	247
235	247
295	247
42	248
58	248
121	248
249	248
258	248
88	249
268	249
66	250
159	251
200	251
89	252
136	252
212	252
101	253
221	253
238	253
73	254
124	254
94	255
151	255
253	256
256	256
229	258
280	258
215	259
186	260
224	260
246	260
133	261
109	262
258	262
297	264
178	265
271	265
213	267
221	267
116	269
102	270
142	270
192	270
104	271
145	271
170	271
240	271
202	272
120	274
287	274
177	275
254	275
150	276
181	276
113	277
150	277
249	277
268	277
281	277
293	277
198	279
241	279
204	280
118	281
226	281
256	281
130	282
155	282
286	283
177	284
183	284
251	285
270	285
263	286
200	287
107	290
230	290
271	290
273	290
117	291
184	291
216	291
226	291
287	291
251	292
258	292
294	292
196	295
275	295
135	296
184	296
258	296
237	297
289	297
291	297
218	298
225	298
254	300
117	301
195	301
111	302
246	303
230	304
236	304
263	304
117	305
144	305
205	305
239	305
186	306
136	307
246	307
255	307
274	307
239	308
229	310
239	310
232	311
155	312
255	312
292	312
142	313
275	313
278	313
255	314
250	315
286	315
288	315
161	316
162	316
240	316
243	316
122	317
196	317
238	317
176	318
179	318
250	319
256	319
268	320
169	321
189	321
279	321
228	323
257	323
200	324
271	324
274	324
130	326
250	326
281	327
189	328
241	328
137	330
173	331
261	331
276	331
278	331
220	332
269	333
131	334
159	334
130	335
136	335
269	335
234	336
248	336
250	336
223	337
196	338
205	338
213	338
289	338
277	340
158	341
235	341
238	341
271	341
192	343
251	343
167	345
230	345
279	345
175	346
213	346
216	346
240	346
246	346
264	346
197	349
288	349
204	351
224	351
230	351
234	351
254	351
265	351
154	352
156	352
169	352
177	352
213	352
214	352
224	352
225	352
246	352
247	352
271	352
273	352
287	352
