482
122	16
122	19
131	21
138	21
134	32
142	33
150	34
74	35
159	38
140	41
164	43
149	44
146	46
178	46
140	47
174	47
63	48
186	51
168	52
59	53
60	53
82	53
115	53
73	55
104	56
187	56
83	57
94	57
177	58
182	59
158	62
139	63
198	63
94	65
104	65
57	67
184	67
47	68
172	69
204	71
66	72
162	72
152	73
60	76
49	78
208	79
162	85
95	90
216	99
80	100
103	100
96	101
106	101
155	101
43	104
94	104
206	104
160	105
96	106
88	108
194	108
232	110
221	111
186	113
209	114
202	116
177	118
151	122
190	124
244	124
91	125
94	126
189	126
41	128
182	128
184	128
156	129
159	129
247	132
25	133
32	134
243	135
84	137
138	139
39	141
96	141
31	142
288	142
25	143
256	143
258	143
296	144
25	145
143	145
251	145
59	146
132	146
252	146
102	147
122	147
81	148
95	148
77	149
207	149
214	149
146	150
269	151
303	151
116	152
278	152
286	152
269	153
161	155
214	155
208	156
293	156
290	157
253	159
285	159
308	159
70	160
147	160
154	160
191	160
116	162
120	163
184	163
208	164
214	164
199	165
166	166
193	166
283	166
269	168
275	168
260	171
40	172
134	173
145	173
209	173
215	173
74	176
180	176
67	177
40	178
46	178
209	178
215	178
259	178
289	178
269	179
152	180
189	180
203	180
209	180
295	180
140	181
133	182
183	183
277	183
284	183
283	184
185	188
188	188
67	189
73	189
86	189
298	189
87	190
266	190
272	193
203	194
135	195
150	195
286	195
153	196
209	196
45	197
214	197
304	198
99	199
187	200
194	200
214	200
270	200
272	200
281	200
290	200
31	201
73	201
160	201
208	201
209	201
82	202
231	202
300	202
75	203
240	203
245	203
46	205
98	205
278	205
291	206
38	207
146	207
179	207
264	207
266	207
70	208
140	208
208	208
57	209
62	209
124	209
284	209
303	209
164	210
274	211
82	212
132	212
138	212
148	212
154	212
67	213
201	213
234	213
167	214
122	215
208	215
41	216
85	216
200	218
205	218
149	220
163	220
94	221
117	221
132	221
220	221
285	221
297	221
173	222
213	222
280	222
125	223
269	223
279	225
120	228
218	228
163	229
300	229
96	230
119	230
268	230
179	231
204	231
157	232
185	232
161	234
257	234
194	235
124	236
184	236
201	236
282	236
296	236
57	237
99	237
213	237
50	238
169	238
100	239
184	239
213	239
86	240
117	240
198	242
189	243
250	243
71	244
110	244
173	244
54	245
63	245
180	245
181	245
210	245
224	245
253	245
63	246
81	246
96	246
103	246
172	246
124	247
145	247
187	247
47	248
126	248
203	248
296	248
206	249
216	249
97	251
116	251
74	252
120	252
126	252
136	252
288	252
192	253
48	254
84	254
183	254
297	254
39	255
197	255
224	255
126	256
296	256
95	258
204	258
105	259
121	259
210	259
258	260
292	260
163	261
213	261
265	261
278	261
116	262
133	262
183	262
194	262
55	264
127	264
37	265
73	265
146	266
157	266
176	266
229	266
284	266
83	267
188	267
103	268
93	269
275	269
59	270
75	270
114	270
207	270
294	270
67	271
141	271
145	271
294	271
224	272
127	273
163	273
185	273
286	273
97	274
150	275
287	275
72	277
190	277
218	277
81	278
282	278
39	279
172	279
209	279
281	279
93	281
103	281
184	281
195	281
286	282
54	283
77	285
134	285
87	286
109	286
175	286
224	286
82	290
196	290
154	291
206	291
103	292
92	293
122	293
293	294
46	295
169	295
214	295
41	296
95	296
114	296
129	296
161	296
225	296
42	297
103	297
292	297
106	298
229	299
170	300
169	302
192	302
184	303
237	304
144	307
154	307
288	307
196	308
45	309
114	310
190	312
218	312
229	312
143	313
125	317
210	317
211	317
147	321
203	323
175	325
287	325
289	325
135	326
54	328
220	328
275	328
206	329
110	330
45	331
121	333
214	333
62	334
279	334
137	335
150	335
225	336
110	338
134	342
115	343
214	343
141	344
169	345
119	346
280	346
215	347
242	347
184	348
205	348
288	350
65	351
69	351
92	351
97	351
130	351
176	351
253	351
265	351
278	351
56	352
117	352
118	352
150	352
167	352
169	352
209	352
211	352
224	352
242	352
249	352
272	352
279	352
287	352
