635
104	7
108	7
89	9
115	10
71	11
66	12
88	12
66	13
52	15
61	15
126	20
76	22
83	22
84	23
52	24
100	25
66	28
56	31
41	32
43	32
61	32
87	35
102	36
38	38
144	38
74	39
39	40
158	41
63	45
194	45
193	46
92	47
159	47
58	48
118	48
78	49
104	49
183	49
174	51
194	51
72	52
150	52
56	53
52	54
130	54
143	55
166	56
32	57
41	57
125	57
64	58
117	59
69	60
155	61
175	61
39	62
103	62
145	62
155	62
109	64
133	65
27	66
104	66
116	66
123	66
34	67
28	68
116	68
207	68
158	69
110	71
111	72
68	73
217	73
104	74
78	75
115	75
103	77
224	77
226	77
25	78
97	78
43	81
56	81
68	82
162	83
187	83
116	87
136	87
156	89
179	89
98	90
117	90
97	91
42	93
165	93
166	93
228	93
228	94
160	95
139	96
182	98
189	99
129	101
224	101
117	104
119	104
168	105
176	106
189	106
154	109
21	112
39	112
112	112
162	112
126	113
177	113
106	115
157	116
234	117
38	118
168	121
161	122
240	122
51	123
71	123
183	123
22	124
30	124
109	125
183	126
177	127
245	127
128	128
47	129
53	129
190	129
64	131
190	132
135	133
177	133
197	134
47	135
127	135
238	135
205	136
214	136
219	136
169	138
176	138
120	139
147	139
154	139
65	140
188	140
137	141
197	141
90	142
170	142
37	143
140	143
203	143
204	143
57	144
99	144
51	145
251	145
295	145
38	146
147	146
162	146
155	147
52	148
138	148
182	148
188	148
132	150
288	150
118	151
269	151
91	152
100	152
208	152
278	152
286	152
202	153
215	153
254	153
269	153
302	153
26	154
68	154
162	156
187	156
293	156
54	157
162	157
180	157
290	157
117	158
168	158
256	158
112	159
119	159
170	159
285	159
125	160
139	160
146	160
215	160
307	160
192	161
219	161
243	161
136	162
185	162
71	163
178	163
250	164
64	165
57	166
282	167
118	168
194	168
230	168
125	169
226	169
101	170
145	170
176	170
260	170
275	170
66	171
210	171
60	172
250	172
284	172
112	174
179	174
215	174
62	177
69	178
77	178
121	178
147	178
185	178
198	178
223	178
275	178
285	178
289	178
29	179
35	179
85	179
227	179
269	179
177	180
191	180
206	180
259	180
177	181
295	181
82	182
112	182
182	182
301	182
66	183
302	183
95	184
149	184
283	184
286	184
158	185
218	185
118	187
157	187
167	187
173	187
186	187
260	187
42	188
47	188
56	188
69	188
169	188
209	188
260	188
45	189
179	189
234	189
266	189
298	189
52	190
253	190
70	191
139	191
184	191
150	192
169	192
224	192
239	192
178	193
273	193
92	194
133	194
158	194
280	194
96	195
188	195
286	195
84	196
102	196
74	197
132	197
175	197
304	197
220	198
96	199
138	199
163	199
280	199
57	200
134	200
150	200
290	200
294	200
108	201
90	202
171	202
248	202
41	205
154	205
153	206
235	206
96	207
285	207
62	208
239	208
276	208
56	209
268	209
284	209
303	209
48	210
174	210
183	210
192	210
47	211
147	211
184	211
116	212
77	213
35	214
68	214
72	217
99	217
273	217
290	217
144	218
84	219
119	219
34	220
39	220
111	220
161	220
175	221
197	221
285	221
90	222
128	222
156	222
170	222
59	224
80	224
151	224
223	224
102	226
182	226
192	226
269	226
167	227
177	227
57	228
142	228
79	229
129	229
291	229
299	229
157	230
218	230
127	231
183	231
277	231
168	232
172	232
37	233
84	233
256	233
280	233
103	235
134	235
167	235
263	235
36	236
159	236
261	236
271	236
109	237
213	237
296	237
96	240
130	240
290	240
72	241
230	241
184	242
285	242
261	243
267	243
89	244
110	244
166	244
138	245
205	245
118	246
161	246
37	247
79	247
178	247
224	247
132	248
267	248
295	248
213	249
225	249
267	249
288	249
154	250
168	250
108	251
148	251
88	252
288	252
123	254
220	254
262	254
272	255
273	255
204	257
36	258
80	258
102	258
55	261
121	261
183	261
87	262
269	264
283	264
203	266
113	267
63	268
201	268
278	268
126	270
219	270
38	271
202	271
169	274
92	276
274	276
281	276
117	277
131	278
169	278
185	278
267	278
101	280
106	280
39	282
187	282
90	283
119	286
98	287
126	287
257	287
157	290
104	291
146	291
154	291
190	291
139	292
282	292
115	293
132	293
221	294
264	294
42	296
104	296
154	296
183	296
277	296
98	297
139	298
206	298
223	298
108	299
132	299
142	299
283	301
89	302
201	302
208	302
283	302
98	303
263	303
99	305
153	305
108	306
196	306
120	307
207	307
42	308
113	308
275	309
44	310
208	310
99	311
81	312
110	313
113	313
131	313
263	313
122	314
266	314
163	316
159	317
260	317
271	317
274	317
100	318
140	318
227	318
190	319
173	320
200	320
113	321
125	321
164	321
199	321
86	322
80	323
182	323
219	323
258	323
203	324
256	324
99	325
174	325
221	326
107	327
113	327
138	327
140	327
124	328
125	328
184	328
280	328
280	329
76	330
46	331
94	332
100	332
276	332
138	333
144	333
253	334
94	335
110	335
123	335
127	335
257	335
268	335
58	336
75	336
76	336
81	336
89	336
117	336
246	336
234	337
280	338
145	339
278	339
110	340
143	340
165	340
236	340
80	341
111	341
117	341
64	342
121	342
127	342
229	342
251	342
207	343
234	343
63	345
134	345
277	345
166	346
189	346
128	347
209	347
130	348
121	349
118	350
121	350
143	350
63	351
130	351
180	351
206	351
254	351
68	352
79	352
96	352
181	352
191	352
192	352
194	352
217	352
229	352
247	352
279	352
