639
168	52
187	56
175	57
183	57
153	60
192	62
208	65
162	66
201	66
153	67
180	67
146	68
200	68
179	69
220	69
229	69
201	71
172	72
194	72
153	75
172	77
190	77
163	78
230	79
180	80
162	81
146	83
161	83
154	84
226	85
154	86
237	88
147	90
207	90
207	92
172	95
233	95
202	97
168	98
196	98
114	99
131	99
238	99
236	100
146	101
102	102
188	102
163	103
173	104
162	105
205	105
121	106
203	108
164	109
168	109
182	109
246	110
126	111
143	111
134	112
218	113
175	115
118	117
187	117
92	118
171	118
258	119
126	120
110	121
127	122
246	123
244	124
254	124
135	125
141	125
163	127
189	127
263	127
198	128
162	130
187	131
243	131
253	131
71	132
100	132
263	132
171	133
272	133
73	134
246	134
78	135
256	136
183	137
63	138
70	138
188	139
71	140
153	140
57	142
143	142
198	142
32	143
33	143
79	143
162	143
279	143
78	144
165	144
71	145
266	145
71	146
134	146
242	146
278	146
149	147
281	147
50	148
57	148
58	148
85	148
64	149
118	149
247	149
50	150
26	151
33	151
46	151
65	152
238	152
192	154
35	155
60	155
164	155
210	155
279	155
282	155
77	156
79	156
82	157
87	157
117	157
267	157
236	158
70	159
163	160
203	160
33	161
60	161
70	161
77	161
118	161
233	162
260	162
77	163
82	163
84	163
221	163
239	163
260	163
35	164
60	164
151	164
215	164
52	165
57	165
223	165
171	166
174	166
251	166
279	166
91	167
124	167
130	167
151	167
194	167
265	167
270	167
158	168
261	168
52	170
57	170
86	170
88	170
193	170
42	171
57	171
64	171
70	171
194	171
203	171
97	172
149	172
167	172
207	172
227	172
139	173
174	173
265	173
119	174
123	174
179	174
277	176
44	177
192	177
97	178
113	178
149	178
172	178
244	178
263	178
276	178
58	179
87	179
89	179
149	179
199	179
205	179
58	180
106	180
112	180
121	180
263	180
45	181
82	181
268	181
278	181
281	181
156	183
187	183
218	183
243	184
58	185
52	186
62	186
141	186
147	186
98	187
172	187
280	187
75	188
163	188
234	188
237	188
251	188
90	189
92	189
214	189
115	190
63	191
77	191
83	191
85	191
275	191
276	191
155	192
223	192
282	192
282	193
228	194
237	194
130	195
139	195
69	196
116	196
242	196
116	197
150	198
58	199
155	199
123	200
220	200
235	200
240	200
150	201
261	201
266	201
53	202
224	202
226	202
278	202
209	203
168	204
185	204
207	204
229	204
250	204
277	204
59	205
119	205
187	205
214	205
216	205
87	206
130	206
255	206
280	206
53	207
81	207
221	207
105	208
126	208
52	209
163	209
167	210
223	210
229	210
283	210
260	211
283	211
113	212
234	212
278	212
58	213
190	213
54	214
137	214
142	214
181	214
202	214
213	214
108	215
112	215
120	215
128	215
217	215
197	216
244	216
280	216
281	216
245	217
99	218
115	218
211	218
91	219
93	219
86	220
100	220
130	220
160	220
200	220
214	220
55	221
110	221
200	221
174	222
268	222
280	222
282	222
128	223
137	223
192	223
143	224
267	224
167	225
172	225
217	225
220	225
153	226
249	226
155	227
212	227
283	227
67	228
194	228
263	228
109	230
125	230
138	230
217	230
224	230
124	231
140	231
118	232
186	232
206	232
246	232
58	233
52	234
58	234
96	234
147	234
99	235
165	235
92	236
99	236
193	236
53	237
265	237
127	240
145	240
242	240
159	241
277	241
122	242
131	242
209	242
105	243
159	243
247	243
80	244
162	244
199	244
122	247
268	247
117	248
63	249
163	249
104	252
201	252
247	252
149	253
53	254
85	255
127	255
122	256
143	256
160	256
205	256
240	256
142	257
195	257
249	257
295	258
61	259
165	259
244	259
269	259
286	259
107	260
247	260
94	261
147	261
50	262
51	262
279	262
188	263
123	264
243	264
275	264
284	264
151	265
234	265
275	265
54	266
118	266
218	266
217	268
168	269
222	269
53	270
118	270
273	270
112	271
273	271
62	272
222	272
133	273
211	275
124	276
168	276
60	277
144	277
271	277
50	278
162	278
232	278
278	278
132	279
216	279
145	280
150	281
215	281
53	282
211	282
277	282
254	283
63	284
217	284
256	284
263	284
145	285
178	285
281	285
141	286
149	286
228	287
141	288
283	288
208	289
234	289
273	289
150	290
125	291
167	291
257	291
179	292
181	292
209	292
234	292
64	293
162	293
173	293
60	294
117	294
149	294
256	294
65	295
124	295
240	295
244	295
259	295
112	296
190	296
281	296
124	298
162	298
181	298
154	299
198	300
222	300
247	300
285	301
286	301
60	302
64	302
83	302
128	302
153	304
222	304
264	304
137	305
180	305
157	306
267	307
274	307
202	308
164	309
199	309
91	310
274	310
153	311
157	311
192	311
267	311
58	312
258	313
61	314
67	314
236	314
183	315
223	315
143	316
244	316
66	317
153	317
157	317
164	317
196	317
147	318
210	318
278	318
184	320
206	320
210	320
178	322
281	322
252	323
146	324
171	324
199	324
254	324
139	325
222	325
240	325
148	326
272	327
72	328
180	328
248	328
141	331
148	331
215	331
242	331
271	332
213	333
72	334
194	334
235	335
262	335
282	335
139	337
186	337
205	337
220	337
250	337
72	338
257	338
265	338
170	340
175	340
228	341
277	341
229	342
270	342
222	343
234	343
241	343
257	344
99	346
176	346
263	346
264	346
171	347
220	347
119	349
140	349
270	349
274	349
105	350
164	350
168	350
274	350
168	351
193	351
197	351
201	351
222	351
230	351
254	351
257	351
87	352
89	352
108	352
111	352
200	352
201	352
209	352
222	352
242	352
