646
243	34
233	36
231	40
206	41
220	42
182	43
266	46
265	47
207	48
213	49
243	49
260	51
171	53
205	53
177	54
185	54
176	57
245	57
178	58
198	58
195	59
268	60
169	61
185	63
227	63
276	63
207	64
235	64
180	67
199	70
244	70
174	71
186	72
122	73
279	73
186	74
239	74
117	75
121	75
155	76
144	78
155	78
167	78
150	80
165	80
172	81
204	81
215	81
225	81
266	81
133	82
185	82
188	82
157	83
265	83
157	84
242	85
143	86
235	86
210	87
280	87
242	88
281	90
139	92
148	92
166	92
191	92
264	93
177	95
271	95
201	96
246	96
237	97
105	98
147	98
170	98
155	99
198	99
278	99
211	100
276	101
240	102
106	103
124	103
179	104
192	105
153	106
207	106
157	108
269	108
284	108
175	110
202	110
143	111
101	112
196	112
101	113
222	113
216	114
216	115
157	116
162	116
140	117
170	117
287	118
265	121
273	121
102	122
239	122
269	122
211	123
166	124
201	124
261	124
118	125
247	125
222	126
229	126
104	127
110	127
228	128
98	129
255	130
286	130
132	131
221	131
146	132
195	132
273	133
95	134
97	134
255	134
285	134
66	135
87	135
289	135
87	136
117	136
126	136
172	136
193	136
215	136
261	137
112	138
117	138
145	139
52	140
146	140
207	140
108	141
293	141
299	141
94	142
202	142
69	143
91	143
126	143
194	143
261	143
268	143
158	144
175	145
228	145
304	145
84	146
251	146
144	147
221	147
256	147
287	147
95	148
56	149
63	149
70	149
128	149
132	149
192	149
70	150
89	150
150	150
298	150
45	151
101	152
142	152
175	152
218	152
296	152
96	153
192	154
266	154
275	154
306	154
158	155
195	155
304	155
26	156
150	156
269	156
284	156
42	157
60	157
84	157
95	157
283	157
33	158
247	158
264	158
279	158
248	159
259	159
292	159
295	159
70	161
225	161
268	161
87	162
150	162
287	162
253	163
159	164
38	165
219	165
259	165
221	166
293	166
158	167
268	167
63	168
112	168
146	168
294	168
55	169
97	169
106	169
150	169
160	169
251	169
274	169
285	169
40	170
168	170
241	170
71	171
91	171
233	172
245	172
68	173
130	173
154	173
180	173
198	173
207	173
226	173
34	174
115	174
122	174
144	174
237	174
202	175
245	175
138	176
196	176
241	177
251	177
52	178
203	178
214	179
290	179
295	179
63	180
242	180
226	182
251	182
153	183
38	184
133	184
65	186
79	186
128	186
131	186
161	186
188	186
288	186
45	187
166	187
50	188
110	188
117	188
142	188
179	188
181	188
204	188
232	188
38	189
105	189
113	189
184	189
65	190
86	190
232	191
72	192
156	192
180	192
194	192
249	192
284	192
106	193
133	193
118	194
134	194
201	194
228	194
121	195
194	195
229	195
234	195
249	195
72	196
233	196
172	197
240	197
53	198
238	198
125	199
162	199
281	199
65	200
66	200
87	200
121	200
159	200
229	200
83	201
78	202
129	202
136	202
143	202
280	202
47	203
58	203
206	203
213	203
229	203
246	203
116	204
288	204
72	205
166	205
180	205
182	205
240	205
155	207
163	207
185	207
221	207
293	207
118	208
122	208
77	209
104	209
131	209
284	210
172	211
263	211
179	212
161	213
135	214
203	214
82	215
100	215
119	215
112	216
181	216
232	216
267	216
215	217
107	218
68	220
232	220
72	221
126	221
280	221
92	222
107	222
155	222
293	222
86	223
239	223
117	224
161	225
239	226
74	227
96	227
184	227
114	229
142	229
209	230
243	230
126	231
220	231
264	231
281	233
290	233
289	234
219	235
83	236
145	236
238	236
263	236
169	237
186	237
210	239
80	240
236	240
243	240
249	240
287	240
82	241
111	241
137	241
169	241
221	241
132	242
164	242
152	243
170	243
202	243
156	244
241	244
178	245
272	245
219	246
114	247
181	247
197	247
247	247
284	247
71	248
164	248
289	248
296	248
132	249
152	249
165	249
276	249
127	250
209	250
147	251
219	251
80	252
197	252
276	252
175	253
180	253
285	253
181	254
249	254
230	256
291	256
295	256
210	257
293	257
72	258
174	258
167	259
233	260
293	260
72	261
181	261
224	261
295	261
181	262
200	262
291	262
167	263
219	264
128	265
141	266
74	267
200	267
226	267
239	267
276	267
207	268
146	269
122	270
220	270
291	270
78	272
166	272
231	273
209	274
284	274
77	276
85	276
175	276
156	277
227	277
80	278
184	278
195	278
202	278
284	278
73	279
162	279
172	281
175	281
229	282
210	283
274	283
223	285
77	286
82	286
227	286
92	288
171	288
281	288
284	288
77	289
129	289
166	289
183	289
72	290
204	291
209	291
218	291
272	291
291	291
79	292
86	293
91	293
223	293
239	293
72	294
134	294
182	294
190	294
159	295
162	295
281	295
168	296
218	296
261	296
80	297
239	297
209	299
288	301
159	302
168	302
76	303
292	303
179	304
232	304
277	304
135	305
244	306
79	308
158	308
204	309
275	309
287	309
80	310
224	310
239	310
254	310
291	310
144	312
145	314
266	314
90	315
232	315
245	315
266	315
100	316
240	316
136	317
289	317
290	317
235	318
253	318
143	319
195	319
258	319
120	320
94	321
179	322
241	324
267	324
136	325
288	325
157	326
272	327
285	327
203	328
238	329
252	329
172	330
179	330
197	330
128	331
277	331
197	332
185	334
210	334
238	334
240	334
162	335
263	335
282	335
252	336
134	337
223	337
229	337
122	338
107	339
185	339
190	339
151	341
215	342
260	342
269	342
127	343
240	343
249	343
250	344
261	344
232	345
142	346
150	346
171	347
180	348
194	348
170	349
196	349
120	351
220	351
111	352
136	352
140	352
141	352
156	352
213	352
227	352
252	352
253	352
267	352
