588
192	49
234	53
231	54
207	55
186	56
224	57
240	58
192	59
193	60
245	61
239	63
202	65
251	67
231	68
233	68
222	69
246	70
248	70
210	72
253	72
262	72
268	72
185	73
206	73
242	74
212	75
200	77
168	78
260	78
179	80
174	81
223	81
269	81
274	81
163	82
179	84
170	85
222	85
243	86
268	86
221	87
227	87
155	89
245	89
146	91
166	92
253	95
141	96
134	97
125	98
152	98
270	98
185	99
190	99
231	100
234	100
175	101
135	102
234	102
199	103
251	103
275	107
192	108
204	109
223	109
234	109
248	109
119	111
206	111
222	111
154	112
222	113
188	114
236	114
276	115
196	116
197	117
214	117
176	118
151	119
168	119
198	120
272	120
234	121
279	121
113	122
181	122
191	122
244	123
219	124
247	125
214	129
274	129
149	132
233	132
157	133
212	133
195	134
281	135
109	136
135	136
250	136
288	136
174	137
181	137
240	137
182	138
117	139
118	139
155	139
206	139
220	139
124	141
234	141
135	142
204	142
247	142
268	142
104	144
147	144
292	144
169	145
276	145
272	146
124	147
291	147
177	148
119	149
135	149
142	149
150	149
184	149
263	149
213	150
298	150
269	151
296	152
221	153
306	154
193	156
304	156
135	157
185	157
269	158
286	158
98	159
169	160
199	160
259	160
274	160
152	161
157	161
203	161
204	161
264	161
112	162
106	163
246	163
288	164
157	165
257	165
282	166
182	167
263	167
264	167
273	168
294	168
300	168
151	169
161	169
234	169
267	169
158	171
280	171
137	172
143	172
176	172
224	172
276	172
152	173
250	173
294	173
262	174
260	175
305	175
160	176
95	177
101	177
107	177
297	177
132	178
291	178
305	178
296	179
86	182
195	182
211	182
257	182
263	182
215	183
282	183
140	184
132	185
117	186
134	186
139	186
167	186
188	186
287	186
111	187
154	187
193	187
244	187
87	188
93	188
140	188
201	190
102	191
252	191
263	191
87	192
195	192
294	192
82	193
88	193
94	193
120	193
215	193
303	193
120	194
155	194
162	195
246	195
303	195
215	197
239	197
113	198
211	198
240	198
106	199
135	199
205	199
126	200
133	200
100	201
208	201
292	201
297	201
78	202
97	202
142	202
148	202
162	202
167	202
165	203
196	203
281	203
303	203
73	204
89	204
217	204
226	204
292	204
303	204
87	205
116	205
120	205
240	205
143	206
148	206
208	206
224	206
72	207
123	207
127	207
136	207
299	207
171	208
97	209
165	209
77	210
150	211
153	211
160	211
264	212
123	213
125	213
127	213
145	213
224	213
117	214
119	214
111	215
145	215
239	215
267	215
225	216
289	216
75	217
98	218
182	218
88	219
111	219
125	219
130	219
80	220
182	220
86	221
301	221
120	222
200	222
101	224
148	224
217	224
75	225
142	225
225	225
241	225
266	225
84	226
120	227
284	227
117	228
269	228
224	229
110	230
182	230
225	230
217	236
168	237
77	238
217	238
240	238
79	239
133	241
139	241
261	241
73	242
233	242
243	242
66	243
168	243
145	245
153	245
273	245
142	246
243	246
73	247
75	247
133	247
264	247
60	248
127	248
172	248
285	248
298	248
83	249
62	250
153	250
82	251
157	251
236	251
244	251
80	252
148	252
165	252
197	252
223	252
160	253
170	253
247	253
284	253
209	255
69	256
295	256
164	257
180	257
292	257
71	258
231	258
295	258
197	259
199	259
188	260
232	260
235	260
296	262
126	263
74	264
215	265
160	266
184	266
200	266
230	266
240	266
74	267
121	268
83	270
159	270
224	270
230	270
141	271
215	271
242	271
291	271
145	272
146	272
286	272
291	272
77	273
189	273
224	273
268	273
285	273
206	274
200	275
255	275
77	277
151	278
153	278
284	278
289	279
174	280
257	280
160	281
208	281
288	281
181	282
201	282
229	282
246	282
192	283
267	284
73	285
169	285
174	285
225	285
73	286
174	286
180	287
248	288
284	288
192	290
208	290
229	290
73	291
169	291
199	291
205	291
225	291
272	291
279	291
86	293
79	294
94	294
259	294
219	295
279	295
239	296
264	296
200	297
253	297
221	298
225	298
99	299
177	300
191	300
276	301
231	302
233	302
248	302
277	302
82	304
155	304
214	304
258	304
76	305
82	305
204	305
210	305
226	305
264	305
271	305
131	306
146	306
177	307
190	307
257	307
282	307
285	307
291	307
193	308
259	308
236	309
211	310
253	310
153	311
226	311
273	311
138	312
223	313
194	314
181	315
256	315
266	315
188	316
190	316
239	316
218	317
114	318
278	318
233	319
232	320
281	322
257	323
165	324
172	325
178	325
198	325
233	325
240	325
241	325
182	326
290	326
172	327
218	327
266	327
151	328
285	328
244	329
264	329
204	330
240	330
185	331
220	331
228	331
277	331
88	332
195	332
271	332
277	332
143	333
170	333
228	333
240	333
282	335
124	336
147	336
170	336
263	336
93	337
219	337
221	337
182	338
243	338
204	339
120	340
170	341
146	342
196	342
229	342
260	342
269	342
233	343
190	344
251	344
261	344
100	345
176	345
229	345
152	346
159	346
245	347
241	348
269	349
270	349
126	350
140	350
213	350
274	350
100	351
145	351
207	351
140	352
171	352
201	352
241	352
247	352
