573
94	28
75	31
72	32
128	32
133	32
162	32
108	33
179	33
83	35
142	35
94	36
148	36
170	37
155	38
135	40
78	43
175	43
78	44
142	45
189	45
49	46
50	46
71	46
181	46
60	47
110	49
194	50
77	51
75	54
101	55
188	56
109	60
170	68
215	70
134	72
96	76
177	77
110	81
133	81
48	82
201	82
145	83
87	84
218	84
62	85
74	85
182	85
184	86
194	89
98	90
174	90
38	91
102	92
204	92
38	94
53	94
73	94
167	94
63	95
189	96
43	97
180	97
216	97
222	97
200	98
190	99
173	103
125	105
163	105
193	106
37	107
123	110
240	112
32	115
37	115
179	116
172	117
204	118
197	121
105	122
107	122
212	122
239	122
32	123
54	123
252	123
166	124
65	125
73	125
146	125
205	126
82	127
87	127
96	127
47	129
198	129
247	129
35	130
141	130
24	131
65	133
153	133
76	135
99	135
198	136
251	136
59	137
118	137
85	138
146	138
173	139
191	139
198	139
156	140
251	140
254	141
192	142
28	143
198	143
35	144
95	144
205	144
212	144
62	145
159	145
224	145
230	145
112	146
151	146
295	146
122	147
163	147
248	147
257	147
103	148
212	148
254	148
84	149
204	149
163	150
186	150
187	150
219	150
264	150
96	151
170	151
221	151
286	151
68	152
230	153
270	153
302	153
36	154
139	154
147	154
211	154
154	156
67	157
90	157
203	157
255	157
34	158
226	158
286	158
291	158
308	158
64	159
102	159
141	159
202	159
217	159
207	161
278	161
113	162
131	162
152	162
64	163
71	163
28	164
54	164
64	165
75	165
239	165
282	165
47	166
87	166
98	166
116	166
117	166
135	166
194	166
201	166
134	167
161	167
156	168
254	168
214	169
282	169
156	170
206	170
109	171
168	171
211	171
256	171
32	172
78	172
83	172
121	172
189	172
199	172
36	173
98	173
132	173
201	173
266	173
122	174
238	174
90	175
178	175
79	176
81	176
252	176
59	177
228	177
136	178
75	179
95	179
116	179
200	179
283	179
36	180
104	180
223	180
36	181
53	181
295	181
64	182
152	182
215	182
110	183
191	183
241	183
282	183
283	185
144	186
157	186
46	187
103	187
123	187
203	187
103	188
265	188
237	189
116	190
150	190
300	190
97	191
128	191
164	191
217	191
129	192
254	192
266	192
156	193
174	193
280	193
156	194
205	194
223	194
44	196
213	196
262	196
243	197
250	197
36	198
211	198
46	199
198	199
304	199
151	200
157	200
226	200
269	200
281	200
290	200
89	201
186	201
108	202
300	202
41	204
50	204
201	205
275	205
294	205
296	205
236	206
244	206
263	206
107	207
230	207
272	207
275	207
43	208
74	208
209	208
275	209
303	209
103	210
215	210
252	210
264	211
294	211
296	211
113	212
137	212
138	212
125	213
261	213
299	213
114	214
55	215
143	215
172	215
92	216
172	216
179	216
227	216
248	216
79	217
121	217
214	217
273	217
277	217
289	217
152	218
160	218
247	218
263	219
299	219
70	220
277	220
300	220
198	221
62	222
63	222
167	222
174	222
127	223
187	223
56	224
160	224
216	224
280	225
51	226
283	226
297	226
55	227
98	229
207	229
177	230
187	230
144	231
159	231
182	231
57	232
220	232
248	233
214	235
105	236
119	236
281	236
137	237
176	237
192	237
296	237
207	238
240	240
163	242
98	243
218	243
89	244
210	244
134	245
190	245
78	247
102	247
209	247
213	247
158	248
96	249
69	251
127	251
173	251
63	252
186	252
162	257
273	257
94	258
106	258
195	259
80	260
176	260
188	260
87	261
78	262
113	262
102	263
267	263
121	265
235	266
94	267
109	267
112	267
214	267
82	268
175	268
265	268
224	269
280	269
104	270
129	271
275	271
94	272
236	272
267	273
119	274
271	274
210	275
124	277
248	277
264	277
117	278
281	278
259	280
122	281
108	282
211	282
266	282
275	283
128	284
250	284
74	285
84	285
145	285
204	285
260	285
282	285
128	287
133	288
94	289
102	289
270	290
106	291
121	291
204	291
241	291
94	292
128	292
100	294
279	294
84	295
147	295
120	296
227	296
241	296
267	296
91	297
140	297
274	297
121	298
147	300
172	300
258	300
112	301
119	302
129	302
201	302
253	302
228	304
111	305
93	306
129	306
165	306
172	306
241	307
112	308
253	308
255	308
266	308
135	309
149	309
267	309
201	310
233	310
104	311
136	311
255	311
156	312
242	312
174	314
181	314
189	314
235	316
97	317
274	317
116	318
155	318
158	319
108	321
122	321
174	321
260	321
258	323
158	325
120	326
134	327
139	327
144	327
249	328
260	328
144	329
157	329
163	329
280	329
127	330
271	331
117	332
156	334
251	334
269	335
118	336
163	336
251	336
110	337
126	337
280	338
264	339
278	339
183	340
227	340
257	340
254	341
125	342
135	342
254	343
123	344
141	345
235	345
280	345
133	346
166	346
215	346
228	346
257	346
123	347
181	347
118	348
248	348
199	349
132	351
188	351
215	351
223	351
242	351
248	351
270	351
122	352
133	352
156	352
166	352
168	352
217	352
241	352
