504
98	7
99	7
91	8
93	8
121	9
134	11
115	15
124	18
162	23
99	24
108	24
119	24
79	25
95	26
72	27
210	28
90	29
166	32
201	32
105	33
122	33
180	34
179	35
216	35
71	36
116	36
156	36
180	37
77	38
196	38
90	39
163	39
185	42
210	42
223	42
86	45
175	45
155	46
189	46
73	47
215	47
194	48
108	49
193	50
163	51
183	52
198	56
128	61
117	64
229	64
56	65
224	65
56	69
127	69
206	69
134	70
135	73
165	73
164	74
118	76
128	78
180	79
96	81
111	82
121	83
56	84
86	84
111	84
184	84
88	85
95	85
163	85
193	88
183	90
54	92
169	92
123	93
247	93
197	94
208	96
47	98
85	101
98	101
157	102
210	104
132	105
137	107
248	107
98	109
228	110
239	110
194	111
172	112
109	115
118	115
256	116
57	117
240	117
254	117
197	118
207	118
52	120
180	121
198	122
237	122
41	123
44	123
68	124
69	126
92	127
206	127
44	128
86	129
79	130
199	131
264	132
62	133
229	135
63	136
102	136
109	136
80	139
178	140
42	141
229	142
252	142
41	143
259	143
149	144
194	145
199	145
90	146
152	146
148	148
214	148
275	151
276	151
137	152
260	152
284	152
131	153
162	153
179	153
228	153
265	153
156	154
173	154
214	154
292	154
302	154
44	156
112	156
194	156
200	156
272	156
260	157
156	159
220	159
123	160
227	160
266	160
118	161
152	161
167	161
235	161
238	161
308	161
227	162
244	162
200	165
206	165
70	166
47	167
214	167
218	167
277	167
66	168
287	168
111	169
138	169
64	170
117	170
112	171
164	171
205	171
218	171
82	172
92	172
199	172
75	173
120	173
213	173
287	173
43	174
85	174
170	174
192	174
282	174
95	175
136	175
186	175
296	175
224	176
229	177
189	178
191	178
196	179
54	180
295	180
36	181
166	181
295	181
301	181
50	182
153	182
277	182
66	183
99	183
277	183
229	184
288	184
168	185
61	186
119	187
128	187
272	187
50	188
137	188
252	188
305	188
47	189
194	189
201	189
204	189
198	190
263	190
300	190
36	191
257	191
166	192
305	192
96	193
131	193
148	193
174	193
148	194
52	195
278	195
44	196
204	196
160	197
233	197
36	198
164	198
176	198
194	198
208	198
220	198
114	199
218	199
223	199
137	200
154	200
202	200
266	200
290	200
294	200
92	201
110	201
274	201
178	202
265	202
111	204
197	204
268	204
51	205
244	205
103	206
195	206
277	207
286	207
171	208
186	208
276	208
261	209
268	209
115	210
281	210
108	211
217	211
264	211
72	212
94	212
138	212
254	212
208	213
101	214
107	214
114	214
90	215
113	216
118	216
203	217
143	218
155	218
204	218
264	218
60	219
147	220
159	220
183	220
274	220
138	221
198	221
230	222
281	222
113	223
127	223
152	223
80	224
165	224
169	224
52	226
54	226
64	226
74	226
106	227
184	227
139	228
157	228
235	229
198	230
121	231
162	231
210	231
219	231
290	231
168	232
220	232
152	233
178	234
231	234
271	234
176	235
260	235
158	236
211	236
105	237
127	237
280	237
131	239
169	240
234	240
111	242
188	242
65	243
242	243
124	244
212	244
250	245
149	246
162	246
102	247
147	247
169	247
204	247
130	248
258	248
268	248
282	248
54	249
215	250
226	251
242	251
74	252
107	252
146	253
123	254
137	254
164	254
205	254
279	254
100	255
228	255
272	256
277	256
153	257
180	258
77	259
162	261
256	262
108	263
178	263
85	264
281	265
269	266
258	267
69	269
172	269
265	269
71	270
90	270
169	270
181	270
105	271
275	271
224	272
271	274
197	275
270	275
169	276
182	276
224	277
262	277
75	278
281	278
69	279
70	279
213	279
215	279
268	281
198	283
270	283
276	283
108	284
193	284
278	286
99	287
110	287
90	290
105	291
115	291
262	291
270	291
194	292
194	294
278	294
87	296
173	296
111	297
272	297
250	298
277	298
210	300
81	302
197	302
174	303
252	303
123	304
210	306
99	307
230	309
247	309
97	311
241	312
97	313
231	315
132	316
93	317
95	317
243	318
124	319
112	322
150	323
257	324
119	325
256	325
251	326
95	327
175	329
216	331
234	333
247	335
202	336
225	336
245	336
217	337
178	338
184	339
213	339
233	340
231	341
225	342
139	344
201	344
219	344
197	345
120	346
232	346
116	347
185	347
211	347
122	348
133	350
181	350
133	351
203	351
206	351
120	352
132	352
133	352
197	352
198	352
222	352
