580
117	8
109	9
102	12
97	13
96	19
102	19
118	19
127	22
145	26
151	26
163	28
90	33
108	35
127	35
188	36
73	37
83	37
66	38
179	38
66	39
121	39
184	39
95	40
183	40
194	40
184	42
166	43
88	44
108	44
133	44
140	44
168	44
201	44
63	45
141	45
75	47
119	47
150	47
158	47
175	47
190	47
102	49
113	49
180	49
193	51
56	52
169	55
186	55
199	55
110	58
178	60
53	61
106	61
133	62
179	62
123	65
102	66
186	69
57	70
131	70
62	71
57	74
211	75
121	77
227	77
49	79
57	82
115	82
184	82
69	83
115	84
165	86
78	87
90	89
188	90
102	91
104	91
57	92
67	94
127	94
171	94
188	94
174	95
88	96
78	97
175	100
102	101
165	103
191	103
39	109
196	111
206	112
48	113
241	113
197	114
240	114
241	115
188	116
217	116
53	117
179	119
209	120
64	122
42	123
103	123
190	123
199	123
210	123
250	123
183	124
235	125
73	126
54	127
103	127
201	127
234	127
81	128
240	128
64	131
255	133
72	135
103	135
234	135
239	136
33	137
81	137
201	137
263	137
66	138
72	138
82	139
89	139
263	139
226	140
104	142
179	142
248	142
95	144
148	145
262	145
247	146
252	146
262	146
218	147
195	148
225	148
269	148
210	149
231	149
252	149
295	149
36	150
268	150
286	150
275	151
99	152
302	153
36	154
43	154
61	154
218	154
107	155
218	155
174	157
196	157
210	157
123	158
150	158
308	158
98	159
167	159
243	159
285	159
70	160
183	160
279	160
36	161
203	161
217	161
267	161
33	162
243	162
260	162
57	164
216	164
291	164
65	165
72	165
169	165
35	166
241	166
64	167
82	167
153	167
183	167
222	167
235	167
44	168
241	168
287	168
102	169
194	169
200	169
138	170
182	170
193	170
199	170
92	171
88	172
102	172
165	173
176	173
221	173
287	173
283	174
40	177
55	177
138	177
289	177
36	178
50	178
187	178
294	178
70	180
179	180
206	180
142	181
295	181
301	181
99	182
152	182
187	182
224	182
230	182
277	182
60	183
218	183
303	183
277	184
174	185
117	186
288	186
128	187
203	187
209	187
92	188
112	188
137	188
248	189
304	189
31	190
35	190
271	190
245	191
58	192
201	192
253	192
56	193
225	193
32	195
141	195
98	196
142	196
198	196
239	196
38	197
236	197
114	198
252	198
304	198
92	199
117	199
126	199
204	199
220	199
280	199
194	200
210	200
290	200
32	201
146	201
208	201
275	201
282	201
33	202
219	202
236	202
147	203
256	203
170	204
195	204
295	205
297	205
33	206
130	206
278	206
33	207
92	207
195	207
71	208
87	208
115	208
142	208
106	209
114	209
65	210
156	210
203	210
36	211
46	211
99	211
105	211
184	211
233	211
110	212
243	212
148	213
247	213
251	213
38	214
155	215
281	215
98	216
137	217
168	217
274	217
119	219
174	219
34	220
181	220
40	222
211	223
280	223
261	224
51	225
104	225
106	225
218	225
126	226
138	228
47	229
214	229
106	230
156	230
199	230
290	230
58	231
273	231
103	232
123	232
159	232
235	232
40	233
151	233
167	233
253	234
63	235
262	235
174	236
175	236
213	236
62	237
128	237
269	237
202	238
252	238
265	238
138	239
147	239
208	239
166	240
255	240
68	241
98	241
132	241
203	241
256	241
275	241
235	242
243	242
284	242
292	242
180	243
185	243
224	243
143	244
158	245
70	246
136	246
144	246
252	246
103	247
136	247
276	247
261	248
279	248
283	248
290	248
295	248
43	249
185	249
60	250
210	250
51	252
142	252
57	253
133	253
244	253
245	253
143	254
159	254
262	254
126	255
164	255
235	256
237	256
272	256
277	256
174	257
272	257
81	258
149	258
265	258
182	259
247	259
258	259
265	259
188	260
164	261
48	262
57	262
132	262
84	263
134	263
165	263
276	264
251	265
268	265
276	265
79	268
89	268
280	268
130	269
162	269
280	269
164	270
176	270
181	270
73	271
247	271
49	272
85	273
150	273
96	274
137	274
153	274
97	275
254	275
138	276
163	276
164	276
250	276
88	277
176	277
181	277
268	278
60	280
102	281
206	282
163	283
210	284
75	285
108	285
56	286
101	289
81	290
215	290
178	295
216	296
224	296
69	297
90	297
99	297
76	298
216	298
61	300
90	300
102	301
104	301
116	301
226	301
245	302
89	304
189	304
100	305
216	305
55	306
55	307
102	307
238	307
115	310
59	311
253	311
97	314
220	314
114	315
236	315
95	317
96	318
229	318
136	319
108	320
140	320
220	320
53	322
236	322
230	324
250	324
130	325
210	325
80	326
55	327
120	329
163	329
211	331
237	332
112	333
60	334
77	334
118	334
54	336
76	336
200	336
231	336
112	337
121	337
224	337
55	338
164	338
213	338
100	339
103	339
62	340
171	340
212	340
80	342
107	342
120	342
201	342
205	342
113	343
138	343
219	343
224	343
74	344
194	344
107	345
119	345
213	345
55	346
61	346
82	346
147	347
171	347
206	347
130	348
170	350
90	351
114	351
63	352
84	352
92	352
119	352
122	352
132	352
138	352
171	352
195	352
222	352
223	352
