499
74	31
120	31
108	34
128	36
60	41
81	44
131	45
151	48
51	51
113	52
109	56
46	59
166	62
178	69
42	77
49	78
176	79
184	79
183	80
184	82
158	83
167	83
63	84
39	85
48	86
105	86
140	86
158	86
70	87
84	87
94	87
122	87
151	87
161	87
49	88
102	88
118	88
135	88
92	89
60	91
81	91
47	93
192	93
68	95
189	95
110	96
127	96
179	96
68	97
120	97
142	97
105	98
136	98
84	99
92	99
199	100
91	101
113	101
81	102
120	102
161	102
170	102
66	103
105	103
109	103
153	103
115	104
117	104
101	105
21	106
29	106
110	106
130	107
136	107
155	107
161	107
83	109
95	110
127	111
37	112
117	113
163	113
167	113
80	114
112	114
112	117
66	118
106	118
127	119
94	120
179	121
46	122
120	122
122	122
162	122
170	122
90	123
169	123
205	123
63	125
155	125
179	125
185	126
47	128
131	129
138	129
91	130
170	130
66	131
102	132
89	133
97	133
37	134
155	135
29	136
44	136
55	136
106	136
112	136
185	136
193	136
74	137
37	138
43	139
210	139
62	140
63	140
100	141
106	141
162	141
29	142
102	142
35	143
71	144
96	144
25	145
28	145
102	146
180	146
183	146
193	146
195	146
35	147
42	147
72	147
96	147
140	147
173	147
179	147
196	147
107	148
184	148
156	149
159	149
192	149
94	151
96	151
133	152
140	152
179	153
183	153
107	154
170	154
172	154
69	155
160	155
163	155
43	156
47	156
100	156
117	156
118	156
125	156
126	156
130	156
192	156
195	156
110	157
212	157
99	158
47	159
135	159
141	159
54	160
118	160
120	160
126	160
141	160
154	160
155	160
111	161
36	162
41	162
42	162
47	162
183	162
189	162
29	164
36	164
54	165
141	165
89	166
136	166
142	166
153	166
59	167
42	169
47	169
50	169
121	169
126	169
173	169
136	170
142	170
160	171
179	171
218	171
153	172
37	173
112	173
37	174
104	174
105	174
143	174
31	175
113	175
117	176
121	176
136	176
164	176
97	177
151	177
170	177
108	178
45	180
151	180
163	181
151	183
178	183
141	184
184	184
98	186
108	186
102	187
163	187
222	187
29	188
32	188
34	188
56	188
92	188
155	188
161	188
168	188
110	189
117	189
79	190
146	190
192	190
74	191
92	192
140	192
194	192
87	194
43	195
175	195
36	196
181	196
140	197
148	197
150	197
97	199
102	199
31	201
155	202
173	202
36	203
227	203
228	203
31	204
140	204
179	204
187	204
192	204
43	205
90	206
97	206
98	206
103	206
155	206
32	207
129	207
179	207
184	207
86	208
90	208
162	208
164	208
98	209
184	209
240	209
146	210
169	210
52	211
93	211
225	211
46	212
77	213
103	213
72	214
236	214
162	215
88	216
168	216
142	217
35	218
168	218
72	219
174	219
183	219
35	220
231	220
65	221
83	221
194	221
140	222
47	225
237	225
181	226
42	227
160	227
185	227
110	228
117	228
165	228
174	228
177	228
91	229
236	230
100	231
127	231
93	232
135	232
139	232
157	232
165	232
42	233
133	233
170	233
178	233
182	233
36	234
70	235
109	235
198	235
105	236
115	236
204	237
237	237
64	238
165	238
169	238
156	239
157	239
160	239
93	240
115	241
189	241
87	242
105	242
122	242
194	242
80	243
140	243
143	243
149	243
176	243
182	243
112	244
169	244
173	244
180	244
186	244
105	245
203	245
39	246
149	247
173	247
209	247
99	248
110	248
122	248
180	248
57	249
153	249
178	249
184	249
149	250
52	251
84	251
87	251
99	251
127	251
129	251
152	251
162	251
134	252
88	253
143	253
146	253
162	253
152	254
150	255
127	256
157	256
207	256
43	257
108	257
132	257
214	257
171	258
39	259
102	259
164	259
171	259
82	260
112	260
86	262
188	262
194	263
173	264
111	265
179	265
177	269
194	269
113	270
199	271
39	272
107	272
236	272
152	274
160	274
83	275
87	275
169	275
177	275
156	276
167	276
181	276
40	278
89	280
59	281
81	283
88	289
92	289
109	290
115	290
230	291
101	292
79	296
115	297
118	297
41	298
87	298
98	300
120	303
76	304
78	304
87	307
98	308
43	311
229	313
87	314
207	320
214	320
43	323
51	329
58	335
47	339
119	340
138	341
144	341
138	346
120	347
48	348
112	350
53	351
66	351
89	351
161	351
174	351
185	351
196	351
207	351
74	352
130	352
134	352
147	352
192	352
