530
64	74
69	77
71	77
36	80
54	82
61	83
62	84
69	86
74	87
68	89
33	90
35	90
42	90
63	90
90	91
48	92
57	93
82	98
38	99
63	99
68	99
107	100
95	101
71	102
162	102
98	103
153	103
38	106
78	109
83	109
103	109
44	110
33	111
153	111
71	112
36	113
52	115
152	115
192	116
193	116
184	118
47	120
62	120
33	122
82	122
84	123
87	123
92	123
185	123
197	123
202	123
40	128
84	130
86	131
37	132
97	132
179	132
182	132
64	135
187	136
198	136
70	137
172	137
160	138
63	139
31	142
74	142
169	143
109	145
200	147
132	148
29	149
39	150
223	151
87	153
223	153
237	153
258	153
109	154
258	154
267	154
47	156
27	157
275	157
258	158
275	158
222	159
133	160
71	161
242	161
55	162
249	162
274	162
36	164
87	164
96	164
239	164
36	165
42	165
249	165
70	166
142	166
228	166
229	166
254	166
239	170
247	170
230	171
233	171
96	172
252	173
57	174
281	174
41	175
45	176
106	176
57	178
63	178
94	178
250	178
258	178
264	178
123	179
271	179
287	179
32	180
37	180
228	180
235	180
305	181
94	182
106	182
279	182
224	183
244	183
295	184
31	186
37	186
61	186
80	186
168	186
39	187
123	187
205	187
94	188
164	188
91	189
139	189
152	189
303	189
300	190
79	191
60	192
148	193
253	193
138	194
111	195
216	195
224	195
261	195
189	196
239	196
266	196
275	196
182	197
184	197
32	199
57	199
78	200
84	200
124	200
303	200
208	201
214	201
110	202
169	202
170	202
233	202
81	203
160	203
265	203
280	203
158	204
177	204
248	204
250	204
288	204
296	204
166	205
182	205
303	205
174	206
199	206
250	206
45	207
123	207
192	207
269	208
152	209
245	209
257	209
45	210
192	210
282	210
52	211
85	211
182	211
183	211
266	211
284	211
200	212
175	213
202	213
218	213
224	213
178	214
194	214
171	215
195	216
95	217
262	219
245	220
188	221
204	222
95	224
173	224
179	224
197	225
212	225
217	225
169	226
225	226
251	227
257	227
263	227
190	229
219	230
263	230
198	231
204	231
106	232
219	233
221	233
52	235
63	235
183	235
189	235
58	236
155	236
164	236
254	236
152	238
72	239
161	239
213	239
219	239
66	240
115	240
245	240
122	243
166	244
230	245
252	246
46	248
77	248
262	248
230	249
214	250
46	251
78	251
87	251
230	252
214	253
222	253
188	254
194	254
220	254
111	255
117	255
159	255
234	256
249	257
96	260
102	260
110	260
208	260
116	261
103	263
181	263
233	263
109	264
174	264
196	264
208	264
52	265
210	265
184	266
202	266
221	266
224	266
152	267
248	267
115	268
116	268
198	268
214	268
122	269
262	269
97	271
103	271
191	271
198	271
248	271
253	271
185	272
192	272
62	273
66	273
199	273
214	273
254	273
210	274
212	274
97	275
104	275
132	275
141	275
260	275
76	276
82	276
92	276
99	276
68	278
185	278
62	279
64	279
121	279
153	279
181	279
219	279
225	279
60	280
114	280
130	280
105	281
252	281
70	283
77	283
52	284
72	284
204	284
214	284
215	284
253	284
155	286
238	286
225	287
229	287
243	287
260	287
122	288
217	288
223	288
209	290
97	291
104	291
203	291
224	291
145	292
250	292
243	293
116	294
137	294
249	294
211	295
217	295
204	296
212	296
254	296
97	298
92	299
213	299
229	299
234	299
235	299
241	300
253	301
136	302
143	302
248	302
262	302
54	304
107	304
101	305
177	305
183	305
260	306
53	307
241	307
49	308
151	308
157	308
162	308
169	308
205	308
219	308
233	308
87	309
137	309
141	309
160	309
239	309
82	310
160	313
97	314
103	314
169	315
232	315
261	315
240	316
244	316
194	317
205	317
251	317
154	318
202	318
216	318
97	319
255	319
94	320
103	321
225	321
232	321
244	321
250	321
53	322
218	322
230	322
239	324
242	324
80	326
177	326
184	327
73	328
154	328
157	328
224	328
228	328
82	330
74	331
206	331
248	331
193	332
199	332
201	332
259	332
229	333
233	333
258	333
98	334
151	334
161	334
243	334
246	334
92	336
94	336
107	336
85	337
101	337
211	338
223	338
227	338
183	340
221	340
246	340
160	341
189	341
234	341
241	341
260	341
140	342
152	342
243	342
95	344
210	345
216	345
147	346
151	346
219	346
133	347
243	347
170	348
250	348
251	348
97	350
203	350
227	350
229	350
238	350
86	351
90	351
106	351
115	351
123	351
147	351
148	351
152	351
164	351
168	351
178	351
195	351
209	351
219	351
227	351
62	352
71	352
85	352
86	352
98	352
133	352
135	352
156	352
187	352
197	352
202	352
214	352
221	352
233	352
237	352
243	352
