352
181	65
198	66
161	70
165	70
204	70
215	73
220	73
166	74
152	80
151	83
161	84
171	86
221	88
191	91
141	92
208	92
145	93
219	94
222	96
180	97
234	97
189	98
134	101
178	101
210	102
221	102
225	102
231	102
238	102
239	103
245	106
199	108
207	109
127	110
143	112
123	113
245	116
232	117
263	123
120	124
264	124
244	125
112	131
237	132
249	132
275	133
275	134
243	135
258	136
65	138
227	138
237	138
280	138
71	139
267	139
280	139
243	140
115	141
42	142
85	144
266	145
58	146
237	146
242	146
28	147
34	147
49	147
81	147
98	147
107	147
300	148
109	149
287	150
294	150
300	150
263	152
306	152
82	153
304	153
125	154
225	155
229	155
120	156
237	156
243	156
298	156
78	157
92	157
284	157
81	158
67	159
265	159
290	159
252	161
101	162
230	162
100	163
225	163
81	164
221	164
288	164
55	165
83	165
46	166
299	166
53	167
42	168
232	168
174	169
278	169
92	170
171	170
245	170
286	170
305	170
238	171
244	171
284	171
103	172
297	172
284	173
29	174
47	174
101	174
233	174
238	174
278	174
95	175
225	176
41	177
60	177
293	177
103	178
135	179
259	179
77	180
89	180
265	180
180	181
233	181
239	181
242	181
250	181
257	181
53	182
117	183
142	185
96	186
127	186
134	186
183	186
244	186
250	186
42	187
63	187
76	187
257	187
284	187
58	188
67	188
106	188
292	188
303	188
45	192
117	192
243	193
249	194
277	194
139	195
43	196
67	196
76	196
192	199
302	199
101	200
189	201
242	201
249	201
264	201
282	202
76	203
86	203
281	203
189	204
194	204
249	205
255	205
61	206
86	206
93	206
55	208
61	210
192	211
196	211
300	211
262	212
267	212
87	213
93	213
249	213
69	214
185	215
286	216
137	217
293	217
95	219
249	219
84	220
254	220
164	221
261	221
162	223
280	223
291	223
144	224
261	224
264	224
138	225
167	226
248	226
253	226
280	226
80	227
229	227
233	227
283	228
187	229
253	229
260	229
289	229
195	230
290	230
89	231
247	231
252	231
260	231
272	231
149	233
278	233
90	234
163	234
213	234
181	235
184	235
219	235
270	237
234	238
235	238
80	239
279	240
282	240
81	241
94	241
237	241
242	241
295	241
148	242
190	243
212	243
258	244
217	245
264	245
237	247
285	247
91	248
233	248
241	248
297	248
117	250
111	251
211	252
283	252
103	253
111	256
82	260
90	260
123	262
118	264
289	266
84	268
182	269
118	273
294	276
181	278
228	281
231	283
250	283
162	284
270	284
97	287
101	287
276	287
195	290
240	290
243	290
161	292
105	293
246	293
287	293
294	293
119	294
289	294
100	295
157	295
195	297
111	302
280	302
289	302
226	306
183	307
190	307
228	310
291	312
208	313
191	314
270	317
208	320
259	320
264	322
208	324
282	327
290	328
270	329
261	331
161	334
285	334
173	336
131	337
259	337
252	339
129	341
172	341
122	344
205	344
231	344
259	344
195	346
253	346
241	348
134	349
233	350
151	351
154	351
174	351
218	351
257	351
177	352
182	352
211	352
218	352
231	352
233	352
