374
90	7
90	8
139	8
127	9
59	10
75	10
97	11
113	11
116	15
123	15
51	16
59	18
157	20
149	23
165	24
163	25
43	28
155	28
158	29
162	32
168	34
34	35
175	40
35	43
152	45
159	45
166	46
173	47
141	48
159	50
33	54
151	54
179	55
157	56
28	58
142	62
149	62
24	65
127	67
167	67
17	69
18	69
83	69
120	69
135	69
142	69
175	69
79	70
129	71
132	71
85	72
122	73
21	74
81	74
87	76
167	76
83	78
151	78
184	78
156	79
137	80
139	80
163	80
141	81
147	81
44	82
89	83
125	84
136	84
191	84
51	89
163	89
169	89
38	90
44	90
92	91
47	92
145	93
162	93
188	93
169	94
194	94
200	94
20	95
145	95
152	96
38	100
202	101
30	102
161	102
167	103
100	106
152	108
159	108
167	108
174	108
63	109
57	113
42	114
145	114
151	114
159	115
167	115
34	116
100	116
165	116
172	116
94	120
172	120
178	121
46	122
159	123
164	123
205	123
137	124
142	124
151	125
157	125
71	128
53	129
130	129
136	129
164	129
178	129
48	130
170	130
172	130
183	130
66	131
70	131
73	131
77	131
55	132
49	134
95	134
103	135
163	135
170	135
183	135
136	136
139	136
157	136
162	136
66	137
188	137
24	138
71	138
121	138
127	138
57	139
90	139
93	139
30	140
170	140
62	141
87	141
25	142
54	142
147	142
142	143
177	143
87	144
154	144
207	144
62	145
57	147
97	148
120	148
142	148
125	149
127	149
132	149
149	149
151	152
215	152
96	153
159	155
164	156
119	157
149	160
98	162
88	163
156	163
164	163
219	163
162	164
170	164
256	164
210	165
30	167
209	167
279	167
212	168
226	168
255	168
75	169
220	169
243	169
268	169
286	170
190	171
284	171
86	172
221	173
258	173
151	175
194	175
284	175
157	176
217	176
73	177
232	178
257	179
278	180
74	181
138	186
263	186
278	186
140	187
228	187
232	187
242	187
249	187
256	187
264	187
271	187
73	189
161	189
210	189
158	190
211	190
265	191
162	192
168	192
277	192
228	194
234	194
150	195
213	196
276	196
254	197
157	198
263	199
277	199
208	200
236	200
241	200
67	201
119	201
32	202
282	202
215	204
249	204
34	205
204	205
263	205
277	205
96	206
121	207
229	207
235	207
242	208
249	208
255	208
96	212
136	212
94	213
248	213
254	213
261	213
242	214
139	216
235	216
241	216
129	217
207	217
33	219
118	220
229	220
95	221
100	221
234	221
241	223
130	224
92	225
119	226
228	227
239	227
100	228
212	228
253	228
73	230
123	230
228	231
34	232
213	234
206	235
239	235
227	236
244	237
72	240
219	240
257	240
76	242
244	242
119	243
96	245
112	247
217	247
242	247
248	247
37	248
217	248
224	248
240	248
254	248
209	249
229	249
254	251
87	252
90	252
96	252
104	254
253	256
86	257
253	257
89	258
135	258
218	258
244	259
39	260
220	260
70	261
103	261
139	261
142	261
236	261
226	262
215	263
143	266
68	267
139	267
201	267
137	269
39	270
124	271
137	273
193	274
124	275
67	278
101	280
129	281
66	282
123	282
111	283
48	284
88	285
101	287
138	290
88	292
103	295
139	297
185	299
176	301
71	304
179	306
89	309
115	310
102	311
123	311
143	315
137	318
120	320
108	325
