317
148	83
148	84
164	88
153	89
128	91
142	92
155	92
188	92
118	93
180	93
198	94
107	96
205	99
159	100
104	105
123	111
127	111
174	111
176	113
98	114
155	114
184	116
221	117
205	118
196	120
219	120
93	122
228	122
143	123
158	123
182	123
132	124
169	124
92	126
237	126
86	127
133	127
136	127
87	128
190	133
217	135
224	135
242	135
182	136
190	136
82	138
249	139
254	140
137	143
143	143
39	145
146	145
57	146
75	146
224	147
229	148
239	148
38	149
48	149
207	149
244	149
214	150
139	152
41	154
214	155
134	156
219	156
31	157
262	157
75	158
182	158
189	158
229	158
205	159
233	159
109	160
189	160
219	160
265	160
67	161
196	161
279	163
87	165
110	165
263	165
260	166
77	167
219	167
203	168
57	169
209	169
226	169
229	169
268	169
155	170
286	170
69	171
145	171
172	171
217	171
284	171
31	172
129	172
133	172
179	172
257	174
229	175
284	175
41	176
128	176
194	176
293	176
135	177
199	177
234	177
295	179
186	180
224	180
59	181
191	181
139	182
162	182
167	184
35	185
43	186
233	186
277	186
67	187
76	187
186	187
190	187
278	187
283	187
55	188
239	188
70	189
193	189
52	190
53	190
63	190
160	191
261	191
269	191
284	192
70	195
48	199
209	200
281	200
285	200
214	202
227	202
55	205
277	205
268	206
64	207
74	207
123	207
232	207
233	207
269	207
70	208
134	209
282	209
240	210
283	210
202	213
262	214
274	214
67	215
205	215
210	215
267	215
122	216
70	217
133	217
181	218
183	219
214	219
112	225
199	225
278	227
134	228
193	228
71	232
269	232
112	233
277	233
117	236
108	237
134	237
75	240
116	242
265	244
178	245
273	247
169	249
180	249
161	251
143	253
279	253
270	255
172	256
132	257
275	257
161	258
72	259
160	259
142	260
166	261
265	262
161	264
282	264
114	265
67	267
275	267
280	267
257	270
264	271
67	273
79	273
112	273
159	274
223	274
162	275
231	275
255	275
118	276
274	276
130	277
75	278
138	278
86	279
231	279
66	281
66	282
162	282
215	282
234	282
273	282
81	283
129	283
277	283
276	284
71	285
132	285
138	285
153	285
184	285
276	287
75	288
209	288
88	290
123	290
132	291
185	291
182	293
184	293
76	295
87	296
269	296
122	297
185	298
259	300
270	300
175	301
179	301
278	302
254	303
163	304
241	304
265	304
175	306
179	306
266	306
88	307
173	307
165	308
276	308
180	310
262	311
94	313
173	313
165	314
93	315
162	315
270	315
256	317
223	318
243	319
248	324
216	325
256	327
270	327
110	328
248	329
253	330
248	332
254	332
240	334
261	335
244	338
186	340
123	341
243	341
224	342
150	345
216	348
187	349
245	350
207	351
211	351
238	351
244	351
150	352
176	352
220	352
234	352
