427
117	12
117	13
102	14
104	15
145	16
146	16
134	18
135	18
125	20
150	22
104	23
100	24
194	27
157	28
129	29
147	29
213	29
177	30
120	31
112	32
195	32
202	33
162	35
95	36
97	36
148	38
184	39
229	41
86	42
126	42
229	42
176	43
203	43
166	46
152	47
98	48
230	48
236	49
214	50
92	51
205	51
114	52
89	53
95	53
170	55
107	56
233	56
234	56
82	59
174	59
35	60
50	60
142	60
79	61
185	61
195	61
206	62
214	62
190	63
204	63
179	65
27	66
28	66
111	66
178	66
238	66
20	67
154	67
178	68
33	69
69	69
90	69
143	69
83	70
44	71
104	71
37	72
35	73
159	73
194	74
49	75
214	75
72	76
78	76
74	77
158	77
207	78
21	79
247	80
126	81
194	83
120	84
82	85
87	86
42	87
195	87
201	87
133	88
242	88
34	90
87	91
202	91
223	91
145	92
210	92
129	93
143	93
161	93
211	93
27	94
120	96
20	97
158	97
73	98
222	100
235	100
47	101
208	102
237	102
153	103
214	104
38	105
30	110
22	112
150	112
160	121
29	122
249	122
24	123
227	123
105	126
28	127
255	128
158	129
159	130
100	131
105	131
23	132
275	132
282	135
287	136
57	137
100	137
266	139
275	139
281	139
258	140
97	145
147	146
276	146
275	147
37	149
300	149
30	151
109	151
46	152
101	152
290	152
262	153
146	154
117	155
125	156
298	156
35	157
283	157
31	158
282	159
101	161
107	161
142	161
289	162
272	163
291	163
31	164
152	166
263	166
299	166
154	167
32	168
49	168
272	168
27	169
228	169
234	169
272	169
253	170
138	171
187	171
245	171
261	171
280	171
284	171
168	172
177	172
267	172
290	172
295	172
187	173
249	173
257	173
305	173
57	174
271	174
42	175
234	175
51	176
101	176
107	176
95	178
240	178
249	178
145	179
262	179
67	181
273	181
277	181
60	182
152	183
52	185
101	185
43	186
60	186
159	186
166	186
230	186
284	186
290	186
296	186
31	187
46	187
54	187
154	187
162	187
284	187
290	187
37	188
235	188
117	189
180	189
270	189
48	190
54	190
113	190
271	190
105	191
62	196
178	196
277	196
108	197
235	197
135	198
239	198
276	198
261	199
270	199
302	200
288	201
101	202
105	202
193	205
253	205
270	205
97	206
135	206
212	206
217	207
264	207
281	208
245	209
32	210
124	210
253	210
217	211
136	212
188	212
223	213
287	213
130	214
244	214
268	214
245	215
290	215
267	216
279	218
62	220
247	221
292	221
56	222
292	222
239	225
255	226
278	227
48	228
261	228
277	229
239	231
260	232
270	232
105	233
249	233
53	234
239	234
269	234
281	234
290	235
34	237
244	237
255	239
231	240
264	240
189	242
280	242
106	244
61	245
63	246
116	247
185	247
291	248
289	249
58	250
69	250
182	251
272	251
278	252
82	253
88	253
268	253
185	256
276	257
37	258
96	260
263	262
274	264
287	266
67	270
287	271
289	271
252	272
39	273
147	273
277	273
65	276
75	276
68	277
160	277
148	280
283	280
284	281
288	281
292	281
86	282
167	282
81	284
277	284
277	285
70	286
40	287
265	287
284	289
75	290
284	290
289	290
148	291
162	292
273	295
148	296
285	297
291	297
269	298
144	299
43	301
124	302
155	303
283	303
285	304
131	307
119	309
123	309
156	309
43	310
112	310
108	311
148	311
139	314
281	314
290	314
108	315
251	318
277	318
285	318
276	322
254	323
278	323
168	325
244	327
45	328
251	328
49	331
272	338
81	341
112	341
133	341
88	344
159	344
198	344
254	344
265	344
242	345
49	346
153	346
112	347
128	348
103	349
192	349
51	351
104	351
169	351
191	351
222	351
238	351
57	352
81	352
162	352
167	352
189	352
205	352
206	352
