246
142	8
216	8
237	8
132	9
225	9
196	11
289	11
258	13
225	14
187	15
268	16
302	16
178	17
204	17
213	17
278	17
153	20
295	20
169	21
221	21
163	23
243	23
124	24
212	24
313	24
113	26
204	26
211	26
133	27
143	27
156	27
169	27
106	28
164	28
302	28
314	28
309	29
205	30
172	32
316	32
310	33
109	34
117	34
219	34
146	35
156	35
138	36
166	37
182	39
127	40
174	40
233	40
314	43
305	44
185	45
225	46
131	47
178	47
188	47
102	48
216	52
174	53
189	53
314	53
200	54
293	55
126	57
299	57
206	58
101	61
214	63
191	69
175	71
98	72
193	75
183	79
317	83
101	84
103	84
273	90
98	91
189	93
148	94
195	96
266	98
165	99
154	100
186	100
158	101
171	102
163	104
140	106
94	108
148	111
314	111
177	113
97	119
143	121
308	122
104	123
94	124
141	128
76	129
100	132
110	134
69	136
59	137
160	139
255	140
99	142
59	143
248	143
165	144
175	144
181	145
310	145
190	147
249	147
253	147
71	148
97	149
171	152
254	153
122	154
305	154
88	160
120	161
98	163
205	163
210	163
234	163
197	165
305	167
52	168
72	168
306	168
71	169
211	169
46	170
229	172
46	173
52	173
42	174
307	174
257	175
88	176
93	176
38	178
88	180
237	180
302	181
248	185
48	186
67	186
78	186
100	186
306	186
82	187
238	187
72	188
63	189
305	191
83	192
136	192
250	192
93	193
63	195
73	195
102	195
69	197
95	198
86	199
300	199
53	200
66	200
69	200
103	200
221	200
284	200
122	201
58	202
80	202
85	202
97	204
64	205
73	205
287	207
60	211
82	211
90	211
99	211
108	212
169	212
72	213
93	217
65	218
98	218
105	220
88	221
301	222
68	223
79	225
70	227
90	227
296	227
260	236
164	238
116	239
166	243
126	245
156	245
165	248
297	249
155	250
162	251
133	254
130	259
255	259
132	261
140	261
138	262
237	264
138	265
141	265
296	266
229	267
260	267
268	267
268	270
274	270
146	271
135	275
295	277
145	278
277	280
293	287
230	294
146	296
157	297
163	297
164	297
213	298
251	298
177	299
230	302
233	305
