270
160	73
128	74
128	76
195	78
122	81
134	82
176	82
142	83
211	88
221	89
99	90
188	90
185	92
215	92
81	97
229	98
87	99
133	100
125	102
178	102
239	102
204	103
88	105
80	106
176	106
200	106
249	106
250	106
193	107
79	108
242	110
241	112
204	113
243	116
245	116
160	117
161	118
194	118
207	120
203	124
248	124
195	127
118	128
254	129
286	129
310	132
284	134
304	134
306	134
295	135
58	136
65	137
72	137
277	137
307	137
264	138
278	138
59	139
196	140
195	144
270	145
273	146
258	147
281	148
54	151
150	152
205	153
270	153
48	154
53	154
305	154
44	155
117	155
207	155
125	156
146	157
151	158
253	158
274	158
275	158
283	158
102	160
108	160
151	161
158	161
257	162
65	164
74	164
195	164
207	164
47	165
145	166
148	166
272	166
43	167
64	167
188	167
45	168
52	168
279	168
286	168
303	168
305	168
103	169
92	171
207	172
297	172
52	173
57	173
85	173
144	173
148	173
272	173
50	174
60	174
66	174
184	174
276	175
279	175
237	179
44	181
248	182
285	183
287	183
72	184
73	184
267	186
52	187
273	189
305	189
87	191
143	192
243	192
82	193
253	193
151	194
116	195
265	195
287	195
182	196
187	196
270	196
188	197
145	198
44	199
151	199
164	202
159	203
195	203
218	203
118	204
93	205
186	205
87	206
147	206
152	206
185	206
87	208
209	208
303	208
82	209
89	209
217	209
48	211
285	211
153	213
150	214
296	215
60	216
298	216
170	217
274	217
166	218
294	218
154	220
155	220
68	221
301	221
252	222
64	223
288	223
110	224
178	224
280	224
48	226
280	226
297	226
159	227
257	227
68	229
183	229
285	232
289	233
191	234
300	235
191	238
47	240
196	246
62	247
280	247
259	248
87	249
264	250
284	250
188	251
294	253
68	255
188	256
48	259
142	266
169	266
289	266
171	267
139	269
296	269
168	270
131	273
49	275
136	276
78	280
142	280
294	281
147	284
85	288
157	288
52	290
180	290
288	290
179	291
282	296
294	296
91	298
51	303
141	306
148	309
60	310
292	313
232	315
290	328
57	329
183	335
177	336
211	337
170	338
204	338
170	341
289	343
58	344
215	345
172	350
62	351
66	351
98	351
154	351
157	351
161	351
168	351
193	351
235	351
236	351
254	351
270	351
80	352
82	352
86	352
104	352
123	352
131	352
270	352
285	352
