596
112	7
124	7
90	8
146	8
217	8
83	9
198	9
220	10
73	11
207	11
215	13
185	14
204	15
157	17
170	18
229	18
124	20
199	20
102	24
167	24
209	24
216	24
149	25
187	26
215	26
103	27
231	27
197	29
230	29
58	30
59	30
67	30
95	31
221	32
161	33
193	33
209	33
207	34
95	35
99	36
67	37
140	37
179	37
100	40
170	40
198	41
135	42
157	42
144	43
115	44
54	45
159	45
224	45
232	45
54	46
229	46
152	47
106	48
163	48
118	50
45	51
192	51
201	53
56	55
192	55
229	55
106	57
97	58
132	58
55	59
217	59
136	60
194	60
223	60
74	62
84	62
197	62
199	62
187	63
232	64
27	66
43	66
51	66
130	66
19	67
92	67
97	67
135	67
244	67
74	68
83	69
99	69
63	71
129	71
164	71
238	73
244	73
251	73
74	75
100	75
93	76
66	77
171	79
24	80
46	80
145	80
157	80
162	80
160	81
177	81
245	81
39	82
57	82
95	83
106	83
145	83
154	84
85	85
135	85
234	85
251	85
304	85
316	85
101	86
294	86
67	87
223	87
241	87
60	88
78	88
294	88
115	89
111	90
262	91
274	91
59	92
101	92
204	92
231	92
43	93
99	93
209	93
27	94
37	94
247	94
258	96
292	96
47	97
32	98
35	98
45	98
21	99
217	99
247	99
104	100
301	100
295	101
39	102
274	102
37	103
242	103
251	104
259	105
282	105
309	107
133	109
251	110
37	111
28	112
204	112
266	113
273	113
275	113
278	113
304	113
33	118
38	118
275	118
208	120
306	120
140	121
269	121
60	122
207	122
306	122
33	123
55	123
199	123
213	123
28	124
264	124
267	124
203	125
140	127
300	127
231	128
278	129
28	130
234	130
257	130
270	130
246	131
62	134
42	135
109	136
302	136
269	137
69	138
229	138
83	139
280	140
302	140
308	141
35	142
38	142
70	143
302	143
50	144
58	144
238	144
26	147
83	147
275	147
56	148
244	148
274	148
31	150
43	150
82	151
274	151
31	152
87	152
41	153
85	153
140	154
305	155
118	156
131	156
264	156
265	156
77	158
32	159
54	159
92	159
26	160
61	160
31	161
278	161
152	162
261	163
60	164
147	164
268	164
177	165
110	166
163	166
187	166
154	167
258	167
43	168
173	168
256	168
305	168
33	169
149	169
263	169
80	170
64	171
164	171
263	171
84	173
175	173
70	175
64	176
120	176
133	176
270	176
273	176
29	177
37	177
42	177
38	178
88	178
253	178
56	179
61	179
145	182
166	182
48	183
109	183
138	183
302	183
96	184
55	185
63	185
116	185
126	185
269	185
89	186
145	186
180	186
257	186
31	187
41	187
75	187
96	187
153	187
169	187
264	187
274	187
296	187
46	188
61	188
181	188
284	188
139	189
89	193
117	193
154	193
252	193
162	195
264	196
268	196
286	196
71	197
93	198
137	199
32	200
252	200
38	201
43	201
85	201
111	201
128	201
157	201
259	201
153	202
70	203
149	203
268	203
293	203
143	204
128	205
276	205
35	206
38	206
40	206
138	206
140	206
158	206
249	207
293	207
258	208
303	208
48	209
112	209
249	209
107	210
146	211
148	211
217	212
231	213
249	214
258	214
266	214
277	214
107	215
222	215
240	215
47	216
244	216
49	217
292	221
302	221
59	222
241	222
252	222
273	222
40	223
264	223
128	224
168	224
51	228
257	228
129	232
239	232
290	232
242	234
113	235
54	236
267	236
266	238
135	240
242	240
59	241
79	241
98	241
106	241
115	241
253	241
274	241
282	241
88	242
241	242
286	242
273	243
97	246
106	246
196	246
253	247
235	248
242	248
266	248
51	249
249	249
255	249
277	249
58	250
59	251
240	252
276	252
82	253
200	253
255	254
257	254
264	255
266	255
269	255
243	256
285	258
274	259
244	260
249	260
260	261
263	261
271	262
102	263
239	264
219	266
241	266
242	266
248	267
101	268
176	268
54	269
232	269
257	269
290	269
178	270
239	270
61	271
250	271
83	272
264	272
227	274
239	274
69	276
70	276
250	276
72	277
83	277
245	277
283	277
289	277
253	278
164	280
212	280
277	281
281	281
284	281
70	282
255	285
258	287
71	288
169	288
240	288
229	289
278	289
279	289
54	290
249	290
92	291
220	291
233	291
250	291
172	294
212	294
70	295
206	296
259	296
271	296
94	297
227	297
230	297
271	297
171	300
253	301
196	302
220	302
238	302
278	302
60	303
66	303
67	303
82	303
101	303
177	303
94	304
110	305
274	305
202	306
205	306
260	306
157	307
240	307
145	308
200	308
86	309
87	310
178	310
137	311
170	311
222	311
103	312
57	313
80	313
103	313
141	313
59	314
168	314
253	314
205	315
222	315
267	316
86	317
190	317
197	317
63	318
64	318
91	318
133	318
148	318
177	318
189	318
260	318
273	318
108	319
98	320
214	320
227	320
93	321
201	321
81	323
200	324
176	326
186	326
194	326
214	326
82	327
84	327
171	327
187	327
193	327
207	328
213	328
248	328
265	328
255	329
269	329
270	329
263	330
269	332
220	333
213	334
212	335
249	336
278	337
203	338
221	340
228	340
248	340
249	341
274	341
200	343
210	345
267	346
228	347
245	349
268	349
220	350
249	350
252	350
210	351
217	351
203	352
210	352
