549
187	69
152	72
158	72
151	76
152	77
214	77
195	79
206	79
128	81
113	82
192	82
106	83
193	84
217	88
280	88
314	89
109	92
144	92
204	92
176	93
301	95
193	96
231	96
233	96
220	97
222	97
212	98
130	99
290	99
301	100
149	102
245	102
277	102
295	102
252	103
252	104
262	104
283	104
94	105
111	105
231	105
134	107
226	108
246	108
252	108
305	108
193	109
247	109
310	109
107	110
299	110
122	111
94	113
107	113
155	113
212	113
268	113
286	113
129	114
158	115
253	115
273	115
245	116
253	116
226	117
227	117
224	120
307	121
193	122
214	122
261	122
309	122
68	123
69	123
74	123
84	123
122	123
247	123
278	123
281	123
301	123
56	124
74	124
96	124
137	124
140	124
177	124
232	124
238	124
87	126
102	127
127	127
130	127
51	128
52	128
78	128
135	128
44	129
59	129
98	129
155	129
196	129
202	129
255	129
278	129
80	130
226	130
269	130
33	131
139	131
257	131
75	132
245	132
67	133
136	133
264	133
308	133
41	134
189	134
210	134
303	135
305	135
52	136
87	136
270	136
280	136
33	137
53	137
25	138
26	138
45	138
233	138
260	138
67	139
135	139
147	139
158	139
198	139
259	139
46	140
117	140
262	140
67	141
126	141
280	141
95	142
303	142
59	143
241	143
247	143
306	143
152	144
266	145
257	146
113	148
190	148
42	149
53	149
191	149
53	150
233	151
59	152
257	152
69	153
262	153
58	154
76	154
136	154
241	154
305	154
117	155
121	155
142	155
51	156
54	156
83	156
184	157
64	160
73	160
235	160
262	160
196	161
251	161
33	162
44	163
121	163
242	163
56	164
74	167
231	168
305	168
36	170
29	171
64	171
145	171
186	171
149	172
157	172
41	173
271	173
250	174
266	174
277	174
29	175
57	175
60	175
244	175
117	176
124	176
260	176
38	177
122	177
255	177
180	178
135	180
78	182
238	182
303	182
87	183
217	183
68	184
121	186
128	186
146	186
42	187
47	187
125	187
152	187
220	187
264	187
36	188
269	188
44	189
275	189
277	189
284	189
51	190
66	193
57	194
74	194
38	195
269	195
274	195
36	196
63	196
51	197
184	197
288	197
80	198
282	198
238	199
89	200
116	200
244	200
267	200
66	201
96	201
105	201
122	201
185	201
272	201
41	202
90	202
97	203
292	203
53	206
105	206
244	206
272	206
277	206
114	207
292	207
103	208
123	208
231	208
303	208
72	209
271	209
238	210
248	210
276	210
51	211
219	211
284	212
80	213
98	213
41	214
68	215
248	215
51	216
296	216
64	217
74	217
80	217
260	217
265	218
295	218
64	219
112	219
127	219
287	219
75	221
302	221
280	222
60	223
284	224
229	225
265	225
48	226
249	226
61	227
254	227
77	228
276	228
162	229
294	229
68	230
165	230
65	231
77	232
82	232
144	232
160	232
84	234
112	237
118	237
66	238
243	238
72	239
77	239
106	239
249	239
142	240
151	241
64	242
92	242
97	242
125	242
158	242
50	243
132	243
86	244
66	247
85	247
224	247
297	247
81	248
228	248
285	248
52	249
115	249
188	249
274	249
158	250
163	250
203	250
72	251
107	251
142	251
148	251
209	252
67	253
87	254
93	254
254	255
291	255
61	256
82	256
87	256
107	256
260	256
292	256
294	256
89	257
101	257
278	258
54	259
269	259
148	260
189	260
285	260
54	263
82	264
267	264
76	265
78	265
159	265
164	265
90	266
59	267
61	267
69	267
111	268
117	268
275	268
84	269
147	269
290	269
297	270
91	271
147	271
96	272
102	272
192	272
270	272
272	272
69	273
97	273
142	273
166	273
161	274
153	275
193	276
99	277
68	279
72	279
106	279
192	279
81	280
89	280
178	281
72	282
177	282
122	283
127	283
171	283
285	283
192	284
198	284
277	284
91	287
106	287
174	287
114	288
151	288
107	289
69	290
221	290
176	291
281	291
287	291
63	292
186	292
67	293
165	294
216	294
186	295
189	295
154	296
169	297
174	297
277	298
71	299
77	299
174	299
250	299
176	300
234	300
92	301
72	302
87	302
276	302
282	302
199	303
127	305
132	305
290	305
132	306
137	306
187	306
286	306
291	306
221	308
72	310
129	310
189	310
282	311
214	313
290	314
90	315
167	315
179	315
185	315
186	317
276	317
288	317
269	319
274	319
155	320
159	321
200	321
287	321
87	322
73	325
159	327
225	327
168	329
127	330
159	330
179	330
266	330
150	331
155	331
122	332
260	332
92	333
96	333
262	335
155	336
157	336
216	336
180	338
220	339
92	340
132	340
127	341
171	341
87	342
200	343
111	345
259	345
264	346
239	349
131	351
153	351
155	351
159	351
170	351
172	351
176	351
184	351
190	351
203	351
218	351
247	351
256	351
77	352
89	352
98	352
123	352
141	352
143	352
169	352
205	352
207	352
214	352
238	352
257	352
262	352
