458
120	38
137	38
111	41
112	41
105	43
101	44
93	45
82	47
145	47
154	47
144	49
153	49
158	51
176	58
203	59
71	62
197	65
210	65
203	66
44	67
192	68
77	69
200	69
44	71
187	72
211	73
70	74
88	74
97	75
142	77
210	77
36	78
214	78
86	80
47	81
73	81
177	81
199	81
49	82
71	82
40	83
49	84
190	85
218	89
182	90
42	91
55	91
207	92
74	95
174	96
33	97
197	97
223	97
208	101
213	102
45	103
185	103
78	104
205	104
230	106
73	108
187	110
164	112
76	113
87	113
221	113
228	113
183	114
86	115
34	116
80	116
152	116
46	117
63	117
95	118
121	118
236	118
237	118
141	119
239	122
33	123
160	123
124	124
153	124
184	125
169	128
199	129
95	130
217	130
87	131
33	132
57	132
77	132
105	132
212	132
231	133
32	134
190	134
214	137
229	138
74	139
95	140
235	140
267	140
254	141
87	142
229	142
198	143
263	143
249	144
97	145
191	145
102	146
217	148
262	148
272	151
28	152
89	152
236	152
248	152
256	152
286	152
81	153
229	153
248	153
260	153
294	153
192	155
108	157
199	158
240	158
30	160
248	160
248	161
92	162
188	162
51	163
58	164
102	165
84	167
106	167
67	169
191	169
244	169
297	170
72	171
296	171
190	172
91	173
246	175
253	175
246	176
302	176
260	177
87	178
301	178
80	179
84	179
290	179
193	180
198	180
255	183
65	184
189	186
77	187
82	187
194	187
240	187
249	187
29	188
254	188
31	189
254	189
47	190
56	192
143	192
238	192
241	193
249	194
193	195
73	197
199	197
137	198
74	199
210	199
33	200
49	200
81	201
219	201
87	202
244	202
40	204
47	204
65	206
230	206
288	206
231	207
258	207
47	208
40	209
64	209
219	209
207	210
282	210
295	211
223	212
282	212
72	213
75	213
40	214
47	214
122	214
183	214
209	214
213	214
188	216
279	217
293	217
292	218
162	220
120	221
169	221
40	222
43	222
85	222
37	223
92	223
289	224
43	225
110	226
177	226
268	226
285	226
119	227
184	227
249	227
256	230
43	231
193	231
248	231
37	232
72	232
199	232
125	234
44	235
100	235
267	235
39	236
107	236
119	237
122	237
225	237
232	239
264	239
52	241
57	241
72	241
243	241
265	241
66	242
249	242
149	244
153	244
40	245
44	245
118	246
123	246
153	247
268	247
284	247
285	247
40	248
149	249
60	251
67	251
119	251
124	251
158	251
275	252
228	253
248	253
276	253
75	254
82	254
217	255
37	256
42	256
44	256
224	256
233	256
119	257
125	257
269	257
151	258
142	259
75	260
136	260
184	260
52	261
126	261
38	262
70	262
120	262
189	262
232	264
122	265
128	265
200	265
224	265
204	266
271	266
228	267
237	267
264	267
62	268
128	268
77	269
124	270
64	271
72	271
40	272
153	272
179	272
48	273
47	275
102	275
133	275
40	276
95	276
164	277
270	277
175	278
51	279
154	279
160	279
57	281
66	281
72	281
114	281
139	282
169	282
282	284
52	286
57	286
153	286
182	286
95	287
147	287
90	288
253	288
82	289
77	290
247	290
90	291
85	292
120	292
121	292
177	292
260	292
147	293
140	294
255	295
94	296
96	296
256	296
204	297
149	298
269	298
41	300
264	300
99	301
127	301
275	302
47	303
42	304
182	304
194	304
272	304
283	305
287	305
157	306
257	307
130	308
142	308
177	308
150	309
153	309
82	310
265	310
279	310
228	311
75	312
130	313
121	314
154	315
161	315
287	315
52	316
253	316
47	317
225	318
121	320
197	320
243	320
130	321
163	321
169	321
225	324
116	325
192	325
219	325
224	325
44	326
173	326
210	327
286	327
179	330
150	332
165	332
215	332
67	333
126	333
204	333
61	334
181	334
144	335
174	335
245	336
286	336
123	342
240	346
266	346
245	347
282	347
259	350
51	351
79	351
89	351
112	351
174	351
228	351
237	351
245	351
60	352
99	352
101	352
104	352
159	352
185	352
203	352
209	352
211	352
217	352
219	352
225	352
230	352
258	352
276	352
