557
213	47
197	54
218	54
235	54
249	54
180	57
210	58
234	58
204	59
219	59
197	61
219	61
244	64
234	65
267	67
221	68
228	68
264	69
206	70
264	71
247	74
194	76
186	77
249	81
191	82
231	82
237	82
218	84
216	85
314	86
156	87
208	87
219	87
290	87
299	87
198	89
248	89
235	93
266	94
270	94
273	94
283	97
226	98
304	98
209	99
246	99
198	100
266	100
216	101
261	101
276	101
262	103
227	104
233	104
274	104
299	107
288	108
309	108
203	109
294	109
225	111
245	111
254	113
266	114
292	114
254	115
302	115
159	116
198	116
227	118
232	118
299	122
142	123
157	123
225	123
252	123
262	123
194	124
244	124
255	124
194	127
201	128
228	129
232	129
156	130
172	130
182	130
81	131
91	131
99	131
105	131
106	131
112	131
120	131
162	131
179	131
186	131
194	131
269	131
277	131
285	131
293	131
300	131
142	132
148	132
196	132
285	135
300	135
162	136
169	136
87	137
124	137
130	137
64	138
116	138
223	138
279	138
283	138
125	139
296	139
104	140
243	140
142	141
145	141
255	141
72	142
81	142
297	142
71	143
192	143
215	143
141	144
48	145
49	145
305	145
310	145
104	146
110	146
118	146
142	147
185	147
207	148
242	148
83	149
233	149
47	150
296	150
65	151
91	151
138	151
169	151
175	151
184	151
214	151
254	151
305	151
189	152
273	152
300	152
73	153
111	153
199	153
219	153
121	155
142	155
257	155
80	156
254	157
168	158
174	158
106	159
72	160
98	160
107	160
137	160
148	161
254	161
87	162
143	162
223	162
231	162
300	162
306	162
137	163
142	163
168	163
174	163
208	163
246	163
52	164
179	164
77	166
103	167
230	167
290	167
92	168
155	168
35	169
59	169
205	169
268	169
274	169
36	170
179	170
213	170
122	171
161	171
185	171
264	171
51	172
77	172
96	173
112	173
142	173
50	174
137	174
151	174
305	175
38	176
42	176
178	176
184	176
210	176
233	176
29	177
66	177
254	177
204	178
206	178
264	178
272	178
157	180
176	180
242	180
78	181
130	181
157	181
289	181
57	182
129	182
146	182
219	182
247	182
257	182
304	182
229	183
252	183
65	184
93	185
42	186
70	186
77	186
156	186
192	186
200	186
66	187
100	187
112	187
115	187
280	187
286	187
45	188
48	188
75	188
108	188
179	188
183	188
257	188
50	189
200	189
202	189
219	189
226	189
243	189
122	190
130	190
136	190
146	190
147	190
154	190
234	190
237	190
96	192
136	192
45	193
148	193
264	193
269	193
66	194
108	194
118	194
243	194
286	194
303	194
37	195
224	195
291	195
36	196
222	196
289	196
60	197
213	197
248	197
42	198
53	198
163	198
116	199
129	199
150	199
190	199
199	199
269	199
88	200
93	200
144	200
148	200
177	200
199	200
201	200
235	200
262	200
268	200
275	200
276	200
106	201
229	201
239	201
282	201
240	203
254	203
89	204
163	204
261	204
291	204
99	205
106	205
297	205
49	206
151	206
247	206
301	206
66	207
76	207
156	207
161	207
99	208
104	208
113	208
270	208
303	208
84	209
137	209
199	209
66	210
236	210
88	211
130	211
294	211
98	212
292	212
123	213
228	213
302	213
222	214
292	214
199	215
64	217
140	217
146	217
43	218
56	218
99	218
64	219
49	220
88	220
95	220
234	220
301	220
88	221
107	221
126	221
301	221
95	222
103	222
93	223
224	223
232	223
132	224
164	224
282	224
127	225
158	225
217	225
295	225
89	228
135	229
279	229
144	230
102	231
176	231
168	232
121	233
129	233
281	233
92	235
161	235
197	235
212	235
233	235
152	236
217	236
147	237
195	237
268	237
184	238
180	239
297	239
298	239
125	240
138	240
155	240
169	240
210	240
275	240
125	241
282	241
97	242
234	243
263	244
292	245
117	246
132	246
164	246
272	246
107	247
119	247
219	247
262	247
128	248
180	248
291	248
103	249
276	249
112	250
175	250
265	250
113	252
160	252
297	252
104	253
123	254
156	254
163	255
172	256
126	257
196	257
219	257
167	260
195	261
212	262
133	265
211	265
118	267
127	267
287	267
288	267
128	268
163	268
262	270
155	271
259	271
131	274
167	274
253	275
158	276
279	276
232	277
264	277
120	279
135	279
171	279
245	280
266	280
277	280
290	280
258	281
275	281
234	283
280	283
137	284
209	284
251	285
171	286
184	286
246	286
261	286
265	286
270	286
293	286
168	287
131	288
266	288
137	290
207	290
293	290
124	291
135	291
252	291
266	291
268	291
242	292
191	293
220	293
226	293
276	297
137	299
269	300
292	301
267	303
286	303
293	304
261	305
274	307
268	308
137	309
292	309
263	312
289	312
277	313
277	318
225	319
272	321
176	324
263	324
286	324
175	325
225	326
235	329
268	333
234	334
276	334
150	335
258	336
234	338
258	339
210	341
229	341
230	346
254	346
197	347
211	347
223	348
179	351
167	352
170	352
186	352
223	352
