568
174	57
174	59
194	59
166	61
229	67
163	69
173	70
190	71
203	71
185	74
196	77
213	78
235	78
203	79
212	79
223	80
186	81
192	81
163	86
132	88
173	88
203	89
224	90
235	90
190	91
169	96
201	96
157	98
239	98
188	103
228	103
169	108
191	109
189	110
199	111
172	112
208	112
158	113
221	113
211	116
147	117
188	117
114	123
145	123
150	123
199	123
239	123
255	123
261	123
207	124
274	124
230	125
256	125
292	126
212	128
187	129
256	129
137	130
157	130
223	130
297	130
142	131
162	131
152	132
233	133
239	133
267	133
161	134
260	137
280	137
272	138
161	139
178	139
199	139
152	140
167	140
159	141
204	141
291	141
147	142
304	142
234	143
240	143
267	145
298	146
310	146
234	147
247	147
291	147
141	148
262	148
284	148
292	148
189	149
304	149
126	150
130	150
140	150
203	150
307	150
146	151
160	151
229	151
234	151
240	151
272	151
238	152
207	155
213	155
266	155
267	155
295	155
119	156
125	156
260	156
154	158
167	158
133	159
207	159
212	159
281	159
112	160
118	160
137	160
290	160
295	160
265	161
89	162
187	162
273	162
98	163
131	163
153	163
107	164
109	164
130	164
136	164
179	164
200	164
295	164
162	165
169	165
229	165
256	165
83	166
118	166
258	166
302	166
307	166
308	166
88	167
199	167
237	167
244	167
118	168
202	168
107	169
111	169
283	170
97	171
90	172
183	172
237	172
271	172
275	172
298	172
306	172
260	173
291	173
299	173
136	174
141	174
112	175
119	175
252	175
257	175
189	177
86	178
104	178
291	178
104	179
109	179
209	179
161	180
202	180
206	180
237	180
257	180
113	181
119	181
196	181
202	181
126	182
278	182
292	182
104	183
250	183
271	183
95	184
302	184
112	185
172	185
185	185
73	186
77	186
175	186
210	186
228	186
236	186
94	187
241	187
278	187
233	188
250	188
241	189
259	189
141	190
157	190
200	190
80	191
87	191
200	191
105	193
112	193
147	193
187	193
125	194
211	194
218	194
120	195
259	195
264	195
105	196
73	197
73	198
157	198
225	198
253	198
78	199
140	199
182	199
184	199
192	199
230	199
169	200
94	201
100	201
106	201
136	201
204	201
210	201
177	202
184	202
218	202
223	202
277	202
95	203
238	203
86	204
121	204
127	204
184	204
202	204
243	204
106	205
110	205
177	206
268	206
187	207
227	207
237	207
260	207
266	207
241	208
243	208
249	208
88	209
157	209
169	209
217	209
227	209
281	209
98	210
192	210
275	210
104	211
120	211
114	212
258	212
198	213
79	214
93	214
104	214
179	214
187	214
263	214
297	214
87	215
93	215
99	215
226	216
72	218
99	218
105	218
157	218
215	218
284	218
272	219
94	220
223	220
289	220
99	221
110	221
115	221
229	221
255	221
271	221
301	221
116	222
122	222
277	222
299	222
259	223
289	223
93	225
122	225
116	226
72	227
229	227
242	227
150	228
157	228
164	228
103	229
109	229
159	229
266	229
274	231
280	231
71	232
238	232
71	233
87	233
91	233
286	233
292	233
297	233
166	234
117	235
290	235
103	236
110	236
112	236
162	236
243	236
182	237
233	237
272	239
103	240
127	240
137	240
143	240
175	240
291	240
79	241
94	241
99	241
122	241
270	241
280	241
78	242
83	242
88	242
92	242
291	242
114	243
220	244
229	246
137	247
288	247
88	248
89	248
131	248
297	248
72	249
78	249
123	249
177	249
181	249
190	249
297	249
110	250
126	250
131	250
138	250
215	250
265	250
285	250
83	251
132	251
287	252
117	253
282	253
84	254
89	254
132	254
291	254
231	255
273	255
102	256
191	257
290	257
170	259
177	259
80	260
84	260
122	260
155	260
72	261
85	261
90	261
117	262
296	262
150	265
278	265
96	266
167	266
87	267
246	267
253	268
181	269
249	269
267	269
296	269
102	270
220	270
256	270
73	273
87	274
82	275
105	277
295	277
88	278
181	278
271	278
82	279
97	280
103	280
224	280
235	280
130	281
292	281
238	282
263	282
248	283
264	283
285	284
90	285
110	285
247	285
167	286
90	287
217	287
255	287
125	288
132	288
204	288
292	288
242	289
157	290
254	290
166	291
211	291
148	292
130	293
85	294
284	294
174	295
255	296
264	296
273	296
292	296
202	297
234	298
272	298
108	299
110	299
228	299
88	300
87	301
102	301
228	301
83	302
94	302
235	302
237	302
279	302
267	303
293	303
230	305
255	305
274	307
291	307
103	308
266	308
286	308
91	309
237	310
112	311
283	311
264	312
267	313
221	314
237	314
286	314
111	315
255	315
94	316
234	316
250	318
101	320
181	320
223	320
247	320
98	321
258	321
235	324
90	326
253	326
173	327
180	327
188	327
100	328
84	330
227	330
259	330
247	332
102	334
172	334
175	335
132	336
227	336
231	338
156	340
127	341
130	341
175	341
191	341
92	343
147	343
127	344
137	346
191	346
256	346
119	348
134	348
159	349
178	349
212	349
231	351
234	351
143	352
203	352
208	352
209	352
237	352
243	352
254	352
