566
256	8
221	13
238	13
220	15
231	17
209	20
241	25
256	25
256	26
263	28
272	28
234	30
199	31
200	36
263	36
227	37
254	37
278	37
236	38
214	39
287	39
237	40
208	42
278	45
216	46
269	46
293	47
172	48
256	48
265	48
239	50
255	52
265	52
299	55
271	56
162	57
296	57
222	58
280	61
185	62
242	63
294	63
156	65
229	68
300	69
226	70
267	71
302	71
152	77
272	77
297	78
271	82
281	83
313	84
303	85
149	87
177	87
184	87
144	89
315	89
254	91
311	96
287	97
250	100
144	102
188	103
249	104
282	104
285	104
309	104
281	109
285	109
182	111
312	111
146	112
192	113
143	117
147	117
174	120
310	120
89	122
80	123
82	123
88	123
95	123
100	123
113	123
125	123
137	123
143	123
245	123
276	123
51	124
131	124
166	124
167	124
281	125
283	125
117	127
131	127
151	127
193	127
287	127
127	128
138	128
146	128
47	129
37	130
70	130
91	131
38	132
66	132
101	132
112	132
127	132
148	132
152	132
166	132
181	132
192	132
274	132
281	132
161	133
56	134
283	134
78	135
74	136
83	137
152	137
110	138
125	138
283	138
303	138
101	139
129	139
142	140
288	140
25	141
34	141
137	141
58	142
69	142
110	142
46	143
103	143
62	144
137	144
57	146
62	146
265	146
268	146
52	147
106	147
121	147
129	147
73	148
85	148
120	148
283	148
75	149
102	149
95	150
65	151
294	151
112	152
129	153
136	153
263	153
33	155
65	155
103	155
110	155
121	155
254	155
263	155
77	156
121	156
253	156
270	156
250	157
298	157
26	158
86	158
112	158
88	159
271	159
134	160
141	161
57	162
80	162
252	162
279	162
308	162
128	164
174	166
188	166
66	167
111	167
183	167
42	168
158	168
169	168
269	168
278	168
48	169
58	169
255	169
152	170
257	170
69	171
40	172
96	172
104	172
289	172
303	172
83	174
120	174
128	174
133	174
221	175
215	176
281	176
282	176
292	177
121	179
249	179
38	180
40	180
82	180
141	180
255	180
200	181
283	181
291	181
270	182
46	183
52	185
54	185
164	185
98	186
128	186
139	186
271	186
283	186
30	187
35	187
123	187
158	187
252	187
293	187
60	188
77	188
262	188
44	190
50	191
252	191
30	192
99	192
126	193
305	193
107	194
184	194
243	194
260	194
296	194
108	195
248	195
79	196
86	196
93	196
179	196
285	196
52	197
58	198
239	198
225	199
248	199
67	200
115	200
117	200
125	200
258	200
268	200
274	200
105	201
118	201
268	201
301	201
89	202
219	202
303	202
137	203
262	203
286	203
68	204
70	204
107	205
248	205
74	206
80	206
289	206
90	207
275	207
276	207
114	209
152	210
301	210
113	211
261	211
42	213
46	213
99	213
136	213
285	213
35	214
279	214
41	215
162	215
99	217
268	217
41	218
65	218
85	218
92	218
94	218
129	218
35	219
56	219
63	219
68	219
75	219
228	219
285	219
166	220
291	220
56	221
138	221
302	221
85	222
42	223
48	223
62	223
122	223
130	223
188	223
109	225
124	225
70	226
138	226
78	227
93	227
138	227
244	227
293	227
297	227
36	229
42	229
48	229
52	229
45	230
152	230
95	231
102	231
124	231
125	231
61	232
102	232
131	232
154	233
226	233
147	235
245	235
141	236
147	236
230	237
260	237
102	238
125	238
96	239
150	239
52	240
63	240
138	240
159	240
290	240
60	241
79	241
110	241
140	241
227	241
240	241
80	242
105	242
274	243
215	245
247	245
260	245
160	246
232	246
267	246
147	247
263	247
290	248
59	249
82	249
88	249
199	249
212	249
60	250
73	250
92	250
101	250
116	250
238	250
242	251
128	252
263	253
142	254
217	254
123	256
116	257
242	257
68	258
224	259
142	260
174	261
246	261
262	261
287	261
108	262
110	262
153	262
233	262
85	263
102	263
117	263
102	264
123	264
134	264
167	264
219	264
242	265
95	266
244	266
278	267
163	269
184	269
233	269
263	269
269	269
256	270
261	270
295	270
126	271
130	271
88	272
244	272
249	272
285	272
96	273
91	274
160	275
169	275
281	275
124	276
251	277
256	277
261	277
138	278
180	278
130	279
294	279
233	280
139	281
169	281
241	281
123	282
124	282
151	282
284	282
287	282
94	283
130	283
133	284
168	284
84	285
119	285
77	286
133	286
180	286
258	286
88	287
112	287
154	287
155	287
226	287
292	287
96	288
210	288
294	288
113	290
189	290
209	290
241	290
284	290
136	291
187	291
288	291
168	292
254	292
123	293
268	293
128	294
209	294
117	295
158	295
151	296
186	296
198	296
262	296
289	296
230	297
204	298
274	298
118	299
105	300
187	301
215	301
221	301
147	302
166	302
262	302
269	302
265	303
123	304
157	304
197	304
214	304
243	304
160	305
175	305
151	306
222	306
232	306
233	306
285	307
243	308
267	308
279	308
284	309
243	310
261	310
217	311
222	311
223	313
248	313
250	313
254	314
284	315
215	319
240	319
246	319
250	322
289	322
221	323
277	323
