322
142	78
122	79
90	80
104	80
140	80
130	82
98	83
80	87
86	87
88	87
92	87
98	87
103	88
96	89
113	89
104	90
75	91
76	91
165	92
131	93
164	93
121	94
154	94
94	96
90	97
93	97
77	100
114	100
166	100
116	101
165	101
95	103
158	103
191	108
149	109
93	110
101	110
118	110
73	111
179	112
128	114
86	115
114	115
66	118
108	119
164	119
177	119
189	120
199	121
70	123
188	124
129	125
157	125
115	128
70	129
129	129
155	129
205	129
107	130
66	131
97	131
70	132
76	132
145	133
163	133
83	135
49	136
89	136
92	136
94	138
132	138
207	138
175	139
64	140
104	140
127	140
34	141
70	142
146	142
46	143
67	143
173	143
83	144
86	144
127	144
82	145
101	146
185	146
186	146
31	148
143	148
164	148
221	148
89	149
103	151
129	152
175	152
181	152
207	152
129	153
189	153
145	154
69	155
33	156
102	156
173	156
114	157
222	157
237	157
69	158
123	158
129	158
182	158
187	158
54	159
107	159
156	159
62	160
229	160
33	161
229	161
237	161
243	161
42	162
142	162
44	163
191	163
194	163
130	164
151	166
260	166
225	167
41	168
143	168
41	169
169	169
199	169
28	171
46	171
254	171
163	172
199	172
72	173
76	173
177	174
121	175
261	175
244	176
83	177
35	178
64	178
72	178
235	178
203	179
253	179
174	180
161	181
160	183
164	183
144	184
37	185
263	185
137	186
248	186
258	186
35	187
176	188
231	188
124	190
151	192
220	193
125	195
219	195
230	195
225	196
121	197
160	197
130	198
34	200
40	200
143	201
165	201
169	201
237	201
65	202
72	202
153	202
206	204
148	206
216	206
173	209
203	209
207	214
215	214
216	217
66	218
73	218
80	219
86	219
145	220
212	223
38	225
232	225
75	226
80	226
155	226
82	227
140	227
162	227
173	227
39	233
44	233
67	234
76	234
82	234
58	235
172	236
174	236
39	237
51	237
55	237
216	237
218	238
58	239
45	241
51	241
225	241
193	242
199	242
77	244
81	244
227	246
64	247
211	247
59	248
65	248
213	248
236	248
35	249
224	250
164	251
209	252
169	253
170	253
67	254
72	254
226	254
175	256
204	259
235	259
168	260
225	260
229	261
234	264
151	266
157	266
61	267
66	267
220	267
151	268
207	270
144	272
214	272
165	273
154	275
160	278
148	279
226	279
235	279
56	280
62	280
135	280
159	283
157	284
208	285
77	287
138	287
141	287
149	287
72	288
226	289
79	290
100	290
150	291
206	292
81	296
85	297
101	300
67	304
134	304
62	305
158	307
132	311
216	312
62	313
127	313
57	314
225	314
158	316
43	317
208	320
168	323
76	328
155	328
62	330
214	330
57	331
155	333
158	333
209	333
70	335
69	336
198	342
154	343
203	344
106	345
56	351
183	351
102	352
129	352
134	352
137	352
