451
121	9
226	16
131	17
214	17
150	18
130	20
248	20
158	22
194	22
214	22
248	22
154	23
228	23
210	24
256	25
99	27
155	27
179	27
219	27
136	28
183	28
86	29
110	29
197	29
204	29
269	30
83	31
91	31
127	32
134	32
156	32
228	32
113	33
141	33
156	33
193	34
250	35
254	35
91	37
158	37
185	39
205	39
149	40
100	41
116	41
84	42
136	42
225	42
254	42
240	43
95	44
147	44
209	44
122	47
167	47
184	47
76	48
208	48
199	49
195	50
184	51
212	51
187	52
92	54
149	54
118	55
210	55
116	56
219	57
159	58
200	59
229	59
189	60
125	61
182	61
88	63
105	63
183	63
210	64
177	65
204	65
170	66
125	67
134	67
162	67
141	68
161	68
222	68
192	69
167	70
215	70
148	71
95	72
293	72
294	72
101	73
165	73
204	73
190	75
155	76
161	76
196	76
161	77
178	77
136	78
231	78
92	79
128	79
167	79
210	79
297	79
136	80
211	82
62	85
200	85
221	85
176	87
199	87
134	88
141	88
304	88
315	88
316	88
125	89
148	89
132	90
189	92
267	92
223	93
175	94
257	95
161	96
237	96
248	96
311	96
156	97
306	97
230	98
240	98
292	98
157	99
190	99
53	102
56	102
65	103
124	103
289	103
310	103
151	104
188	105
188	106
239	106
87	107
92	107
252	107
227	108
173	109
194	110
282	110
54	111
187	111
67	112
107	112
97	113
232	116
51	119
196	119
87	121
302	122
42	123
207	125
213	128
57	129
257	129
43	130
204	130
250	130
226	131
288	131
146	133
295	133
232	135
263	135
279	135
284	135
300	135
44	136
274	136
201	141
228	141
232	141
310	142
49	143
53	143
292	145
43	146
297	146
202	147
229	147
184	148
282	148
289	148
264	150
56	151
67	151
77	151
48	152
112	152
60	153
105	153
230	153
116	156
263	156
184	157
250	158
308	158
41	160
126	160
253	160
288	160
39	161
72	162
283	162
198	163
294	163
72	164
305	164
68	165
74	165
116	165
186	165
167	166
262	166
271	166
294	167
126	168
299	168
42	169
209	169
211	170
55	171
190	171
284	171
75	172
111	172
166	173
59	174
288	174
73	175
201	175
202	176
304	176
64	177
94	177
192	177
271	177
42	178
85	178
115	178
278	179
305	179
199	181
75	182
300	183
132	185
117	186
305	186
53	187
128	187
191	187
42	188
43	188
67	188
81	188
113	188
303	188
202	189
60	190
130	191
193	192
52	194
45	195
183	195
250	196
287	196
74	197
304	198
56	200
193	200
297	200
46	201
79	201
277	202
286	202
138	203
265	204
50	205
246	205
256	205
303	205
192	206
44	207
163	207
57	208
143	208
245	208
156	209
281	209
50	210
45	211
50	212
54	212
254	213
257	213
240	214
65	216
75	216
259	218
70	219
80	219
42	222
44	226
60	226
190	226
58	227
263	228
72	229
200	229
75	230
206	230
285	231
128	232
164	232
189	232
258	233
57	235
170	235
43	236
47	237
116	237
296	237
82	238
276	239
67	240
66	241
88	241
114	241
80	242
260	242
140	243
195	246
67	247
255	247
297	248
44	249
63	249
147	249
195	251
196	252
260	252
109	253
292	254
92	255
217	255
106	256
253	257
296	257
62	258
62	259
67	260
218	260
243	261
263	261
216	262
66	263
292	264
224	266
244	266
249	266
214	268
261	268
263	268
81	270
255	270
264	271
250	272
66	274
90	278
227	280
284	282
199	283
291	283
124	284
192	284
290	285
228	287
279	287
73	288
222	291
134	292
290	293
181	294
279	294
126	297
222	297
257	298
203	300
250	300
278	301
282	302
123	303
126	303
290	303
292	304
201	306
124	309
134	309
202	311
89	313
282	313
186	315
273	317
164	322
131	324
143	325
260	326
94	330
148	330
262	331
290	331
282	333
270	335
286	337
219	338
253	339
163	341
219	342
233	343
250	346
250	347
233	350
236	350
160	351
198	351
203	351
213	351
217	351
218	351
141	352
222	352
229	352
