437
118	19
88	22
106	23
101	28
130	28
86	29
86	30
107	30
130	31
118	35
85	36
106	39
148	40
119	41
135	41
130	45
105	46
126	46
85	48
111	48
93	51
144	51
84	52
128	53
130	55
148	56
201	56
63	58
213	58
151	59
204	59
221	59
245	59
130	60
85	61
109	61
115	61
123	62
67	63
88	64
131	64
152	66
172	66
207	66
57	68
214	68
234	68
54	69
60	69
65	69
126	69
174	69
216	70
247	70
77	71
111	72
204	72
193	74
91	75
123	75
135	75
193	75
98	76
142	77
174	77
220	77
105	79
162	80
228	80
114	81
195	81
51	82
186	82
126	83
153	83
173	83
169	84
194	84
246	84
69	85
58	87
86	87
213	87
143	88
134	89
154	89
198	89
220	89
237	89
93	90
206	90
112	91
164	91
233	91
64	92
113	92
73	93
102	93
177	93
188	93
47	94
160	94
223	94
56	95
195	95
132	97
82	99
189	99
108	102
156	102
179	102
227	102
40	103
47	103
98	103
137	103
33	104
124	104
162	104
136	106
167	106
78	107
156	107
253	107
263	107
263	108
34	109
138	109
208	109
56	110
105	111
152	111
113	113
163	113
188	113
64	115
131	115
256	115
267	115
179	116
152	117
183	117
171	118
46	120
69	120
174	120
200	120
232	120
117	121
152	122
268	122
139	123
149	123
190	123
237	123
252	123
110	124
122	124
185	124
205	125
133	126
135	126
218	126
212	127
274	127
41	128
119	128
201	128
252	128
273	128
37	129
175	129
185	129
266	130
28	131
133	131
186	131
121	132
310	132
100	133
160	133
273	133
286	133
38	134
40	134
107	134
241	134
259	134
273	134
28	135
218	135
231	135
293	135
32	136
101	136
128	136
283	136
43	137
305	137
158	138
205	139
77	140
152	140
274	140
71	141
172	141
164	142
184	142
72	144
79	144
94	144
206	144
32	145
185	145
26	147
43	147
283	147
296	148
173	149
152	150
114	151
177	151
194	151
65	152
165	152
95	153
289	154
182	155
152	156
215	159
171	160
183	160
236	160
159	161
219	161
242	161
157	162
172	162
179	162
193	162
148	163
230	164
304	164
125	165
165	166
205	166
213	166
210	167
292	167
189	168
196	168
298	168
32	169
180	170
210	170
145	171
298	173
187	175
59	176
55	177
32	178
279	178
180	179
298	179
141	180
163	180
285	180
189	181
261	181
29	184
65	185
72	185
91	186
191	186
293	186
49	187
55	187
142	187
222	187
303	187
94	188
163	188
60	189
231	189
102	190
276	190
123	192
164	192
176	193
300	193
299	194
47	196
50	196
87	196
145	196
223	197
96	198
178	198
295	198
105	199
167	199
123	200
63	201
284	201
294	201
32	203
219	203
222	203
229	203
188	204
220	204
239	204
289	204
297	204
146	205
106	208
64	209
102	209
183	209
268	209
274	210
173	213
152	214
113	217
292	217
274	218
170	219
107	221
156	221
110	222
115	223
103	224
33	226
266	229
172	230
164	231
171	236
259	237
233	239
37	240
280	243
293	244
53	246
42	247
39	251
61	252
181	259
282	259
54	260
228	260
263	260
64	261
282	261
107	262
275	262
62	264
180	266
271	266
230	267
254	268
55	269
277	269
240	270
39	273
105	273
234	274
174	275
111	277
286	277
212	278
280	279
174	281
41	282
176	282
43	283
58	283
284	283
213	285
212	286
43	288
164	288
171	289
201	290
224	290
282	290
212	291
236	291
224	293
204	294
241	295
236	296
204	301
211	301
276	301
277	301
268	306
212	307
46	310
171	313
269	313
278	314
279	314
269	315
156	319
171	319
275	319
50	320
165	320
164	325
183	328
260	331
108	334
50	336
49	337
57	337
175	337
177	337
277	337
113	338
55	340
271	340
105	341
170	343
271	343
63	344
73	344
264	344
73	347
183	348
80	351
146	351
150	351
254	351
65	352
119	352
146	352
218	352
