441
102	13
92	15
84	19
90	19
99	19
112	20
92	21
110	26
75	27
81	27
89	27
110	27
119	27
98	28
81	32
75	38
81	40
58	43
196	50
197	50
48	51
141	51
181	51
203	52
126	53
79	55
194	55
206	55
123	56
149	56
214	56
217	59
180	60
48	61
105	61
163	61
80	62
207	62
88	63
72	64
79	64
111	64
107	65
119	65
125	65
211	65
80	66
194	66
224	66
94	69
151	69
196	69
51	70
143	70
202	70
105	71
107	71
119	71
123	71
136	71
166	71
183	71
59	72
42	73
52	73
90	74
117	75
185	75
81	76
98	76
161	76
83	77
151	77
43	78
92	78
97	78
219	78
127	80
230	80
120	81
168	81
225	81
39	82
83	82
95	82
144	82
153	82
176	83
195	83
38	84
227	85
71	87
117	87
187	87
212	87
128	88
153	89
169	89
220	89
234	89
152	90
32	91
65	91
93	91
172	91
109	93
176	93
187	93
147	94
157	94
186	95
119	98
198	98
137	99
89	100
165	100
192	100
38	101
156	101
21	102
151	104
180	104
173	105
97	106
153	106
189	106
45	108
53	108
62	108
140	108
67	109
169	111
133	113
185	113
119	115
128	115
200	116
37	117
31	118
43	118
76	119
149	119
82	120
127	120
138	122
65	124
101	124
108	124
152	124
156	124
193	124
44	125
52	125
126	128
156	129
240	129
162	130
178	130
194	131
106	133
91	134
97	134
231	134
121	135
221	135
152	136
179	137
190	137
152	138
117	139
144	140
173	141
244	141
265	142
221	143
234	143
75	144
129	144
137	144
155	145
159	145
255	145
277	145
209	146
124	147
97	148
103	148
116	148
266	148
261	149
75	150
32	151
75	151
92	151
296	152
111	153
146	153
166	153
159	154
266	154
289	154
306	154
61	155
67	155
187	155
265	155
194	156
76	157
81	157
177	157
77	160
132	162
147	162
134	163
167	163
170	163
305	164
41	165
120	165
141	165
159	165
293	165
127	166
35	167
142	167
191	167
214	167
153	168
182	168
63	169
298	169
212	171
275	171
307	171
237	172
200	173
290	173
298	173
28	174
46	174
275	175
268	176
72	177
65	178
50	179
184	179
121	180
92	181
203	181
204	181
85	182
136	182
175	182
214	182
257	182
284	182
294	182
30	183
276	183
265	184
102	185
136	186
157	186
203	186
277	186
57	187
95	187
148	187
52	188
277	188
157	190
164	190
176	190
257	190
135	193
140	193
300	193
42	194
205	194
174	195
37	196
167	196
55	198
87	199
141	199
96	200
271	200
303	200
81	201
91	201
137	201
273	201
106	202
294	202
92	203
100	204
172	204
32	206
72	206
56	207
65	207
55	208
137	209
117	211
130	211
175	211
275	211
298	211
110	212
65	213
85	213
301	216
85	218
46	219
81	219
169	220
175	220
42	221
300	222
33	223
62	223
71	223
155	224
65	225
284	226
51	227
147	227
46	229
168	232
148	234
176	234
277	234
107	236
117	236
112	237
144	238
156	238
170	243
36	247
112	247
279	247
108	249
169	250
231	250
274	254
38	256
281	259
63	260
59	262
50	263
60	263
39	270
171	270
186	271
179	272
54	274
63	274
51	276
62	276
105	276
170	277
280	278
63	279
279	279
51	281
273	283
47	284
67	284
61	287
73	288
41	290
225	290
153	291
238	291
204	292
276	294
195	296
226	296
152	297
212	297
239	297
205	298
225	298
178	300
197	300
274	301
197	302
212	302
278	302
226	303
203	306
221	307
244	307
42	309
213	311
223	312
195	314
269	314
214	316
45	324
262	331
156	332
163	332
116	336
163	337
46	339
172	340
183	340
110	341
114	341
125	341
48	343
256	343
213	345
124	346
173	346
175	346
106	347
109	347
181	347
249	348
110	349
194	350
59	351
62	351
75	351
80	351
94	351
129	351
147	351
181	351
239	351
105	352
118	352
136	352
153	352
175	352
213	352
216	352
221	352
249	352
