379
95	33
95	38
93	48
79	51
102	51
115	51
99	52
101	52
126	54
207	55
89	56
113	57
68	58
68	59
176	59
123	60
134	60
176	60
156	61
165	62
100	63
107	63
185	63
234	64
70	65
70	66
127	66
208	66
249	66
114	67
145	67
202	69
144	70
226	70
61	71
156	71
239	71
80	72
96	72
214	72
70	73
254	74
69	75
199	75
200	75
61	76
78	76
154	76
160	76
214	78
146	79
194	79
232	79
67	80
132	82
141	82
170	82
58	83
210	83
163	84
174	84
203	84
210	84
246	84
259	84
262	85
105	86
111	86
140	86
177	86
187	87
206	87
84	88
197	89
214	89
52	90
109	90
125	91
147	91
199	91
262	91
167	92
117	93
122	93
166	93
196	93
261	93
252	94
115	95
154	95
239	96
107	98
204	98
72	99
133	100
156	100
158	100
231	100
90	101
128	102
113	103
201	104
265	104
153	106
203	106
181	108
247	108
266	108
81	109
153	109
172	109
236	110
275	110
146	111
166	112
224	112
122	113
209	114
52	116
259	116
105	117
195	117
60	118
286	118
162	119
45	120
82	120
88	120
286	120
157	121
193	123
272	123
47	127
69	127
74	127
219	128
99	130
157	130
79	132
84	132
131	132
158	133
166	134
47	135
137	135
167	135
224	135
250	136
41	137
101	140
72	141
198	141
195	144
218	146
290	146
282	147
288	148
130	149
146	149
160	150
159	151
162	151
147	152
288	152
82	154
219	154
168	155
76	156
261	156
271	156
194	157
187	159
294	159
229	160
240	160
287	160
272	161
151	162
63	163
148	163
187	165
196	165
42	168
296	168
63	169
97	170
92	171
42	172
186	172
65	173
117	173
92	175
103	175
112	175
187	175
66	181
298	182
98	183
297	183
66	184
105	184
76	185
287	186
132	187
160	187
303	187
184	188
127	189
157	189
167	189
42	191
161	193
74	196
83	196
293	196
182	197
77	198
94	198
87	199
127	199
124	200
77	203
71	205
109	205
105	207
125	207
176	208
183	208
249	208
252	210
183	214
248	214
300	218
49	222
50	227
196	229
68	234
74	235
300	235
113	236
196	236
111	240
52	241
159	244
90	245
68	246
77	246
120	246
89	250
158	250
299	250
110	252
183	252
90	254
193	254
109	256
97	257
62	258
51	259
77	259
89	259
190	261
214	261
230	261
261	262
104	263
242	263
114	264
190	264
215	265
181	266
215	267
230	267
261	267
113	268
243	268
297	268
264	270
220	271
222	271
209	273
54	275
232	276
222	277
222	278
211	281
233	281
231	284
223	285
225	285
246	285
293	285
212	287
169	290
186	290
209	290
232	290
235	290
226	292
246	292
168	297
209	297
236	297
183	299
185	299
291	299
175	300
65	302
183	304
196	306
203	306
139	308
127	310
232	310
290	310
139	312
196	313
200	313
203	313
65	314
123	315
126	315
87	316
204	317
292	317
126	318
233	318
200	319
94	321
122	321
126	321
117	322
82	323
223	323
193	324
195	324
91	328
224	330
168	332
290	332
77	333
184	333
193	333
235	336
134	338
148	340
222	340
124	341
250	341
173	342
184	342
236	342
185	344
205	345
250	345
79	346
223	346
288	346
122	347
146	348
103	350
242	350
244	350
256	350
84	351
90	351
109	351
122	351
127	351
154	351
172	351
185	351
260	351
179	352
206	352
223	352
236	352
282	352
284	352
