392
32	53
34	55
46	55
72	55
132	55
127	56
100	57
140	57
140	58
148	58
161	59
149	60
68	62
81	62
90	63
79	64
117	64
56	65
33	66
116	66
127	66
63	67
109	67
133	67
151	68
71	69
122	69
150	69
169	69
37	70
40	70
177	70
83	72
163	72
190	72
203	73
133	75
52	77
91	77
111	77
37	78
44	80
198	81
209	81
91	83
110	83
148	84
103	85
24	86
89	86
202	88
61	91
96	91
166	91
66	92
111	92
118	92
215	92
74	93
82	93
145	93
94	94
46	95
56	97
95	98
101	99
216	99
71	100
64	101
71	101
205	101
210	103
28	104
89	104
110	104
194	104
185	107
205	108
230	108
70	109
97	109
76	110
143	110
222	110
92	111
84	112
151	112
28	113
46	113
53	113
110	113
117	113
143	114
145	115
55	116
201	116
174	118
188	118
101	119
118	119
124	119
162	119
146	120
80	121
163	121
179	122
226	122
228	122
45	123
214	123
233	123
67	124
117	124
121	125
158	126
185	128
76	130
171	130
161	132
32	133
40	133
235	133
113	134
125	135
174	136
129	137
111	138
146	138
121	139
85	140
113	140
156	140
92	141
245	141
36	143
178	143
204	143
130	146
150	151
166	151
86	154
167	155
172	155
140	157
147	159
148	159
173	159
114	161
123	161
124	161
131	161
141	161
27	165
106	167
32	168
102	168
27	169
226	169
252	169
263	169
33	171
273	172
27	173
133	173
126	174
62	177
141	177
59	178
73	178
66	179
270	179
203	180
275	180
282	180
292	180
142	181
212	182
162	187
163	187
53	188
60	188
169	189
107	190
279	190
146	191
281	191
100	192
140	192
87	193
62	194
158	194
81	195
122	195
143	195
58	196
252	196
138	198
143	198
115	199
265	199
40	201
273	201
270	202
135	204
79	205
82	205
264	210
264	211
79	212
254	213
203	214
131	215
138	215
207	215
192	216
32	217
200	217
257	218
264	218
137	221
81	222
200	222
78	224
67	229
63	231
261	231
34	235
144	235
133	240
272	241
143	242
270	243
90	244
149	244
40	246
133	247
87	248
267	249
149	250
77	252
123	255
65	256
269	257
37	260
122	260
147	260
63	261
39	263
45	267
168	267
216	267
144	268
176	270
39	271
144	271
169	272
263	273
217	274
177	276
255	276
217	277
259	277
164	280
192	280
265	281
260	283
41	284
194	284
114	285
166	286
103	290
131	290
150	290
140	291
176	291
183	291
113	292
263	294
116	295
101	297
131	297
140	297
151	297
183	297
42	298
141	299
142	299
45	301
87	301
110	302
116	302
140	304
144	304
136	305
148	305
153	305
161	305
85	306
129	306
247	307
109	309
134	310
136	310
148	312
161	312
260	312
96	314
153	314
80	315
148	316
102	317
133	317
184	317
95	319
75	320
79	320
44	321
113	321
101	322
116	322
79	323
120	324
185	324
75	325
264	325
265	325
47	326
79	326
153	326
69	327
109	327
112	327
149	327
115	328
119	329
142	329
175	330
263	331
149	332
153	332
108	334
87	336
184	336
119	337
176	337
126	339
174	339
169	340
196	340
153	341
83	342
85	342
185	342
90	344
98	344
240	344
60	345
175	345
179	345
105	346
46	347
77	347
82	347
169	347
196	347
252	347
112	349
123	349
126	349
202	349
204	349
154	350
163	350
169	350
195	350
47	351
58	351
67	351
83	351
97	351
116	351
130	351
144	351
151	351
179	351
184	351
227	351
231	351
242	351
59	352
173	352
249	352
