467
69	7
40	8
51	8
53	8
89	8
106	8
147	8
136	9
124	11
167	11
186	11
38	12
108	12
136	13
199	13
78	14
96	14
221	14
87	15
114	15
64	16
103	16
211	16
126	18
132	19
152	20
170	20
65	21
90	21
143	21
70	22
123	24
223	24
90	25
107	25
122	25
183	25
95	27
134	27
64	28
113	28
226	28
43	29
139	29
214	29
247	29
19	30
125	30
235	30
83	31
158	31
34	32
77	32
103	32
42	33
133	33
176	33
255	33
70	35
75	35
29	36
47	36
217	38
85	39
150	39
63	41
75	42
171	42
197	42
216	42
105	43
209	43
45	46
142	46
162	46
114	47
133	47
210	47
262	47
127	48
268	48
58	49
16	50
65	50
243	50
264	50
45	51
81	51
149	51
52	52
31	53
177	53
201	53
93	54
104	54
138	54
185	54
119	55
148	55
210	55
219	55
105	56
129	56
259	56
109	57
25	58
70	58
249	58
139	59
20	60
40	60
86	60
97	60
159	60
234	60
48	61
59	61
130	61
159	61
40	62
219	62
44	63
108	63
110	63
179	63
186	63
265	63
268	64
226	65
160	66
219	66
236	66
27	67
44	67
58	67
62	67
71	67
77	67
278	67
258	68
278	68
219	69
226	69
282	70
39	71
41	71
67	71
92	71
136	71
173	71
240	71
282	71
79	72
212	72
257	72
52	73
213	75
83	78
40	79
24	80
226	81
39	82
52	82
176	82
45	83
118	83
189	83
278	84
35	85
74	85
64	86
188	90
60	91
122	92
74	93
194	93
33	94
50	95
93	96
27	97
43	97
55	97
21	98
87	99
134	99
226	102
233	103
282	105
286	105
136	106
262	108
110	109
269	109
286	110
190	112
226	112
270	112
23	115
32	117
250	117
258	117
273	118
282	118
284	119
190	120
24	123
27	123
219	123
291	123
232	124
238	124
261	124
106	125
279	125
251	126
183	127
189	127
197	127
224	129
23	130
249	130
128	131
138	131
254	131
218	132
192	133
212	133
28	134
300	134
196	135
276	135
288	135
294	135
105	136
217	136
41	137
44	137
82	137
211	138
74	139
232	139
105	141
187	141
119	142
166	142
67	143
203	143
98	144
229	144
307	146
25	148
292	148
186	149
209	149
194	150
200	150
168	151
222	151
292	152
96	153
120	153
194	153
94	155
185	156
210	156
222	156
203	157
297	157
293	159
103	163
199	163
303	164
101	165
220	165
304	165
185	166
258	166
293	166
255	167
265	167
287	167
289	167
47	168
298	168
40	171
105	171
113	171
242	171
275	172
306	172
280	173
57	174
77	174
71	175
117	175
263	175
297	175
52	176
96	176
117	176
217	176
225	176
95	177
83	178
136	179
59	180
115	182
263	182
292	182
42	184
64	184
82	184
41	185
238	185
52	186
246	186
292	186
75	187
303	187
47	188
124	188
222	189
188	190
194	191
234	191
261	193
100	195
123	196
258	198
296	198
31	201
107	201
257	201
49	202
225	203
242	204
297	204
40	205
267	205
104	206
192	207
195	208
246	209
295	209
133	210
230	210
238	211
244	211
262	213
48	214
97	215
290	216
300	216
262	217
260	222
230	225
239	226
247	226
296	228
38	229
134	230
156	230
222	230
34	231
247	232
284	232
300	233
156	236
273	236
279	236
36	237
132	237
48	238
46	239
242	241
233	242
97	243
269	243
202	245
295	248
226	249
255	249
195	251
244	254
252	255
186	257
281	258
295	259
37	261
238	261
38	265
284	266
290	267
188	271
240	271
42	272
42	275
280	275
40	276
237	276
289	276
189	277
97	278
127	281
284	284
43	285
168	285
46	286
126	286
96	288
261	288
279	288
204	290
255	291
169	292
53	293
275	295
276	295
205	296
217	301
56	302
65	302
279	302
49	303
50	306
62	306
218	306
220	306
104	309
267	309
56	312
277	312
107	317
107	322
268	322
74	328
263	331
169	334
74	335
246	338
248	338
215	341
86	342
251	342
165	343
229	343
120	344
257	344
149	345
215	346
230	347
250	347
244	348
99	349
214	349
105	351
173	351
244	351
95	352
98	352
130	352
145	352
154	352
210	352
214	352
229	352
241	352
