432
123	7
216	7
217	7
115	8
123	8
222	8
238	8
126	12
119	13
126	13
130	13
197	14
161	15
166	15
192	15
224	15
272	15
186	16
100	17
139	17
261	17
250	18
119	20
209	20
240	20
177	22
263	22
130	23
231	23
279	23
223	24
162	25
179	26
288	27
217	28
247	28
270	29
192	30
216	30
227	31
127	32
170	32
201	32
108	33
178	34
140	35
119	36
199	37
122	38
197	38
209	39
301	39
168	40
181	40
150	42
89	43
83	44
189	44
170	45
114	46
161	46
178	47
287	47
98	48
133	48
138	49
205	49
191	50
169	51
205	51
238	51
198	52
229	52
164	53
217	53
139	54
180	54
279	54
290	54
89	55
90	55
121	55
130	56
233	56
152	57
158	58
188	58
214	58
305	58
309	58
98	59
164	59
171	59
242	59
87	60
133	62
154	62
179	62
283	63
143	64
273	64
316	64
206	65
226	65
245	65
108	66
121	67
127	67
92	68
170	68
309	68
133	70
98	71
105	71
183	71
230	71
78	72
173	72
276	73
294	73
219	74
265	74
257	75
141	77
167	77
214	77
230	77
310	77
314	77
98	78
127	78
233	78
244	78
105	80
295	80
137	83
302	83
181	84
193	84
261	84
295	84
313	84
144	85
254	85
216	86
236	86
302	86
182	87
246	87
304	87
188	88
227	88
75	91
149	91
289	93
136	94
156	94
305	94
81	97
283	97
143	98
155	98
297	98
138	100
142	100
80	101
95	103
158	103
177	103
259	103
285	104
312	105
76	106
304	106
115	108
163	108
102	109
133	109
137	109
212	112
90	113
122	114
265	115
272	115
108	116
258	116
108	117
306	118
308	118
152	121
213	121
78	122
140	122
166	122
103	123
136	123
173	123
175	123
96	124
129	126
113	127
116	127
145	127
148	127
166	127
179	127
181	127
103	128
161	128
174	128
124	129
308	129
194	130
189	131
148	133
170	133
183	133
93	135
283	135
277	136
92	137
155	138
192	138
293	138
299	138
310	138
55	140
56	140
103	140
153	140
184	140
63	141
64	141
178	141
71	142
239	143
245	143
77	145
221	145
306	145
43	147
58	147
81	147
199	147
294	147
299	147
187	148
299	148
305	148
273	149
277	149
48	151
183	151
195	151
43	152
82	152
89	152
170	152
175	152
183	153
278	153
283	153
222	154
294	154
277	157
192	158
48	159
72	159
58	160
85	160
190	160
68	161
78	161
90	161
172	163
190	164
304	165
69	166
165	166
250	166
293	167
165	168
65	169
144	169
153	169
160	170
186	170
278	170
204	171
242	171
182	172
190	172
299	172
304	173
259	174
269	174
183	175
162	177
144	178
243	178
286	179
112	181
182	181
200	181
205	181
233	181
242	181
109	182
77	183
284	183
71	186
76	186
157	186
179	186
188	186
277	186
86	187
123	187
270	187
181	188
78	189
113	189
198	189
78	192
76	195
185	197
189	197
143	200
82	202
206	204
226	204
177	205
128	206
72	207
135	207
146	207
147	207
184	207
140	208
267	211
275	211
198	212
122	213
204	213
115	214
142	214
151	214
283	214
135	217
113	220
194	220
201	222
297	222
125	223
302	223
188	225
284	225
80	227
189	227
280	230
283	230
109	231
187	231
77	233
74	236
76	236
113	236
220	237
77	238
105	238
300	238
103	239
138	239
184	245
189	246
140	247
95	248
135	248
177	248
71	249
293	254
95	257
95	264
263	264
93	265
120	267
111	270
264	270
116	271
288	271
101	276
281	276
99	278
190	279
295	282
267	290
295	292
205	295
268	296
117	297
108	298
112	298
123	299
205	301
261	301
293	302
126	306
192	306
262	307
237	308
187	314
223	314
237	314
140	321
222	321
273	321
274	327
126	331
288	331
155	335
204	337
135	339
154	340
287	341
139	346
243	348
165	351
149	352
154	352
172	352
282	352
286	352
