450
91	9
76	11
102	12
133	12
199	12
214	12
223	12
236	12
84	13
126	13
127	13
150	13
93	16
159	16
210	18
63	20
84	21
124	21
129	23
161	23
258	23
63	24
66	24
139	24
151	24
238	24
261	24
246	25
82	26
231	27
234	27
92	28
63	29
130	29
67	30
107	30
138	30
161	30
186	30
209	30
123	31
186	31
51	32
150	32
259	32
83	33
131	34
162	34
193	34
82	35
113	35
132	35
195	35
225	35
66	36
78	36
140	37
150	37
169	37
89	38
204	38
45	39
162	40
187	40
239	40
274	41
46	42
81	42
102	42
197	42
228	42
238	42
53	43
210	44
112	45
165	45
209	45
59	46
71	46
73	46
163	46
233	46
62	48
120	48
132	48
150	48
82	49
113	49
164	49
213	50
122	52
124	52
274	52
121	53
154	53
84	54
60	55
77	55
180	55
52	56
70	56
106	56
44	57
280	57
162	58
60	60
71	60
78	60
163	60
224	60
134	62
151	62
93	63
219	63
116	64
169	65
250	65
90	68
92	68
94	69
295	69
144	71
170	71
47	72
115	72
62	73
71	73
120	73
176	73
253	73
62	74
72	74
94	75
151	75
95	77
64	79
83	80
105	80
82	81
56	82
91	83
62	84
155	84
248	85
105	86
160	86
125	87
89	88
199	89
289	89
61	90
147	90
194	90
248	90
290	90
69	91
279	91
65	92
152	92
219	92
41	93
98	93
104	93
221	93
69	94
273	94
310	94
142	95
197	95
47	96
54	96
289	96
274	99
86	100
265	100
78	101
258	101
297	101
90	102
95	102
144	102
207	102
224	102
33	103
37	103
38	103
216	103
279	103
297	103
44	104
202	104
311	105
91	106
187	106
184	107
44	108
202	109
258	109
151	111
153	112
74	113
37	114
72	114
115	114
305	114
101	116
105	116
308	116
119	117
132	117
59	119
220	121
217	122
65	123
134	123
140	123
222	123
35	126
277	126
40	127
53	127
71	130
103	130
251	130
257	130
102	131
229	131
202	132
296	132
298	133
91	134
39	135
79	135
284	135
59	136
119	137
76	140
210	140
47	141
93	142
66	143
36	144
108	144
136	144
120	145
293	145
303	145
238	147
269	147
157	148
245	148
132	149
223	149
229	149
55	150
110	150
152	150
295	152
65	154
152	155
269	155
275	155
147	156
38	157
154	157
43	159
130	159
129	160
179	160
293	160
182	162
275	162
285	162
45	165
234	165
240	165
35	166
263	167
153	169
184	170
162	171
234	171
241	171
246	171
307	171
228	172
256	172
173	173
282	173
53	175
239	175
141	176
152	176
247	176
254	176
135	177
274	179
113	181
202	181
210	181
254	181
262	182
306	182
127	184
153	185
203	185
210	185
262	186
267	186
152	187
165	187
121	188
167	191
267	191
257	192
282	193
289	193
305	193
46	195
150	196
37	198
252	199
167	200
291	200
294	200
37	201
247	201
51	202
151	202
304	203
43	204
145	204
271	204
247	205
231	206
239	206
254	206
158	207
95	209
169	209
263	210
302	210
239	211
302	211
245	212
272	212
149	213
203	213
210	214
155	217
295	217
302	217
56	220
188	221
284	221
164	222
52	223
107	223
294	223
45	224
270	224
102	225
121	225
53	226
252	226
259	227
163	229
45	230
104	231
88	232
122	232
52	233
113	233
173	233
275	234
236	236
85	237
156	237
45	238
163	240
259	240
264	241
274	241
143	242
279	242
173	243
242	246
288	246
47	247
295	247
43	248
241	249
244	249
50	250
264	250
270	250
279	250
284	251
100	254
184	255
56	256
295	256
297	257
79	261
151	263
82	267
297	267
53	270
285	276
250	278
81	281
256	281
282	281
259	284
243	285
251	286
295	290
234	294
149	295
241	301
63	303
291	309
292	318
153	323
73	329
151	332
290	333
100	335
239	336
279	339
240	341
287	341
284	342
165	345
279	347
92	351
133	351
150	351
241	351
244	351
274	351
118	352
122	352
165	352
173	352
223	352
257	352
260	352
285	352
286	352
