530
81	7
90	7
95	7
110	7
74	8
116	13
121	13
198	13
229	13
216	14
235	15
108	16
228	16
107	17
67	18
87	18
68	19
92	19
193	20
196	20
100	22
184	22
94	23
111	23
181	23
183	23
100	25
122	26
143	26
239	26
130	27
184	27
192	27
207	27
209	27
53	28
95	29
109	29
111	29
219	29
48	30
89	30
94	30
180	31
146	32
151	32
182	32
67	33
78	33
48	36
86	36
220	36
39	37
47	37
156	38
200	39
51	40
170	40
217	40
246	40
48	41
112	41
193	42
247	42
48	43
58	44
63	44
66	44
162	44
239	44
73	45
42	47
155	47
34	48
64	48
134	48
209	48
39	49
186	49
110	50
138	50
169	51
56	52
180	52
44	53
51	53
64	54
192	55
72	56
52	58
57	58
67	58
94	58
33	59
148	59
28	61
60	62
67	62
89	62
94	62
265	62
255	64
135	65
247	65
169	66
239	66
53	67
113	67
164	67
168	67
37	68
60	68
95	68
108	68
159	68
71	69
89	69
160	69
240	70
145	72
37	73
62	73
118	73
78	74
84	74
88	74
99	74
54	75
150	75
243	75
23	76
45	76
62	76
107	76
109	77
231	78
271	78
44	79
85	79
53	80
66	80
33	81
38	81
44	81
74	83
97	83
98	83
115	84
235	84
115	87
123	87
133	87
22	88
103	89
105	89
112	90
150	90
66	91
70	91
50	93
72	93
170	95
42	96
88	96
279	96
151	97
69	98
135	98
50	99
86	100
174	100
35	101
61	101
209	101
66	102
174	102
122	103
173	103
184	103
280	103
200	105
253	107
66	108
69	108
75	108
79	108
177	108
277	108
52	109
212	109
24	110
88	110
254	111
76	112
222	112
47	113
237	113
244	113
76	114
260	114
24	115
92	115
204	115
211	115
231	115
180	117
80	118
168	118
177	118
195	118
245	118
172	119
190	119
224	119
164	120
41	121
204	122
232	122
286	122
38	123
198	123
232	123
97	125
285	125
85	127
192	127
198	127
240	127
25	128
85	128
100	129
44	130
239	130
245	130
118	132
208	132
216	132
195	133
200	133
294	134
90	135
202	135
286	135
295	135
104	136
274	136
283	137
32	138
44	138
50	138
62	138
25	140
75	140
114	140
52	141
56	142
68	142
90	142
83	144
208	144
41	145
26	147
247	147
56	148
119	148
292	150
43	152
56	152
97	152
85	153
90	153
223	153
230	153
296	153
30	154
247	154
50	155
189	155
273	155
102	156
107	156
182	156
122	157
127	157
88	159
208	160
216	160
183	161
189	161
293	161
248	162
262	162
91	163
93	163
224	163
231	163
269	163
304	164
117	165
123	165
199	165
262	165
137	166
193	166
289	167
300	167
125	168
147	168
239	168
27	169
140	169
232	169
238	169
272	169
253	170
260	170
147	172
140	173
157	173
210	173
262	173
272	173
202	174
276	174
304	174
240	175
188	176
193	176
245	176
246	176
253	176
121	177
129	177
136	177
140	177
297	179
217	180
224	180
253	180
204	181
210	181
240	181
287	181
296	181
261	182
233	183
63	186
150	186
260	186
267	186
118	187
253	187
252	188
55	189
116	189
223	189
89	191
223	191
231	191
196	192
204	192
305	193
129	195
137	195
135	196
244	197
179	198
142	200
161	200
179	200
304	200
171	201
230	201
169	202
292	202
223	203
299	203
192	204
238	204
241	204
129	206
126	207
207	207
191	208
113	211
142	211
143	211
231	211
267	211
271	211
106	214
189	214
222	214
33	215
133	215
242	215
132	216
257	216
247	217
264	217
75	218
78	218
77	219
137	220
145	220
257	221
222	222
231	222
262	222
122	223
123	226
177	226
254	226
184	227
131	228
135	228
57	229
62	229
137	229
262	229
269	229
72	230
294	230
74	231
68	232
300	232
142	233
162	233
141	234
96	235
258	235
77	236
106	236
108	236
237	236
213	237
219	238
61	240
300	240
49	241
42	242
97	242
112	242
137	242
139	242
274	243
110	244
280	244
59	246
250	248
36	249
136	249
264	253
125	254
248	254
270	254
288	254
252	255
295	255
117	256
75	260
68	261
123	261
215	261
219	261
72	262
156	267
236	269
240	271
124	274
43	276
296	277
271	278
291	278
229	282
279	282
233	284
236	284
240	286
293	286
267	287
56	288
283	289
238	292
229	295
41	299
231	301
211	303
226	303
289	306
125	309
46	314
290	320
199	321
290	322
200	328
280	333
280	334
51	336
219	337
47	338
70	338
220	341
225	341
277	341
91	342
122	343
129	343
226	346
244	346
98	347
278	348
207	349
179	351
244	351
255	351
67	352
69	352
90	352
93	352
103	352
107	352
127	352
197	352
202	352
214	352
231	352
234	352
266	352
278	352
