426
116	9
63	10
72	18
81	18
83	18
39	23
92	24
125	24
53	26
97	28
42	30
105	30
138	30
82	31
86	32
64	33
87	33
133	33
145	34
45	35
95	35
97	35
120	36
143	36
41	37
109	37
62	39
187	40
132	41
172	41
195	41
62	42
100	42
192	43
41	44
88	45
159	45
42	46
213	46
47	47
108	47
205	47
216	47
37	48
95	48
170	48
153	49
38	50
141	50
59	51
130	51
108	52
161	52
119	53
31	55
220	55
89	57
39	58
157	58
167	59
18	61
122	64
233	64
28	66
62	66
128	66
232	67
110	68
121	68
29	69
33	69
117	69
215	70
50	74
42	75
97	75
28	77
60	77
72	77
236	78
226	79
39	80
19	81
206	81
27	82
71	84
71	85
127	86
59	87
107	87
19	88
39	88
133	88
210	88
25	90
30	90
53	90
97	90
38	91
77	91
79	92
58	93
60	93
42	94
20	95
61	95
199	96
42	98
115	99
236	99
50	100
61	100
114	100
23	101
52	101
69	101
60	102
40	103
100	103
194	106
175	107
235	107
52	108
168	108
38	109
40	109
132	109
54	110
151	110
228	110
46	111
61	111
245	112
21	114
98	114
228	114
49	115
132	117
180	117
212	118
220	118
171	119
161	120
235	120
142	121
170	121
156	122
165	122
204	122
138	123
146	123
199	123
206	124
54	127
207	128
174	130
180	130
60	131
249	132
35	133
214	133
23	134
93	135
169	136
174	136
47	137
79	138
87	138
93	138
40	139
184	139
39	140
176	140
87	141
56	142
82	142
55	143
31	144
68	144
90	144
187	145
182	146
265	149
82	151
69	152
43	153
60	154
63	154
40	155
256	155
75	160
82	160
255	160
64	162
263	163
221	165
164	166
91	167
97	167
156	167
159	167
246	168
151	169
106	170
221	174
270	174
132	175
30	176
57	177
124	177
215	178
242	179
219	180
221	180
226	180
249	180
88	181
97	181
227	181
236	182
85	183
191	183
184	184
60	185
215	185
218	185
135	186
178	186
269	186
30	187
37	187
105	187
102	188
115	188
147	188
153	188
206	188
192	190
197	190
187	191
187	192
197	195
275	196
171	197
181	197
225	197
275	197
268	199
63	200
162	200
108	201
218	201
116	203
205	203
206	203
182	204
146	205
173	205
274	205
197	206
275	206
74	207
159	208
165	208
189	208
218	208
257	208
60	209
106	209
100	210
161	210
233	210
239	210
263	210
206	211
271	211
155	212
180	212
271	212
80	213
111	213
117	213
199	213
145	214
152	215
217	217
59	218
196	218
109	220
50	221
182	222
239	222
243	223
129	224
253	224
260	225
270	225
129	226
72	229
187	229
194	229
104	230
213	230
65	232
169	232
222	232
171	233
57	235
113	235
69	237
79	238
171	238
36	239
42	239
133	239
168	239
93	240
281	240
60	242
112	242
217	242
70	244
84	245
99	246
223	248
36	249
184	251
271	251
276	251
91	252
191	252
90	253
99	256
273	256
226	258
190	260
194	261
270	261
270	262
47	263
259	266
279	266
47	268
42	269
131	269
272	271
265	272
222	275
42	276
98	276
275	276
281	277
263	278
244	280
276	280
280	280
220	281
241	285
260	285
276	285
142	291
205	294
270	295
272	295
142	296
209	296
260	298
42	305
99	311
263	313
264	313
44	315
43	317
186	317
256	322
257	323
44	324
241	330
246	332
244	333
98	336
118	336
223	336
45	337
55	337
86	340
205	340
53	341
90	341
117	341
168	341
201	341
217	341
99	343
196	344
96	345
245	345
85	346
128	346
153	346
168	346
192	346
206	346
209	346
251	346
246	347
106	348
49	349
90	351
110	351
127	351
210	351
230	351
76	352
79	352
97	352
138	352
147	352
153	352
161	352
180	352
192	352
193	352
198	352
209	352
227	352
