452
137	7
138	7
163	7
209	7
99	8
108	8
120	8
163	8
218	8
264	8
272	8
309	8
202	9
236	9
245	9
256	9
158	11
195	12
129	14
180	14
180	15
284	15
229	16
274	16
285	16
110	18
117	19
146	19
153	19
188	19
213	19
264	19
303	19
100	20
126	20
141	20
268	20
168	21
223	21
283	21
307	21
309	21
182	22
198	22
206	22
182	24
102	26
263	26
274	26
239	27
247	27
257	27
277	27
283	27
129	28
170	28
202	28
158	29
204	29
216	29
231	29
148	30
209	30
215	30
135	31
184	31
148	32
160	32
176	32
209	32
311	32
93	33
166	33
205	33
276	33
86	34
141	34
154	34
293	34
243	35
247	35
95	36
110	37
111	39
209	39
249	39
286	39
244	41
300	41
102	42
87	43
132	43
136	44
253	44
269	45
91	47
103	48
119	48
285	48
290	48
123	49
283	49
78	50
96	50
142	51
254	51
85	52
77	53
285	53
116	54
307	55
175	56
291	56
139	58
145	58
155	58
290	58
281	59
96	60
105	60
272	60
280	60
120	61
281	61
133	64
159	64
105	66
111	66
133	66
152	66
181	66
116	67
141	67
258	67
264	67
140	68
161	68
290	68
175	70
183	70
118	71
287	71
274	74
165	75
267	75
291	76
112	77
187	77
106	78
158	79
176	79
124	80
267	80
274	80
90	83
116	83
292	84
254	86
259	86
129	87
165	87
299	87
165	88
87	90
141	90
239	90
245	90
268	90
275	90
86	91
262	91
223	94
229	94
285	94
290	94
132	95
262	96
254	98
248	99
256	99
129	102
239	102
78	103
232	103
304	103
310	103
89	104
80	106
130	106
218	109
220	109
225	109
147	110
214	111
303	113
309	113
287	114
288	114
234	115
284	115
242	116
152	117
74	118
249	118
214	119
220	119
221	119
234	119
242	119
168	120
298	120
303	120
83	121
80	123
268	123
276	123
205	124
229	124
234	124
253	124
312	124
197	125
304	126
256	131
310	131
222	133
229	133
87	134
82	135
278	135
164	136
172	136
251	136
259	136
286	136
179	137
230	137
186	139
207	140
213	140
103	143
162	144
294	144
303	147
307	147
213	148
219	148
251	148
259	148
240	150
109	151
239	151
250	151
87	152
244	152
158	153
299	154
155	155
282	156
233	158
242	159
187	161
225	161
158	162
163	162
207	162
103	163
259	163
166	164
242	164
264	164
176	165
247	166
274	166
299	166
156	167
211	167
306	167
233	168
290	169
162	170
295	170
110	172
204	172
228	173
296	173
83	175
167	175
181	175
272	176
284	176
102	177
169	178
254	178
112	180
225	180
259	180
296	180
137	182
140	182
233	182
240	182
228	185
84	187
165	187
269	187
85	188
132	188
135	188
274	188
102	189
149	189
152	189
178	189
283	190
107	194
155	194
179	194
127	195
300	196
304	197
165	198
211	198
241	198
280	198
168	199
268	200
97	201
86	202
100	202
139	202
95	203
109	203
176	203
178	203
287	203
194	204
236	204
303	205
256	206
292	206
116	207
120	210
196	213
125	216
133	217
248	218
251	221
104	222
131	223
189	224
301	224
196	225
282	226
132	227
141	227
289	228
238	229
246	230
97	231
102	231
187	232
195	235
246	237
141	240
98	241
107	241
167	241
293	241
300	241
116	242
118	242
133	242
151	242
299	242
100	243
105	243
157	246
100	247
164	248
154	254
136	255
294	256
162	258
245	263
138	264
115	265
240	266
246	267
137	268
246	268
253	268
121	270
122	275
246	275
295	276
171	280
271	280
127	281
277	283
184	284
170	285
265	286
274	288
295	290
184	291
200	295
206	296
201	302
216	302
288	302
141	303
153	307
261	308
159	312
277	312
263	316
156	317
178	317
280	317
186	319
263	320
291	322
263	323
250	324
270	326
173	331
280	331
174	332
250	332
268	333
287	334
181	335
280	335
272	337
203	340
237	344
247	344
268	344
218	347
229	347
229	350
262	350
211	351
229	351
235	351
265	351
268	351
241	352
247	352
257	352
278	352
