549
76	7
84	7
96	7
183	7
230	7
84	8
136	8
152	8
201	8
211	8
238	8
113	9
127	9
192	9
103	10
138	10
153	10
230	10
113	11
250	11
96	12
84	13
185	15
192	15
221	15
67	16
123	16
126	16
148	16
230	16
242	16
257	16
68	17
134	17
172	17
230	17
95	18
213	18
220	18
249	18
112	19
238	20
135	23
214	23
232	23
68	24
158	24
188	24
250	24
172	25
102	26
129	26
181	26
104	27
84	28
130	28
158	28
250	28
190	29
247	29
252	29
215	31
92	32
105	33
123	33
238	34
109	35
177	35
184	35
231	35
260	35
68	36
122	36
140	37
159	37
250	37
141	38
171	38
124	39
71	40
209	40
214	40
232	40
80	41
82	42
186	43
240	43
92	44
218	44
223	44
70	46
184	46
107	48
259	48
265	48
234	49
235	49
227	51
80	52
94	52
250	52
98	53
238	53
61	54
133	55
52	56
265	56
273	56
127	57
166	58
92	59
257	59
258	59
282	59
128	60
160	60
71	61
110	61
221	61
149	63
114	65
80	67
229	68
222	69
295	69
92	70
97	70
134	70
246	70
118	72
135	72
92	76
95	76
105	77
118	77
157	77
231	77
238	77
256	79
139	80
247	83
290	83
34	84
64	84
98	84
240	84
305	84
298	86
315	86
314	87
232	88
239	88
309	88
104	89
127	89
265	92
269	92
310	92
114	94
249	94
254	94
42	95
51	96
287	96
107	102
188	102
194	102
213	102
258	102
263	102
270	102
309	102
227	103
234	103
309	106
234	107
239	107
103	108
221	108
102	111
212	111
213	112
220	112
284	113
47	114
290	114
301	114
120	115
168	115
186	117
189	117
267	117
273	117
174	121
40	122
124	122
47	123
205	123
206	123
275	123
281	123
213	124
256	124
266	124
141	125
268	128
274	128
274	129
294	129
177	130
184	130
280	130
224	131
231	131
249	131
258	131
239	132
79	133
87	133
201	133
249	133
281	134
39	135
142	135
200	135
135	136
193	136
275	136
299	136
309	136
310	137
45	138
266	139
301	139
193	140
200	140
274	140
202	143
151	144
157	145
274	145
222	146
230	146
43	147
177	147
44	148
184	148
293	148
133	149
144	149
52	151
194	152
293	152
70	153
201	153
247	154
59	155
184	155
254	155
36	156
44	156
81	156
190	156
273	156
280	156
55	157
87	157
146	158
222	158
227	158
82	159
173	162
181	162
200	162
45	164
134	164
290	164
45	166
206	166
76	167
299	167
304	168
50	169
184	169
271	170
286	170
125	171
146	171
184	171
195	171
212	171
229	171
235	171
251	171
196	172
280	172
261	173
286	173
96	174
125	174
80	175
99	175
178	175
269	175
54	176
92	176
276	176
127	177
189	178
260	178
73	179
209	179
244	179
105	180
159	180
265	180
200	181
252	181
286	181
149	182
195	182
291	182
254	183
124	184
125	186
149	186
181	186
223	186
250	186
254	186
266	186
47	187
57	187
80	187
109	187
167	187
37	188
161	188
169	188
229	188
151	191
263	192
185	193
108	194
210	194
66	195
103	195
144	196
173	196
103	199
205	199
85	200
125	200
160	200
54	201
151	201
67	202
79	202
98	204
268	204
52	205
107	205
275	205
304	205
72	206
92	206
79	207
210	207
194	208
230	208
295	208
166	209
303	209
102	210
193	210
154	211
265	211
155	212
283	212
104	213
112	213
163	213
287	213
162	214
204	214
254	214
274	214
67	215
224	216
281	216
295	216
301	216
90	217
277	217
298	217
285	218
108	219
168	219
212	219
103	221
124	221
165	221
230	221
207	222
74	223
95	223
267	223
117	224
78	225
104	225
116	225
225	225
257	225
285	225
89	226
132	226
289	226
272	227
70	230
108	230
100	232
189	233
263	233
187	237
75	238
213	238
300	245
133	246
70	248
77	249
130	252
80	257
101	258
122	258
103	259
181	260
272	260
79	261
173	261
110	262
128	262
279	262
101	263
260	266
264	268
108	269
297	269
256	270
211	271
87	272
260	273
199	275
205	275
212	275
197	277
217	277
248	278
271	278
87	280
95	280
278	280
255	283
291	283
251	284
93	285
260	286
149	290
245	291
114	292
267	292
103	293
148	296
226	296
263	297
238	298
262	299
128	300
219	300
263	300
180	302
286	303
292	304
102	305
128	306
180	308
291	311
137	313
277	313
208	315
121	316
166	317
157	318
272	318
137	319
286	319
223	320
289	320
142	322
208	322
150	323
227	324
227	327
129	328
169	328
275	329
229	331
241	331
147	332
214	332
154	333
241	333
272	334
289	334
166	335
195	336
287	338
215	339
248	339
250	339
278	342
236	343
178	344
270	344
165	346
179	346
249	346
190	347
249	347
175	348
150	350
211	351
214	351
229	351
232	351
236	351
238	351
269	351
159	352
161	352
166	352
175	352
190	352
192	352
197	352
224	352
249	352
262	352
276	352
278	352
