538
148	7
164	7
188	7
214	7
215	7
131	8
180	8
197	8
237	8
110	9
165	9
224	9
91	10
72	13
136	13
163	14
128	15
174	15
208	15
252	16
101	17
215	18
245	19
130	20
228	20
87	21
118	22
112	23
159	23
168	23
98	24
125	24
193	24
201	24
112	25
176	25
184	25
73	26
152	26
245	26
247	27
118	28
81	29
162	29
192	30
100	31
130	31
263	31
129	32
66	33
105	33
243	33
253	33
261	33
117	34
163	34
245	34
119	35
130	35
180	35
192	35
210	35
230	35
234	35
94	36
147	36
194	36
227	36
157	37
66	38
137	38
211	39
125	40
188	40
243	40
212	41
217	41
236	41
89	43
58	44
65	44
62	46
102	46
104	47
189	47
222	47
229	47
254	47
261	47
270	47
64	48
179	48
74	49
169	49
246	49
253	49
89	50
181	50
49	52
93	52
239	52
245	52
49	53
55	53
66	54
106	54
113	54
67	55
97	55
100	55
101	55
104	55
181	55
86	56
253	57
257	57
48	60
144	60
277	60
72	61
74	61
78	61
125	62
216	62
267	62
110	64
208	64
157	67
250	67
278	67
75	68
102	68
149	68
224	68
128	69
219	69
241	69
99	72
113	72
100	73
111	73
285	73
91	74
259	74
265	74
144	75
143	76
233	76
252	76
161	77
227	78
258	80
265	80
58	82
91	82
194	82
92	83
241	83
187	84
235	84
128	85
259	85
98	87
227	87
235	87
44	88
135	89
133	90
243	90
249	90
109	93
311	94
291	95
198	98
204	98
103	101
303	101
252	102
309	103
264	104
230	105
233	105
105	106
223	106
104	108
208	112
215	112
278	113
42	115
108	116
181	116
184	116
193	116
199	116
262	116
268	116
187	118
169	121
285	121
163	122
201	122
208	122
269	122
274	122
155	123
163	123
260	123
110	124
135	124
194	124
196	125
289	126
261	127
268	127
269	128
253	129
172	130
179	130
254	130
260	130
196	131
219	131
226	131
74	132
242	133
244	133
129	135
49	136
78	136
164	136
270	136
60	137
172	137
296	137
195	138
201	138
253	138
309	138
188	139
195	139
235	139
259	139
278	140
42	141
131	141
133	141
137	141
69	143
145	143
153	143
196	143
216	144
225	144
296	144
236	146
138	147
268	147
275	147
302	147
128	148
229	148
205	149
226	149
75	150
190	150
287	150
164	152
235	152
291	152
294	152
49	153
52	153
308	153
159	155
275	155
284	155
43	156
44	156
130	156
138	156
217	156
223	156
60	157
231	159
284	159
291	159
94	160
168	160
303	160
68	161
89	161
174	161
129	162
258	163
263	163
62	165
167	165
240	165
45	166
154	166
174	166
197	166
246	167
144	168
182	168
241	168
282	168
161	169
176	169
138	170
190	170
289	170
307	171
75	172
207	172
272	172
299	174
121	175
197	175
305	175
129	176
263	176
68	177
238	177
269	177
254	178
260	179
279	179
202	180
129	181
192	181
119	182
249	182
279	182
118	183
284	183
48	185
65	186
74	186
235	186
38	187
47	187
82	187
104	187
217	187
242	187
260	187
264	187
56	188
96	188
200	188
240	188
77	189
223	189
204	190
144	191
102	192
117	194
205	194
274	194
71	195
283	195
289	195
91	196
279	196
164	197
61	198
200	198
60	200
148	200
263	200
269	201
58	202
64	202
93	202
101	202
252	204
259	205
205	206
97	208
147	209
268	209
83	211
229	211
287	211
296	211
199	212
303	212
53	213
220	213
209	214
238	215
287	216
242	217
269	217
291	217
87	218
118	220
253	220
202	221
214	221
224	221
259	221
302	221
58	222
97	222
291	222
94	223
110	223
299	223
65	224
241	224
284	226
290	226
207	227
95	230
236	230
202	232
223	234
290	234
295	234
69	235
111	236
208	236
88	237
218	237
74	240
108	241
65	242
295	242
300	243
127	245
299	249
290	250
125	251
296	251
63	254
98	256
114	256
122	258
104	259
98	262
100	264
130	265
293	267
105	268
296	268
123	271
129	271
202	271
204	274
295	275
122	276
262	277
78	278
240	278
269	279
242	283
253	284
290	284
154	290
250	290
81	291
235	291
231	295
154	297
160	298
169	299
173	299
91	302
111	302
288	302
121	306
158	307
173	307
104	308
110	308
102	312
121	313
113	314
150	315
291	315
104	317
113	317
134	319
210	319
290	322
217	323
131	327
134	327
264	328
285	328
139	329
152	329
220	329
279	329
205	330
225	331
263	331
214	333
233	333
273	333
129	335
235	335
287	335
205	336
116	337
257	337
120	338
223	338
243	338
257	338
199	340
286	340
266	341
278	341
224	342
127	343
247	344
224	345
188	346
189	346
199	347
270	347
286	347
226	348
183	349
198	349
268	349
241	350
144	351
172	351
217	351
227	351
254	351
178	352
198	352
260	352
