361
238	7
253	7
267	7
109	8
168	8
186	8
225	8
269	8
152	9
90	12
135	12
206	12
212	12
105	13
120	13
97	14
99	16
193	16
206	16
244	17
99	20
186	20
277	20
139	27
174	30
135	32
277	33
280	33
246	37
172	42
251	44
284	47
73	49
263	51
292	53
285	54
285	58
158	60
207	60
279	64
67	66
181	66
109	68
297	69
190	70
175	72
184	74
296	74
242	79
170	81
256	81
87	87
145	87
152	87
194	87
81	88
64	89
157	90
107	91
112	91
145	92
139	94
157	94
256	94
130	97
194	98
295	98
83	99
150	99
156	99
177	99
231	99
58	100
252	101
146	104
238	104
290	104
225	105
259	106
178	107
309	107
278	108
299	108
310	108
266	109
299	109
160	111
170	111
287	112
258	113
253	114
267	115
278	115
302	115
253	116
295	116
312	116
60	117
229	117
266	118
272	120
209	121
310	121
60	122
58	124
299	128
162	130
194	131
309	131
59	132
186	134
224	136
253	136
296	136
154	137
160	137
180	137
263	138
234	139
137	140
269	141
52	143
145	143
154	143
182	143
156	144
252	144
307	144
303	145
255	146
269	146
286	146
295	146
227	147
309	148
245	149
105	150
281	151
242	153
44	154
301	154
289	155
44	158
247	158
231	159
57	160
295	160
307	160
50	161
241	164
53	166
190	166
293	166
162	167
55	168
183	170
174	171
264	171
268	173
43	174
288	174
69	175
305	176
293	177
49	179
206	179
266	181
295	181
198	182
268	182
84	183
146	183
160	183
61	184
64	184
46	187
60	187
259	187
284	187
292	187
83	188
260	188
31	190
46	190
49	190
160	191
167	191
52	192
251	192
280	194
34	195
281	195
89	196
293	196
64	197
304	197
58	199
96	200
154	200
164	200
294	201
171	202
282	203
300	203
245	205
38	206
164	206
281	206
295	206
284	207
146	209
236	209
44	210
245	211
302	211
236	217
289	218
94	219
229	219
252	219
294	220
298	220
65	221
300	221
293	223
278	225
286	226
297	226
87	227
284	227
255	229
278	229
290	230
61	232
275	232
283	232
275	233
289	233
112	234
264	234
280	238
267	240
269	240
286	240
66	241
112	241
300	241
89	245
70	246
79	246
274	246
59	248
62	248
277	248
289	250
128	252
289	252
67	253
161	253
274	253
153	254
273	254
262	255
75	257
261	257
116	258
167	258
169	258
160	259
281	259
271	263
70	264
262	264
256	269
171	272
278	273
73	274
88	274
193	274
78	276
281	278
242	279
253	280
252	282
261	282
154	283
275	283
81	284
254	284
245	285
235	291
260	293
84	295
98	298
162	298
168	298
233	301
259	301
263	301
236	302
86	303
229	303
242	304
79	306
80	307
95	307
107	307
117	307
87	311
252	312
245	313
256	313
79	314
111	314
217	315
89	319
208	319
150	320
117	321
235	321
108	322
107	323
224	323
98	324
180	324
242	324
238	325
179	326
143	327
204	329
108	330
180	331
237	331
226	332
94	333
219	333
148	335
154	335
205	336
112	339
223	339
164	340
232	340
155	342
177	342
123	344
205	345
117	346
162	346
164	346
169	346
198	347
154	349
128	350
146	351
153	351
169	351
173	351
234	351
210	352
241	352
