355
133	7
148	7
182	7
249	7
162	8
182	8
238	8
174	11
274	13
280	15
194	17
107	19
231	19
106	21
260	21
272	22
132	26
129	27
102	29
264	35
291	36
159	37
147	42
92	43
149	43
95	44
252	44
181	45
277	45
293	45
160	46
283	46
174	49
252	52
172	53
173	54
260	54
302	59
81	60
255	60
191	61
270	61
282	62
288	63
147	65
198	65
266	66
99	71
203	73
295	73
179	74
186	79
172	80
303	80
197	82
231	82
244	82
184	83
302	83
307	83
160	85
75	87
126	90
133	90
172	92
182	92
163	93
313	94
147	96
166	97
154	98
296	99
298	100
72	101
114	102
166	102
183	102
291	102
281	103
140	104
147	104
259	107
267	107
68	108
137	109
238	109
287	109
236	110
241	110
291	110
287	111
310	111
64	112
166	113
268	114
275	114
256	115
303	115
254	116
70	117
234	117
246	117
312	118
303	122
71	123
199	124
62	128
66	135
232	135
184	136
176	138
253	139
213	141
147	142
171	142
308	142
127	145
154	145
250	145
221	146
259	146
62	147
135	147
173	147
147	149
237	149
64	150
59	153
71	153
233	153
163	154
280	154
291	155
224	156
96	157
303	157
221	158
229	158
226	159
299	159
251	161
164	162
167	162
257	163
61	165
157	165
284	165
168	168
157	169
294	173
263	175
50	178
49	179
55	179
257	180
268	180
260	181
56	182
197	183
304	183
60	186
66	187
189	187
262	187
68	188
138	188
145	188
271	188
299	188
289	190
298	190
76	191
291	191
244	193
70	194
145	196
159	196
60	200
76	200
291	200
69	201
240	204
156	205
77	206
234	207
293	209
295	210
82	212
224	212
119	214
138	214
146	214
83	216
297	217
276	218
284	220
118	221
267	221
244	222
290	224
73	225
166	229
292	229
285	230
258	231
251	236
291	236
166	237
249	237
295	237
79	238
279	238
106	241
293	245
292	247
71	248
106	248
279	248
296	248
87	251
205	254
281	256
109	257
156	257
166	257
296	257
122	258
149	258
199	258
276	259
81	260
286	260
162	263
156	264
271	264
81	266
130	266
136	266
82	268
189	269
274	269
186	270
195	271
282	271
294	271
97	273
274	273
277	273
265	274
257	275
185	278
282	278
173	281
96	282
140	282
271	284
85	285
186	285
263	286
266	286
293	286
94	287
272	287
148	290
252	290
277	294
86	295
291	295
270	297
253	298
140	299
253	301
252	303
224	304
89	305
239	305
241	309
286	309
225	310
239	310
285	311
115	312
105	316
275	316
212	317
244	317
290	317
229	318
205	320
118	321
110	322
146	325
231	325
165	326
228	327
247	327
273	327
121	329
131	329
233	329
114	330
123	330
175	330
106	332
196	332
260	332
140	333
275	333
283	333
176	334
254	335
260	335
132	336
138	336
190	336
124	338
229	338
224	340
237	341
244	341
141	342
164	342
179	342
216	342
257	342
231	343
128	344
209	344
244	344
154	345
159	345
280	345
115	346
141	346
123	347
183	347
161	348
206	348
254	348
166	349
167	349
214	350
223	351
234	351
254	351
267	351
268	351
185	352
187	352
200	352
226	352
231	352
254	352
260	352
280	352
