690
239	7
102	8
143	8
166	8
214	8
221	8
230	8
157	9
175	9
186	9
194	9
204	9
116	10
76	11
229	11
63	12
63	13
87	13
140	13
144	13
81	14
157	14
128	15
141	15
167	17
214	17
221	17
159	18
214	18
223	18
55	19
48	20
161	20
244	21
172	22
238	22
38	23
142	23
208	23
229	23
38	24
100	25
130	25
72	27
105	27
174	27
42	29
148	29
208	29
216	29
49	30
100	30
155	30
47	31
99	31
199	31
253	31
86	33
160	33
195	33
63	35
260	35
262	35
82	36
243	36
38	38
99	38
236	38
92	39
204	39
47	41
42	42
54	43
62	43
123	43
194	43
225	44
189	45
63	46
72	46
86	46
88	46
224	46
120	47
242	47
258	47
104	49
232	49
259	49
71	50
204	50
129	51
198	51
115	52
242	52
250	52
35	53
112	53
120	53
214	53
250	53
43	54
80	55
89	55
40	56
172	57
49	58
250	58
142	59
158	59
168	59
176	59
122	62
102	63
112	63
115	63
52	65
96	65
143	65
184	65
34	66
35	66
106	66
243	66
82	67
160	67
214	67
76	68
234	68
42	69
224	69
241	69
214	70
231	70
195	71
222	72
37	75
42	75
52	76
242	76
57	77
202	77
147	78
152	78
195	78
242	78
249	78
250	78
108	79
208	79
223	79
231	79
258	79
271	79
19	80
49	80
102	80
117	80
113	81
202	81
60	83
121	83
262	83
231	85
215	86
221	86
40	87
60	87
71	87
250	87
267	87
127	88
197	88
204	88
53	89
61	89
141	89
146	89
208	90
211	90
29	91
136	91
141	91
205	92
230	94
212	95
220	95
246	95
258	95
19	96
235	96
26	97
27	97
144	97
198	97
205	97
61	98
108	98
230	98
235	98
254	98
52	99
73	99
212	100
219	100
43	101
57	101
86	101
127	101
72	102
82	102
242	104
34	105
264	106
28	107
155	107
57	109
124	109
131	109
137	109
219	109
220	109
259	109
72	110
225	110
43	111
172	111
243	111
52	112
93	114
102	114
235	114
123	115
156	115
161	115
220	115
225	115
84	116
98	116
211	116
107	117
117	117
121	117
194	117
130	119
251	119
135	120
178	120
248	120
206	121
149	122
161	122
227	122
233	122
28	123
84	123
128	123
274	123
281	123
58	124
154	124
229	124
296	124
298	124
45	125
257	125
34	126
220	127
274	127
115	128
45	129
130	129
135	129
149	129
154	129
290	129
200	130
248	130
263	130
138	131
156	131
254	131
270	132
57	133
72	133
191	133
229	133
237	133
276	134
32	135
33	135
38	135
42	135
56	135
106	135
177	135
299	135
64	136
108	136
182	136
231	136
239	136
247	136
269	136
281	136
267	137
64	139
198	139
218	139
84	140
103	140
178	140
222	140
239	140
138	141
178	141
70	142
132	142
139	142
214	142
215	142
230	142
255	142
37	143
56	143
222	143
59	144
194	144
252	144
290	144
47	145
283	145
299	145
91	146
116	146
122	146
183	146
220	146
221	146
282	146
37	147
171	147
199	147
213	147
233	147
41	148
132	148
139	148
252	148
187	149
218	149
128	150
243	150
83	151
85	151
154	152
187	152
252	152
155	153
173	153
249	153
29	154
194	154
214	155
216	155
238	155
265	155
280	155
35	156
44	156
61	156
69	156
187	156
217	156
137	157
238	157
294	157
80	158
92	158
106	158
182	158
203	158
274	158
244	160
145	161
221	161
238	161
147	162
273	162
286	162
154	163
163	163
257	164
174	165
212	165
28	166
36	166
38	166
46	166
71	166
138	166
186	166
219	166
290	166
295	166
296	166
57	167
66	167
73	167
164	167
123	168
233	168
96	169
299	169
34	170
106	170
153	170
164	170
241	170
261	170
267	170
215	171
225	171
43	172
279	172
116	173
298	173
305	173
269	174
276	174
41	176
82	176
120	176
220	176
101	177
167	177
238	177
248	177
286	177
107	178
217	178
58	180
105	180
292	180
47	181
110	181
127	181
255	181
179	182
217	182
95	183
105	184
129	184
272	184
282	184
284	184
256	185
292	186
55	187
105	187
157	187
168	187
179	187
71	188
269	188
303	188
221	189
245	189
128	191
280	191
263	192
270	193
305	193
148	194
129	195
162	195
62	196
80	196
88	196
169	196
248	197
179	198
254	198
262	198
281	198
53	200
103	201
168	201
145	202
149	202
284	202
275	203
47	204
80	204
155	204
242	204
264	204
52	205
129	205
179	205
223	205
227	205
93	206
113	206
164	206
246	206
252	206
283	206
58	207
66	207
69	207
169	207
101	208
145	209
84	210
120	211
296	212
47	213
247	213
252	213
278	213
287	213
47	214
63	214
73	214
104	214
76	215
92	215
174	215
52	216
242	216
264	217
47	218
102	218
50	219
62	220
118	221
51	222
72	222
285	222
148	223
285	223
92	224
105	224
82	225
252	225
255	225
272	225
79	226
159	226
264	226
45	227
116	227
175	227
97	228
161	228
260	228
105	229
45	230
58	230
91	230
214	230
280	230
79	231
82	231
244	231
84	232
96	232
253	233
275	234
161	235
267	235
291	235
50	236
64	236
67	236
209	236
243	236
50	237
78	237
106	237
235	237
218	240
229	240
267	240
119	241
253	241
243	242
259	243
219	245
225	245
125	246
241	246
58	247
87	247
119	247
209	247
46	248
121	248
218	248
259	248
280	248
290	248
106	249
237	249
108	250
112	250
87	251
227	251
244	251
251	251
78	252
113	252
141	252
121	255
87	256
219	256
238	256
244	256
262	256
273	256
277	256
101	258
108	258
214	258
140	259
254	260
120	262
214	264
59	265
60	265
244	265
263	265
278	266
282	266
136	267
240	267
143	269
203	269
253	269
120	271
215	271
231	271
245	271
112	272
219	272
120	273
153	274
240	276
265	276
143	277
203	277
133	278
120	279
153	279
214	280
122	282
208	282
258	283
131	284
132	284
229	284
273	285
119	286
155	286
271	286
265	287
206	290
211	290
215	290
233	290
201	293
191	294
63	295
111	295
260	295
290	295
47	296
68	296
78	296
87	296
107	296
234	296
52	297
210	297
165	298
202	302
176	304
178	304
169	305
