656
113	7
189	7
74	8
81	8
117	8
75	9
198	10
108	11
102	12
108	12
103	15
199	15
74	16
124	16
115	18
172	19
181	19
47	20
80	20
135	20
199	20
100	21
107	21
218	21
51	22
210	22
61	26
65	26
68	26
27	27
38	27
147	27
167	27
34	28
157	28
72	29
82	29
128	29
93	30
78	31
95	31
64	32
81	32
220	32
96	33
167	34
226	34
133	35
52	36
33	37
107	37
110	37
58	38
75	38
127	38
121	40
124	40
151	40
96	41
117	41
49	43
169	43
42	44
60	47
205	47
107	48
197	48
154	50
16	51
42	51
107	51
147	51
163	51
180	51
35	52
42	52
51	52
58	52
101	52
121	52
173	52
199	52
35	53
50	53
25	55
132	55
35	57
41	57
58	57
69	57
51	58
173	59
190	60
199	60
236	61
75	62
24	63
29	63
35	64
40	65
42	65
113	65
143	65
215	65
20	70
122	71
125	71
151	71
206	72
242	72
40	73
220	73
18	74
30	74
36	74
43	74
207	75
247	76
50	77
135	77
24	78
27	78
30	78
43	78
49	78
137	78
35	79
245	80
39	81
49	82
66	82
218	82
130	83
137	83
110	85
151	85
219	85
75	86
208	86
19	87
85	87
85	88
138	88
117	89
145	89
216	89
62	90
122	90
217	91
224	91
50	92
55	93
243	94
43	95
85	95
55	98
103	98
123	98
137	98
43	99
94	99
61	101
85	101
99	101
156	101
78	102
105	102
181	102
189	102
25	103
66	103
107	103
115	103
205	103
207	103
199	104
241	104
247	104
47	105
172	105
240	105
246	105
49	106
61	106
100	106
85	107
137	107
115	108
137	109
205	110
211	111
124	112
185	112
194	112
23	113
60	113
168	113
237	113
35	115
62	115
56	116
203	116
229	117
236	117
56	118
75	118
135	118
238	118
137	121
154	121
44	122
195	122
217	122
234	122
155	123
210	123
35	124
127	124
165	124
198	124
213	124
100	125
80	126
169	126
172	126
35	127
113	127
175	127
23	128
130	130
136	130
180	130
229	130
137	131
264	131
48	132
258	132
113	135
121	135
169	135
202	135
24	136
61	136
120	136
241	136
248	136
179	137
135	138
212	138
31	139
70	139
72	139
25	140
200	140
240	140
256	140
205	141
125	142
160	142
252	142
38	143
142	143
233	143
102	144
112	144
50	147
134	147
170	147
171	147
232	148
160	149
224	149
38	150
214	150
64	151
78	151
174	152
223	152
30	153
90	153
102	153
104	153
150	153
160	153
171	153
97	154
133	154
86	155
112	155
134	156
30	158
217	158
255	158
210	159
121	160
142	160
164	160
214	160
145	161
150	161
76	162
79	162
96	162
181	162
233	162
72	164
239	164
120	168
182	168
145	169
166	169
220	169
250	169
237	170
51	171
84	171
153	171
270	171
214	174
44	175
48	175
50	175
57	175
99	175
202	175
30	177
55	177
140	177
42	178
75	178
232	178
244	179
268	179
81	181
195	181
250	181
177	182
193	182
42	183
46	183
140	183
170	183
250	183
255	184
120	186
124	186
146	186
30	187
58	187
63	187
177	187
121	188
257	188
265	188
38	189
177	189
194	189
75	191
135	191
162	191
165	191
55	192
161	192
121	193
142	193
150	193
243	194
39	195
188	195
179	196
265	197
144	198
171	198
159	199
37	201
189	201
214	202
247	203
66	206
151	206
211	206
75	207
165	207
39	208
46	208
148	208
221	209
149	210
255	210
97	211
212	211
32	212
138	213
88	214
47	215
82	215
66	217
95	217
86	219
157	219
165	219
42	220
164	220
165	220
43	221
52	221
95	221
40	222
33	223
41	223
87	223
262	223
66	224
75	224
78	224
244	224
61	225
203	225
209	225
70	227
105	227
164	227
168	227
170	228
177	228
201	228
203	229
34	230
62	230
70	230
100	230
49	231
103	231
129	231
245	232
249	233
261	233
228	235
41	237
48	237
126	237
184	237
206	237
169	238
177	238
40	239
107	239
222	239
216	240
196	242
214	242
228	242
238	242
74	243
135	243
186	243
68	244
140	244
206	244
49	245
114	245
249	246
59	247
80	247
37	248
40	248
41	248
49	248
69	248
71	248
164	248
237	249
80	250
239	250
106	251
134	251
112	252
138	252
90	253
232	253
67	254
112	254
139	255
201	255
40	256
49	256
80	256
97	256
103	256
164	256
62	257
76	258
217	258
234	258
237	258
103	259
216	259
50	260
109	260
111	260
127	260
85	261
87	261
103	261
137	261
199	261
113	262
243	262
209	263
212	264
45	265
56	265
67	265
80	265
84	265
107	265
137	265
187	265
229	265
92	266
126	266
199	267
206	267
113	268
117	268
118	268
159	268
88	269
135	269
214	269
64	270
79	270
114	270
230	270
240	271
189	272
206	272
211	272
42	274
146	274
88	275
124	275
135	275
44	276
88	276
202	276
131	277
139	277
172	277
59	278
113	278
146	278
159	278
241	278
162	279
232	279
115	280
217	280
123	281
203	281
240	281
123	282
131	283
189	283
88	284
128	284
138	284
141	284
172	284
219	285
87	286
114	286
167	286
51	287
174	287
213	287
97	288
216	288
58	289
174	289
71	290
122	291
210	291
81	292
128	292
207	292
79	293
97	293
49	294
64	294
221	294
67	295
140	296
175	296
207	297
153	298
155	298
166	298
87	299
89	299
112	299
162	299
164	299
58	303
85	305
164	305
185	305
153	306
167	306
107	308
112	308
206	309
60	311
119	311
136	312
182	312
185	312
64	313
127	313
172	313
65	314
136	314
140	314
169	314
189	314
106	316
161	316
141	317
108	319
112	319
118	319
189	319
197	319
126	321
136	321
91	323
179	323
161	324
169	325
171	325
108	327
110	327
137	327
138	327
145	328
112	331
123	331
131	331
171	331
130	332
161	333
134	334
112	336
123	338
133	340
147	343
