794
97	8
162	8
206	8
114	9
162	9
62	10
127	10
141	10
188	10
196	10
219	10
228	10
116	13
166	13
228	13
48	14
54	14
152	14
176	14
133	15
220	15
179	16
93	18
145	18
152	18
154	18
167	18
190	18
93	19
151	19
57	20
118	20
61	21
128	22
45	23
29	24
144	25
168	25
50	26
53	26
99	26
133	26
145	26
152	26
174	26
191	26
86	27
154	27
20	28
71	28
166	28
77	29
176	30
33	31
118	31
213	31
28	32
45	32
145	32
234	32
123	33
153	33
155	33
63	34
144	34
166	36
73	37
124	37
128	37
155	37
45	38
167	38
176	38
187	38
190	38
42	39
49	39
51	39
58	39
99	39
140	39
84	40
111	40
177	40
88	42
132	42
217	42
234	42
25	43
42	43
171	43
191	43
37	44
46	44
73	45
116	45
179	46
15	47
152	47
235	50
242	50
86	51
80	52
145	52
68	53
98	53
88	54
100	54
23	55
56	55
29	57
60	57
107	57
36	58
107	58
242	58
40	59
91	61
168	61
27	62
98	62
150	62
107	64
19	65
143	65
252	65
34	66
37	66
56	66
114	66
18	67
55	68
161	68
185	68
248	68
32	69
47	69
59	69
77	69
178	69
37	70
52	70
189	70
32	71
197	72
223	72
230	72
32	76
36	76
37	77
153	77
44	78
52	78
76	78
164	78
28	79
147	79
52	80
57	80
166	80
189	80
207	80
207	81
215	81
107	82
171	83
26	84
61	84
75	84
79	84
102	84
166	84
172	85
179	85
35	86
21	87
130	87
239	87
207	88
215	88
246	88
54	89
68	89
72	89
93	90
21	91
237	91
32	93
61	93
140	93
172	93
224	93
161	94
94	95
254	96
20	98
134	98
162	98
42	99
53	99
146	99
49	100
50	100
32	101
50	101
230	101
75	102
230	102
67	103
235	103
26	105
42	105
76	105
210	105
217	105
32	106
127	106
235	106
42	107
243	107
87	108
149	109
251	109
265	109
121	110
107	111
120	111
57	112
226	113
149	114
23	115
141	115
226	115
243	115
250	115
47	116
69	116
31	117
163	117
84	118
141	119
156	120
209	120
217	120
92	121
155	121
39	122
72	122
259	122
32	123
39	123
45	123
63	123
86	123
112	123
121	123
167	123
225	123
25	124
52	124
67	124
104	124
117	124
173	124
232	124
239	124
125	125
96	127
141	127
136	128
64	129
208	129
247	129
39	130
67	130
148	130
223	130
271	130
31	131
46	131
155	131
197	131
207	131
229	131
256	131
105	132
164	132
213	133
141	134
166	134
67	135
69	135
146	135
25	137
248	137
264	137
59	138
60	138
221	138
46	139
146	140
193	140
227	140
94	141
132	141
173	142
236	142
239	142
275	142
75	143
232	143
218	144
125	145
182	145
209	145
259	145
277	146
278	146
282	146
63	147
215	147
229	147
283	147
27	148
42	148
102	148
139	148
145	148
248	148
174	149
53	150
179	151
27	152
215	152
229	152
53	153
252	153
148	154
166	154
188	154
232	154
155	155
187	155
261	155
35	156
179	156
242	156
275	156
42	157
68	157
132	157
138	157
210	158
80	159
148	159
225	159
87	160
143	160
179	160
253	161
34	162
161	162
30	163
39	163
166	163
77	164
205	164
49	165
61	165
172	165
178	165
193	165
147	166
67	167
97	167
109	167
271	167
59	168
121	168
225	168
244	168
253	168
129	170
153	170
243	171
90	172
160	172
259	172
166	173
220	173
30	174
109	174
45	175
68	175
97	175
239	175
274	175
277	175
34	176
61	176
122	177
189	177
262	177
119	178
124	178
242	178
201	180
253	180
45	181
51	181
76	181
139	181
235	181
62	182
257	183
283	184
31	185
271	185
106	186
34	187
42	187
81	187
92	187
110	187
201	187
229	187
239	187
54	188
56	188
118	188
248	188
266	189
235	191
280	191
254	193
243	194
42	196
73	196
265	197
275	197
153	198
161	199
180	199
271	199
53	200
63	200
165	200
279	200
280	200
79	201
96	201
62	202
155	202
88	205
191	205
236	205
160	206
165	206
261	206
103	207
145	207
180	207
181	207
239	208
62	209
39	210
37	211
52	211
67	211
158	211
191	211
199	211
191	212
230	212
44	213
262	213
267	213
52	215
60	215
96	216
143	216
200	216
75	217
43	218
68	218
182	219
191	219
62	220
67	220
183	220
36	222
95	222
33	223
94	223
257	223
259	223
135	225
171	227
183	227
283	227
37	228
243	228
87	230
266	230
278	230
133	231
98	232
154	234
159	234
179	234
48	235
77	235
110	236
46	237
103	237
170	238
172	240
179	240
67	241
89	241
132	241
153	241
263	241
76	242
108	242
265	242
41	245
118	245
245	245
66	246
76	246
108	246
138	246
224	246
61	247
68	247
172	247
225	247
257	247
36	248
55	249
236	250
83	251
86	251
248	251
252	251
96	252
75	253
123	253
45	254
40	255
63	255
107	255
129	255
228	255
43	256
97	256
139	256
244	256
58	257
62	257
76	257
238	257
80	258
273	258
107	259
190	259
92	261
237	261
54	262
93	262
95	262
131	262
151	262
229	262
252	262
255	262
63	263
246	263
247	263
62	264
229	264
162	265
226	265
270	265
247	266
190	267
238	267
242	267
264	268
238	269
74	270
147	270
150	270
51	271
229	271
130	273
161	273
224	273
249	273
254	273
71	274
74	274
53	275
207	275
262	275
265	275
269	275
41	276
247	276
146	277
181	277
193	277
240	277
255	277
41	278
66	279
91	279
121	279
222	280
264	280
81	281
127	281
130	281
149	281
236	281
87	282
99	282
249	282
255	282
59	283
53	284
126	284
183	284
208	284
211	284
139	285
222	285
229	285
248	285
270	285
161	286
193	286
270	286
149	287
189	287
193	287
239	287
263	287
53	288
66	288
179	288
109	289
149	289
91	290
117	290
154	290
160	290
220	290
139	291
218	291
239	291
58	292
211	292
230	292
249	292
261	292
147	295
74	296
85	296
86	296
124	296
196	296
219	296
103	297
148	297
154	297
155	297
160	297
111	298
239	298
111	299
168	299
242	299
66	300
69	300
254	301
122	302
223	302
84	303
101	303
141	303
148	303
222	303
75	304
111	304
148	304
153	304
212	304
217	304
122	305
244	305
65	306
167	306
85	307
106	307
115	307
189	308
121	309
134	309
140	309
69	310
75	311
234	311
113	312
140	312
146	312
216	312
96	313
83	314
226	314
115	315
152	315
122	316
202	316
102	317
190	317
244	317
190	318
234	318
73	319
92	319
168	319
107	320
112	320
112	322
148	323
202	323
101	324
105	326
208	326
190	327
191	327
195	327
202	327
204	327
235	327
168	328
180	328
200	328
110	329
166	330
208	333
205	334
208	334
200	335
204	335
215	335
143	336
191	336
162	337
165	337
173	338
177	338
135	339
187	339
132	340
178	340
215	341
221	341
208	342
143	343
204	343
162	344
144	345
159	346
125	347
170	347
171	347
116	348
123	348
178	348
159	349
170	350
188	350
116	351
123	351
135	351
144	351
163	351
144	352
147	352
152	352
173	352
