469
250	8
240	9
242	11
137	12
259	12
124	14
190	14
117	15
183	15
150	16
231	16
132	17
230	17
150	19
206	20
165	21
213	21
123	23
191	23
204	23
244	23
153	24
256	24
176	27
215	28
206	29
108	30
115	30
200	32
230	32
164	33
196	33
240	33
123	34
231	35
188	36
96	37
103	37
154	37
120	38
115	39
187	39
179	40
203	40
197	42
280	42
84	44
240	44
120	45
110	46
188	46
230	46
143	47
188	48
98	49
202	50
165	51
180	51
315	51
92	52
271	52
284	52
82	55
148	55
189	55
217	55
242	55
95	56
179	56
73	58
142	59
160	59
188	59
261	59
129	60
256	60
105	61
235	61
172	63
208	64
217	65
114	66
169	66
119	68
122	68
259	68
293	68
302	68
310	68
311	68
300	69
70	70
163	70
197	70
163	71
179	71
289	72
265	73
231	74
155	75
167	75
233	75
244	75
246	75
279	75
267	76
104	77
186	78
195	78
218	78
235	78
141	79
251	79
209	80
111	81
285	81
63	82
275	82
135	83
205	85
207	85
200	86
250	86
265	86
204	87
77	88
252	89
304	89
183	90
203	90
299	90
306	90
315	90
97	91
162	91
190	91
237	91
260	91
57	92
178	92
185	92
219	93
248	93
311	94
152	95
217	95
167	96
262	96
157	97
185	97
196	98
230	99
303	99
97	101
224	101
229	101
169	102
166	103
185	103
314	105
280	106
82	107
289	107
294	107
147	108
252	108
215	109
275	109
288	109
53	110
187	110
284	110
52	112
66	112
160	112
202	112
208	113
237	113
55	114
147	114
48	115
91	115
97	115
228	115
102	116
82	117
199	118
241	118
81	119
132	119
213	119
263	119
283	120
157	121
297	121
311	121
70	122
149	122
216	122
218	122
49	123
136	123
292	123
60	124
303	125
92	126
53	127
156	127
165	127
85	128
203	128
210	128
224	128
209	129
233	129
198	130
202	130
266	131
311	131
185	132
274	132
165	133
260	133
174	134
51	136
105	136
111	136
198	136
260	136
226	137
302	139
309	139
214	140
237	140
310	140
77	141
207	141
106	143
112	143
70	144
206	144
244	144
301	144
184	145
193	146
250	147
46	148
97	148
284	148
302	148
92	149
173	149
259	150
267	151
99	152
253	152
40	153
93	153
108	153
188	153
216	153
234	153
300	153
46	155
228	156
309	156
292	158
174	159
188	159
195	159
268	159
282	159
94	160
111	160
196	160
211	160
89	161
207	161
238	161
174	162
218	162
225	163
237	163
266	163
276	163
244	164
254	164
308	164
97	165
102	165
246	165
277	165
123	166
238	166
301	166
168	167
256	167
264	167
47	168
143	168
135	169
145	170
103	171
158	173
211	173
97	174
273	174
44	175
47	175
149	176
48	179
191	179
301	179
164	180
202	180
212	181
102	182
292	182
247	183
298	183
252	184
47	186
214	186
220	187
102	188
186	188
298	188
253	189
175	190
204	190
260	190
51	191
135	191
271	191
289	191
225	192
279	194
215	195
285	195
139	196
267	199
258	200
265	201
174	202
50	206
159	206
50	207
137	208
156	211
171	211
177	211
55	212
208	214
238	216
279	216
202	217
285	217
173	218
136	219
182	220
189	221
233	221
301	222
141	223
173	223
181	224
282	228
290	228
296	229
58	230
170	230
287	230
137	231
181	231
189	231
222	231
216	233
287	235
144	236
170	237
300	237
175	240
59	246
175	247
178	251
298	251
178	256
179	257
59	258
228	261
224	263
170	264
297	265
230	266
60	268
226	268
152	270
169	270
58	276
59	277
152	277
208	277
296	277
187	280
193	280
208	280
212	280
219	280
193	283
187	286
193	286
214	286
219	286
293	286
68	287
220	290
223	290
204	291
194	292
186	293
204	296
224	297
195	299
195	306
78	308
244	308
292	308
274	312
253	315
246	316
194	317
284	318
79	319
254	320
290	323
195	326
183	328
278	328
131	329
136	330
141	330
87	335
182	336
251	336
136	337
289	337
226	339
276	341
184	342
253	342
179	345
228	347
233	347
278	347
116	350
277	350
95	351
125	351
179	351
219	351
234	351
241	351
244	351
276	351
187	352
192	352
224	352
258	352
260	352
