500
226	10
222	11
198	12
128	14
202	14
222	15
97	16
118	16
169	16
107	17
121	17
227	17
169	19
238	20
102	21
107	21
160	21
188	21
200	21
173	22
139	23
209	23
81	25
82	25
96	25
184	25
87	26
90	26
193	26
203	26
223	26
150	27
92	28
162	30
179	30
187	30
197	30
217	30
178	32
254	33
81	34
202	35
136	36
215	37
65	38
192	38
114	39
193	39
204	39
79	40
107	40
245	40
124	42
127	42
152	42
66	43
160	43
128	44
259	44
153	45
174	45
223	45
59	46
140	46
145	46
66	47
104	48
212	48
219	48
229	48
240	48
116	50
119	50
153	50
219	50
232	50
161	51
176	51
223	51
110	52
134	52
233	52
128	53
175	53
71	55
138	56
129	57
165	58
205	58
213	58
57	59
218	59
254	59
105	60
151	60
67	61
177	61
160	62
228	62
267	62
284	63
112	64
208	65
237	65
273	65
242	66
142	67
60	69
80	69
133	69
148	69
249	69
87	70
218	70
229	70
161	71
94	72
230	72
272	72
45	73
92	73
260	74
63	75
39	76
122	76
135	76
151	76
176	77
238	77
43	78
115	78
128	78
148	78
139	79
168	79
205	79
218	79
136	80
239	80
92	81
194	81
79	82
191	82
53	83
224	83
96	84
247	84
258	84
167	85
248	85
40	87
48	87
148	88
180	89
212	89
267	89
284	89
145	90
150	90
181	90
224	90
263	91
278	91
52	92
224	92
82	93
120	93
116	94
243	94
272	94
155	95
210	95
311	95
191	97
193	97
135	98
255	98
294	98
123	99
249	99
121	100
251	100
287	100
112	101
139	101
180	101
36	102
81	103
88	103
152	103
168	103
196	103
142	106
202	106
139	107
141	107
195	108
70	109
158	109
212	109
262	109
267	109
56	110
151	110
145	112
180	112
262	112
299	112
128	113
137	113
256	113
134	114
160	115
179	115
144	116
210	116
264	116
71	118
121	118
190	118
250	118
64	119
76	120
197	120
309	121
55	122
173	122
270	122
29	123
134	123
156	123
190	123
253	123
272	123
256	124
95	125
187	125
86	126
116	129
145	130
155	130
167	130
215	130
310	130
150	131
203	131
197	133
209	134
297	134
96	135
104	136
171	136
173	136
277	136
285	136
157	137
247	138
286	138
309	138
231	144
309	144
209	145
305	146
256	147
265	147
283	147
288	147
136	148
305	148
284	149
34	150
35	150
219	150
255	150
269	150
202	151
221	151
247	151
71	152
65	153
221	154
240	154
248	154
136	156
206	156
276	156
282	156
35	157
67	157
72	157
242	157
274	157
83	159
218	159
227	160
29	161
91	161
97	161
147	161
154	161
275	161
180	163
258	163
264	163
67	164
250	164
28	165
62	165
170	165
172	165
240	165
303	165
147	166
179	166
185	166
159	167
230	167
283	167
302	167
140	168
144	168
154	168
71	169
84	169
96	169
145	170
153	170
174	170
174	171
187	171
167	172
187	172
274	172
33	173
66	173
168	174
32	176
201	179
136	182
294	182
194	183
75	186
174	187
184	187
34	188
297	188
299	188
225	189
272	189
215	192
71	193
193	193
184	194
245	194
145	195
183	196
38	197
165	198
269	198
232	200
188	202
159	203
184	203
294	203
278	204
107	206
131	206
33	207
130	207
248	207
254	208
294	208
301	208
299	209
118	210
294	210
52	212
63	213
112	213
123	213
159	213
93	214
201	214
299	214
71	215
111	215
144	216
83	217
253	217
289	218
200	219
259	219
46	220
211	221
271	221
152	223
81	224
301	224
156	225
274	225
298	225
43	226
95	226
141	226
205	227
71	228
146	229
154	230
78	234
255	235
197	236
155	237
259	238
285	239
189	240
218	241
259	241
223	245
296	247
46	250
140	253
290	254
151	256
285	256
51	260
139	260
151	262
50	263
49	264
290	267
273	268
153	269
144	270
272	271
144	277
160	278
57	279
181	282
290	283
160	285
193	286
163	287
181	287
163	291
171	291
193	291
63	294
194	296
155	297
171	297
177	297
160	299
166	299
177	302
185	302
185	306
194	306
291	307
72	312
195	313
286	314
288	315
289	323
257	324
78	326
257	327
245	329
280	333
251	334
288	334
156	335
146	336
247	336
115	337
87	341
244	341
146	342
156	342
106	343
278	343
173	344
142	345
246	346
284	346
286	346
159	347
193	350
174	351
176	351
182	351
190	351
226	351
229	351
259	351
137	352
146	352
207	352
211	352
243	352
269	352
