304
200	24
115	25
118	26
120	26
165	27
169	27
203	29
101	30
115	30
179	30
180	30
87	31
136	32
137	32
191	32
81	34
147	35
168	35
196	35
207	35
115	36
124	36
139	36
217	36
217	37
224	38
182	40
89	41
90	42
219	43
123	44
169	45
189	45
220	45
104	47
155	47
132	48
142	48
204	50
119	51
179	51
195	51
222	52
148	53
155	53
212	53
102	54
128	54
171	54
185	54
48	55
136	55
67	56
77	56
103	56
114	56
161	56
213	56
42	57
135	58
43	62
82	62
188	62
199	64
209	64
69	65
159	65
152	66
45	67
46	67
240	67
110	70
39	71
142	71
62	72
243	72
38	73
100	73
128	73
139	73
48	74
139	77
161	77
152	78
75	79
187	79
238	80
41	81
42	81
153	83
57	84
107	84
48	86
145	86
127	87
158	87
182	87
203	88
204	89
62	93
244	95
41	96
207	99
250	101
150	103
61	104
169	105
50	106
73	106
108	106
204	106
112	107
72	108
245	108
147	109
164	111
253	113
30	114
176	114
260	114
44	115
118	115
244	115
254	115
50	117
104	117
228	118
170	119
57	120
109	120
117	121
25	123
108	124
228	124
257	125
127	127
242	128
38	131
229	132
265	132
44	135
235	136
127	137
225	137
249	137
232	139
259	141
38	143
25	147
114	147
261	148
249	149
243	151
260	151
227	152
114	153
265	154
239	156
225	158
26	160
116	160
107	162
160	162
153	165
242	165
183	166
160	167
107	169
123	169
154	169
177	170
257	170
267	170
273	170
237	171
205	172
29	173
141	173
146	173
260	176
38	177
123	177
266	177
129	178
235	180
129	182
234	182
239	182
257	182
136	184
137	184
150	184
265	185
149	186
105	187
195	187
116	188
239	188
259	189
129	191
149	192
30	196
267	196
129	197
105	198
153	200
205	205
154	207
32	210
270	210
208	212
267	213
261	215
241	216
235	221
37	224
78	226
267	226
274	226
268	227
110	228
120	228
95	229
260	230
214	231
258	231
263	231
249	234
37	235
119	236
95	237
110	237
68	239
71	240
263	240
120	242
262	242
70	247
234	247
37	248
250	248
255	249
250	250
121	252
229	252
119	254
264	255
38	260
86	270
78	271
256	273
40	275
249	280
263	280
43	286
256	287
264	288
255	290
231	291
114	292
259	292
85	294
221	296
232	296
238	296
257	296
41	298
85	303
228	303
111	304
113	304
103	305
249	305
98	306
231	307
103	308
214	308
248	308
47	310
99	310
93	311
88	312
76	315
134	318
56	322
82	322
230	322
76	323
118	324
226	326
221	329
233	330
119	331
70	332
176	334
211	335
203	338
97	339
102	339
84	341
177	342
149	350
122	351
165	351
