557
113	7
117	7
135	7
173	7
197	7
238	7
269	7
89	8
99	8
122	8
123	8
163	8
172	8
212	8
233	8
257	8
259	8
266	8
275	8
279	8
158	9
285	9
227	10
286	10
105	13
163	13
228	13
127	14
137	14
147	14
153	14
159	14
243	14
267	14
277	14
310	14
93	15
181	15
238	15
260	15
285	15
275	16
186	17
276	17
196	18
204	18
85	19
99	19
200	19
130	20
305	20
155	21
225	22
97	23
165	23
166	23
180	23
182	23
225	23
99	24
196	24
260	24
309	24
112	25
158	25
230	25
131	26
249	26
150	27
150	28
169	28
220	28
287	29
289	29
298	29
309	29
119	31
175	32
196	32
81	33
187	33
198	33
260	33
126	34
225	34
227	34
309	34
165	35
254	35
152	36
165	36
220	36
267	36
278	36
287	36
175	38
279	38
208	39
201	41
122	42
133	42
313	42
132	43
193	43
149	44
161	44
174	44
274	44
300	44
147	45
182	45
188	45
260	45
307	45
74	47
210	47
256	47
156	48
274	48
279	48
182	49
290	49
132	50
91	51
293	51
164	52
233	53
243	54
235	55
155	56
66	57
282	57
95	58
236	58
161	59
163	59
205	59
265	59
281	59
217	61
255	61
226	62
244	62
284	62
241	63
246	63
302	65
105	66
112	66
83	67
198	68
75	69
122	69
125	69
255	69
62	70
276	70
261	72
251	73
226	75
288	75
297	75
301	75
123	76
169	76
127	77
239	77
173	78
217	78
310	78
229	79
306	79
116	80
123	80
208	81
251	81
262	82
123	83
126	83
132	84
189	84
191	84
198	84
68	85
244	85
282	85
50	88
204	88
253	88
58	89
235	89
265	89
310	89
55	91
217	91
51	92
50	93
63	93
246	93
253	93
281	93
57	94
230	95
241	96
217	97
230	97
264	97
293	97
51	98
109	98
259	98
216	99
224	99
252	99
104	100
217	100
246	100
312	100
61	102
111	102
130	102
138	102
307	102
212	103
286	103
292	103
121	104
122	106
252	106
308	107
138	109
250	110
225	111
228	111
139	112
209	112
269	112
289	112
105	113
146	113
173	114
234	115
243	115
122	116
185	116
217	116
231	116
158	117
244	120
253	120
309	121
47	122
180	122
230	122
261	122
300	122
137	123
147	123
156	123
165	123
229	123
239	123
256	123
281	123
302	123
123	124
154	124
217	124
271	124
291	124
88	126
202	126
269	126
281	126
129	127
137	127
94	128
98	128
219	128
239	128
248	128
129	129
106	130
249	130
255	130
100	131
269	131
310	132
81	133
303	133
163	135
177	135
311	135
197	136
273	136
116	137
184	137
264	137
240	138
249	138
162	139
62	141
95	141
101	141
42	142
109	143
104	144
155	144
162	144
292	145
302	145
90	147
240	148
303	148
166	149
254	149
66	150
57	152
89	152
214	152
219	153
303	153
308	153
123	154
76	155
116	155
139	155
272	155
34	156
53	156
132	156
72	157
213	157
309	159
90	160
167	160
68	162
83	162
70	163
141	163
47	164
147	164
213	164
235	165
40	166
95	166
168	166
102	167
96	168
111	168
117	168
146	168
158	168
184	168
152	169
244	170
72	171
79	171
249	171
307	171
87	172
51	173
95	173
300	174
144	176
205	176
45	177
80	177
105	177
144	177
219	177
187	178
87	179
195	180
112	181
107	182
182	182
203	182
290	182
299	183
91	186
98	186
139	186
173	186
215	186
219	186
231	186
36	187
75	187
83	187
177	187
203	187
205	187
299	187
71	188
78	188
168	188
186	188
303	188
61	192
222	193
114	194
193	194
305	194
267	195
66	196
182	196
273	196
195	197
36	198
201	199
204	200
169	201
40	202
224	205
33	206
35	207
160	208
169	208
154	209
214	209
217	209
162	210
194	210
205	210
242	210
162	212
232	213
156	214
249	215
254	216
149	217
236	217
172	218
192	218
38	219
153	224
50	226
80	228
301	229
71	231
55	232
246	232
70	233
65	234
79	235
37	236
239	239
80	240
223	241
77	242
226	248
244	248
299	248
197	253
202	253
208	253
236	253
39	254
169	254
215	254
45	255
62	255
235	255
56	257
166	260
208	260
226	260
186	261
203	261
197	262
200	262
237	262
230	266
185	268
297	268
229	269
200	270
209	270
256	272
258	273
52	275
229	275
44	276
161	276
222	276
209	277
223	277
40	278
44	279
82	279
270	280
57	281
150	281
45	282
155	282
77	283
295	284
72	285
218	285
149	286
154	287
50	288
203	289
65	290
228	290
147	292
218	292
205	295
229	297
192	298
294	298
244	301
253	303
174	305
181	305
193	305
245	306
250	306
258	306
52	307
251	310
180	311
292	313
153	314
290	327
216	328
210	330
206	331
217	334
212	335
215	335
206	336
232	340
289	340
109	341
205	341
215	342
73	345
114	346
232	347
239	347
177	348
78	351
90	351
126	351
142	351
227	351
228	351
254	351
258	351
259	351
276	351
109	352
153	352
219	352
239	352
