604
168	7
81	8
108	8
179	8
218	9
231	9
118	10
157	10
89	11
191	11
54	12
74	12
136	12
180	12
135	13
238	13
247	13
101	14
257	14
152	15
171	15
62	16
126	16
198	16
110	17
61	18
223	18
70	19
179	19
100	20
112	20
140	20
185	20
242	20
246	20
81	21
84	21
92	21
140	21
189	21
235	21
59	22
97	22
104	22
173	22
60	23
163	23
178	23
167	24
56	25
98	25
19	26
86	26
211	26
38	27
54	27
66	27
138	27
149	27
157	27
13	28
65	28
244	28
35	29
116	29
226	29
13	30
33	30
48	30
180	30
212	30
235	30
237	30
205	31
96	32
142	32
43	33
48	33
56	33
62	33
73	33
160	33
202	33
91	34
101	34
179	35
14	36
82	36
133	36
203	36
22	37
263	37
29	38
68	38
76	38
266	38
268	38
41	39
163	39
116	40
158	40
238	40
122	41
192	41
245	42
24	43
239	43
265	43
115	44
63	45
76	45
172	46
188	46
194	46
200	46
239	46
28	47
97	47
168	47
170	47
183	47
15	48
92	48
102	48
207	48
246	48
216	50
147	51
150	51
158	51
225	51
228	51
259	52
60	53
151	53
188	53
218	53
123	54
246	54
274	54
231	55
22	56
102	56
186	56
196	56
107	57
179	57
180	57
133	58
142	58
189	58
200	58
207	58
159	59
169	59
247	59
258	59
216	61
124	63
259	63
153	64
222	65
243	65
263	65
114	66
115	66
171	66
109	67
162	67
269	67
106	68
191	68
22	69
39	69
45	69
161	70
175	70
46	71
175	71
142	72
166	72
223	72
279	72
211	73
215	73
227	73
33	75
86	75
118	76
132	77
46	78
71	78
185	78
75	79
90	79
166	79
190	79
195	79
202	79
41	81
159	82
106	83
197	84
266	84
276	84
19	85
168	85
107	86
179	88
25	90
131	90
286	90
43	91
145	91
196	91
190	92
216	92
274	92
169	93
291	93
150	94
156	94
161	94
208	94
211	94
174	96
177	96
283	97
134	98
174	99
27	100
162	100
233	100
22	101
268	101
208	102
213	102
105	103
142	103
30	105
124	105
41	106
133	106
268	106
282	106
290	106
48	107
175	107
157	108
177	108
101	109
168	109
183	109
123	110
128	110
137	110
205	110
134	111
146	111
157	112
178	112
239	112
242	112
32	113
51	113
74	113
84	113
134	114
243	115
259	115
294	115
295	116
264	117
41	118
165	118
169	118
48	120
177	120
215	120
92	121
40	122
146	122
147	122
172	122
177	122
204	122
254	122
42	123
48	123
57	123
90	123
148	123
157	123
198	123
25	124
32	124
34	124
48	124
67	124
73	124
165	124
180	124
248	124
127	125
186	125
302	125
156	127
164	127
248	127
254	127
172	128
166	129
286	129
138	130
273	130
290	130
50	131
146	131
243	131
283	131
57	132
68	132
73	132
245	132
209	134
115	135
294	135
157	136
180	136
295	136
160	137
105	138
112	139
89	141
95	142
146	143
268	143
30	144
35	144
273	144
25	145
149	145
261	145
25	146
51	146
57	146
30	147
157	147
296	147
301	147
87	150
90	150
172	150
103	151
150	151
74	152
289	152
68	153
156	153
27	154
132	155
51	156
164	156
43	157
45	157
189	157
164	158
37	159
52	160
225	160
231	160
285	160
45	161
144	161
217	161
224	161
121	163
141	164
45	166
284	166
39	167
224	167
303	167
112	168
119	168
154	168
171	168
178	168
187	168
217	168
229	168
125	169
48	170
54	170
61	170
55	171
154	171
167	171
96	172
132	173
90	174
126	174
156	174
159	174
107	175
112	175
298	175
299	176
55	177
62	177
155	177
179	177
50	178
138	178
158	178
289	178
28	179
117	180
29	181
32	181
122	181
154	182
100	184
106	184
297	184
60	185
29	186
34	186
74	186
76	186
82	186
151	186
297	186
302	186
67	187
146	187
167	187
285	187
51	188
58	188
97	188
125	188
177	188
42	190
37	191
234	192
37	194
76	194
292	194
114	195
140	195
70	196
133	197
252	197
292	197
115	198
259	198
182	199
304	200
282	201
299	201
179	202
248	202
89	203
231	203
145	204
232	204
36	206
145	206
210	206
168	207
219	207
160	209
231	209
154	210
228	210
125	212
115	213
292	214
149	217
284	218
93	219
112	219
299	219
89	221
270	222
134	223
151	223
163	223
183	223
269	223
285	223
276	224
169	225
189	225
88	227
48	230
281	232
299	232
135	233
290	235
52	236
35	237
296	240
183	241
234	241
239	242
277	242
284	242
223	246
228	248
281	248
287	248
166	249
184	249
39	253
159	253
140	254
217	254
222	257
295	257
123	264
127	264
282	265
282	266
152	270
128	271
269	271
124	272
273	272
38	273
199	276
201	276
153	277
145	278
141	279
148	279
81	280
86	280
194	280
279	280
260	285
81	286
40	287
75	287
78	287
142	287
144	287
71	289
131	290
145	293
199	294
271	295
132	297
203	298
132	299
184	301
262	302
184	304
176	305
43	306
133	306
99	308
107	308
177	309
263	311
83	314
106	315
107	315
45	317
45	319
106	322
252	325
137	332
113	335
149	335
247	335
252	337
47	340
160	340
149	341
113	342
48	343
113	343
167	345
160	346
171	349
168	350
48	351
71	351
113	351
139	351
149	351
155	351
156	351
181	351
197	351
213	351
228	351
231	351
166	352
181	352
213	352
223	352
