669
171	7
89	8
163	8
238	8
252	8
270	8
104	9
110	10
215	11
261	11
268	11
110	12
197	12
204	12
253	12
72	13
206	13
225	13
133	15
161	15
78	16
182	16
52	18
64	18
76	18
124	18
232	18
245	18
265	18
77	19
109	19
239	19
57	20
71	20
78	20
200	20
71	21
205	21
90	22
177	23
193	23
199	23
212	23
67	24
83	25
132	25
148	25
170	25
166	26
225	26
52	27
114	27
239	27
76	28
158	28
66	29
108	29
239	29
139	30
185	30
124	31
204	31
47	32
85	32
95	32
108	32
148	32
186	32
192	32
57	33
225	33
279	33
164	34
180	34
270	34
66	35
73	35
87	35
122	35
239	35
288	35
137	36
171	36
232	36
99	37
152	37
263	37
75	38
113	38
163	39
239	39
260	40
292	40
34	41
86	41
105	41
127	42
177	42
193	42
58	43
154	43
207	43
226	43
172	44
175	44
183	44
54	45
59	45
117	45
278	45
282	45
68	46
232	46
75	47
148	47
164	47
239	47
253	47
280	47
138	49
252	49
80	50
177	50
201	50
246	50
41	51
130	51
235	51
237	51
130	52
28	53
35	53
57	53
194	53
261	53
263	53
271	53
67	54
123	54
207	54
99	55
194	55
100	56
140	56
185	56
221	56
112	58
245	58
127	59
221	59
239	59
36	60
90	60
162	60
275	60
31	61
43	61
261	61
172	62
233	62
239	62
257	62
294	62
96	63
164	63
94	64
160	65
241	65
75	66
263	66
274	66
137	67
215	67
20	68
116	68
183	68
121	69
173	69
184	69
191	69
94	70
274	71
277	71
43	72
60	72
132	72
173	72
248	72
249	72
258	72
35	73
52	73
264	73
289	74
60	75
169	75
260	75
67	76
131	76
285	76
90	77
206	77
197	78
218	79
122	80
177	80
181	81
227	81
229	81
54	82
60	82
239	82
242	82
158	83
137	86
236	86
101	87
169	87
197	87
55	88
147	88
160	88
201	88
204	88
274	88
281	88
181	89
26	90
110	91
227	91
183	92
212	92
217	92
220	92
121	94
60	96
130	96
200	96
204	96
136	97
155	97
157	97
247	97
248	97
254	97
304	97
123	98
166	98
242	98
146	99
206	100
212	100
57	101
161	101
190	101
243	101
42	102
48	102
189	102
232	102
303	102
191	104
194	104
224	104
224	106
157	107
164	107
179	108
200	108
191	109
179	111
150	112
154	112
173	112
209	112
37	113
145	113
284	113
191	115
44	116
51	116
223	116
222	118
230	118
255	118
258	118
265	118
175	119
183	119
191	119
35	120
185	120
193	120
199	120
163	121
57	122
139	122
158	122
239	122
250	122
107	123
132	123
232	123
46	124
137	124
66	125
150	125
251	125
274	125
294	125
267	127
272	127
279	127
302	128
182	129
185	129
232	129
93	130
193	130
38	131
150	131
188	131
252	131
260	131
264	131
310	131
32	132
260	132
196	134
251	134
166	135
204	135
264	135
271	135
41	136
47	136
56	136
63	136
105	136
145	136
49	138
56	138
82	138
188	138
290	138
301	138
105	139
173	139
182	139
195	139
262	139
310	139
112	140
32	141
64	141
71	141
89	141
93	141
215	142
225	143
64	144
167	144
207	144
57	145
163	146
154	148
300	148
51	149
57	149
65	149
72	149
90	149
97	149
163	150
261	150
180	151
65	152
106	152
109	152
289	152
58	153
176	153
293	153
307	154
75	155
81	155
218	155
37	156
224	156
30	157
280	157
39	158
44	158
51	158
262	158
224	159
176	160
169	161
218	161
243	161
30	162
249	162
103	163
129	163
158	163
208	163
305	163
173	164
143	165
60	166
66	166
75	166
82	166
141	166
188	166
208	166
216	166
75	168
242	168
248	168
69	169
153	170
178	170
52	171
76	171
70	172
186	172
45	173
128	175
144	175
150	175
152	175
195	175
112	176
122	176
105	177
137	177
70	178
77	178
186	178
194	178
206	178
235	178
56	179
62	179
70	180
115	180
186	180
39	181
65	181
163	182
301	182
71	183
65	184
87	185
96	186
161	186
89	187
117	187
131	187
133	187
157	187
163	187
72	188
125	188
175	188
67	189
74	189
176	189
193	189
107	190
134	190
42	191
100	191
140	192
198	192
57	195
101	195
282	195
289	195
52	196
171	196
170	197
184	197
301	197
77	198
84	198
148	198
252	198
144	199
278	199
281	199
289	199
111	200
126	200
174	200
260	200
105	202
106	202
31	203
205	203
48	204
52	204
129	204
133	204
157	204
271	204
210	205
189	206
192	206
205	206
157	207
186	207
209	207
275	207
153	208
166	208
260	208
266	209
52	210
87	211
81	212
107	213
165	214
186	214
171	216
185	217
302	218
198	219
107	220
153	220
102	221
154	221
204	221
282	221
57	222
144	222
82	223
142	223
263	223
171	224
77	225
269	225
195	226
175	227
37	228
60	228
213	229
112	230
133	231
185	231
219	231
280	231
286	231
107	232
192	234
189	235
104	237
300	237
57	245
59	245
173	246
163	248
178	249
279	250
162	253
283	253
42	254
291	256
280	257
296	257
278	258
227	262
156	264
160	264
232	264
296	265
51	268
157	268
45	270
157	270
149	272
38	273
172	280
276	280
288	281
282	282
105	283
211	283
295	285
173	286
165	287
291	287
282	289
101	290
165	294
285	294
95	296
165	296
279	296
285	296
98	297
100	297
44	300
94	300
98	301
165	302
286	303
289	304
93	307
200	310
43	311
196	313
105	315
282	315
283	317
120	318
128	318
101	320
101	323
281	324
128	325
101	326
47	328
102	328
228	329
282	331
231	333
97	335
285	336
47	339
267	341
96	343
150	343
272	343
134	344
145	345
46	348
104	348
158	348
182	348
280	349
158	350
270	350
278	350
47	351
63	351
66	351
110	351
134	351
195	351
213	351
229	351
243	351
257	351
258	351
93	352
124	352
129	352
132	352
135	352
138	352
166	352
186	352
189	352
193	352
213	352
243	352
261	352
