864
82	9
90	9
65	11
56	13
44	14
74	16
52	17
54	18
109	18
171	18
88	19
158	19
195	19
118	20
41	21
118	21
206	22
219	23
108	24
178	24
91	25
102	25
161	25
170	25
51	26
168	26
48	27
52	27
195	27
58	28
120	28
149	28
150	29
172	29
102	30
110	30
147	30
103	32
137	33
159	33
177	33
225	33
86	34
152	34
89	35
166	35
47	36
96	36
106	36
140	36
202	36
90	38
211	38
151	39
60	40
158	40
159	40
224	40
79	41
141	41
143	41
85	42
94	42
128	42
179	42
191	42
49	43
134	43
106	44
114	44
161	44
169	44
212	44
74	45
228	45
121	46
127	46
134	46
233	47
36	48
159	50
224	50
23	51
85	51
235	51
47	52
91	52
239	52
66	53
141	53
121	54
135	55
165	57
64	58
152	58
99	59
116	59
23	60
127	60
139	61
155	61
239	61
17	62
136	62
160	62
54	63
184	64
161	65
90	66
155	66
179	66
234	66
17	69
83	69
234	69
23	70
33	70
54	70
149	70
181	70
217	70
138	71
132	72
176	72
123	73
154	73
165	73
17	74
22	74
90	77
146	77
215	77
131	78
118	79
179	79
23	80
224	80
243	81
248	82
82	83
233	83
126	87
198	88
35	89
42	89
140	89
24	90
35	90
192	90
203	90
90	91
99	91
104	91
126	91
250	91
234	92
24	93
105	94
244	94
248	95
158	96
20	97
122	97
131	98
142	98
231	98
101	99
233	100
236	100
255	100
142	101
120	102
100	103
109	103
127	103
172	104
35	105
25	106
222	106
224	106
147	107
158	108
164	108
111	109
136	109
239	109
21	110
25	110
251	111
25	114
126	114
184	115
176	116
108	117
254	117
169	118
175	118
132	121
229	121
37	122
45	122
125	122
142	122
161	122
22	123
26	123
169	123
175	123
222	123
154	124
165	128
257	129
30	131
37	131
267	131
60	132
114	132
134	132
154	132
246	132
108	133
223	133
256	133
282	133
47	134
231	134
234	134
276	134
243	136
282	136
102	137
203	138
72	139
109	139
114	139
153	139
210	139
211	139
255	139
159	140
221	140
223	140
243	140
64	141
83	142
92	142
122	142
30	143
40	143
47	143
75	143
177	143
184	143
229	143
230	143
25	144
85	144
104	144
111	144
134	144
142	144
151	146
158	146
237	147
159	148
165	148
265	148
77	149
269	149
122	150
43	151
48	151
133	151
270	151
150	152
125	153
145	153
238	153
135	155
232	155
193	156
199	156
35	157
43	157
262	157
49	158
153	158
156	158
270	158
271	158
27	159
39	159
145	159
166	159
175	159
217	159
77	160
141	160
57	161
231	161
52	162
221	162
230	162
70	163
77	163
132	163
148	163
161	163
166	163
275	163
275	164
148	165
82	166
87	166
38	167
118	167
121	167
232	168
135	169
149	169
183	169
126	170
54	171
160	171
237	171
262	171
31	172
38	172
197	172
217	172
246	172
253	172
265	172
39	173
44	173
137	173
259	173
153	174
170	174
174	175
176	175
63	176
72	176
82	176
66	177
76	177
144	178
145	178
155	178
237	178
257	178
47	179
183	180
189	180
226	180
29	181
31	181
42	181
233	181
257	183
269	184
275	184
49	185
86	185
95	185
222	185
32	186
77	186
142	186
146	186
163	186
252	186
264	186
275	186
43	187
70	187
92	187
80	188
172	188
180	188
218	190
229	190
238	191
264	191
80	192
119	192
210	192
229	193
35	194
46	194
54	194
75	194
277	194
30	195
166	195
205	195
235	195
92	196
177	196
209	196
254	196
268	196
277	196
186	197
253	197
85	199
137	199
147	199
112	200
119	200
203	200
138	201
235	201
37	202
56	202
128	202
131	202
174	202
257	202
277	202
32	203
82	203
168	203
192	203
51	205
200	205
275	205
156	206
110	207
149	207
196	207
242	207
110	208
206	208
213	208
165	209
220	209
260	209
158	210
171	210
264	210
90	211
118	211
128	211
129	212
137	212
187	213
102	214
195	214
239	214
242	214
271	214
109	215
202	215
44	216
167	216
200	216
110	217
117	217
137	217
151	217
142	218
153	218
229	218
41	219
118	219
127	219
129	219
251	219
101	220
133	220
136	220
59	221
183	221
267	221
33	222
244	222
246	222
148	223
272	223
240	224
154	226
272	226
118	227
137	227
142	227
222	227
53	228
55	228
118	228
127	228
132	228
133	228
65	229
168	229
230	231
266	231
50	232
62	232
171	232
187	232
240	232
255	232
257	232
106	233
144	233
237	234
243	234
50	235
132	235
89	236
143	236
184	236
263	236
109	237
161	237
46	238
55	238
248	238
36	239
187	239
261	241
87	242
164	242
166	242
178	242
100	243
143	244
146	244
228	244
106	245
109	245
117	245
220	245
137	246
195	246
180	247
40	248
64	248
241	248
98	249
258	249
168	250
174	250
175	250
251	250
79	251
155	251
264	251
146	252
148	252
216	252
188	253
199	254
217	254
225	254
111	255
138	255
141	255
269	255
70	256
157	256
160	256
237	256
199	257
78	258
50	259
111	259
205	259
94	260
108	260
148	260
155	260
257	260
262	260
67	261
162	261
227	261
46	262
148	262
114	263
142	263
178	263
189	263
221	263
67	264
142	264
107	265
122	265
135	265
183	265
189	265
242	265
256	265
157	266
211	266
253	266
93	267
114	267
157	267
204	267
228	267
245	267
218	269
117	270
122	270
183	270
212	270
233	270
237	270
142	271
144	271
268	271
43	272
59	272
67	272
135	272
228	272
64	273
72	274
132	274
38	276
108	276
245	276
151	277
155	277
240	277
218	278
254	278
259	278
79	279
92	279
146	279
148	279
172	279
142	281
163	281
221	281
229	281
240	281
249	281
82	282
108	282
133	282
108	283
116	283
123	283
127	283
229	283
92	284
155	284
149	286
153	286
173	286
79	287
95	288
101	288
244	288
63	289
229	289
263	289
79	290
104	290
107	290
127	290
188	291
129	292
42	294
154	294
158	294
61	295
77	295
267	296
272	296
273	296
96	297
104	297
129	297
143	297
190	297
263	297
45	298
78	298
81	298
234	298
244	298
106	299
129	299
114	300
206	300
244	300
250	300
88	301
263	301
96	302
69	304
77	304
209	304
80	305
80	306
106	306
106	307
114	307
115	307
137	307
139	307
176	307
226	307
83	308
86	308
44	309
69	309
66	310
163	310
169	310
93	311
235	311
242	311
263	311
74	313
79	313
106	313
138	313
141	313
265	313
52	314
81	314
83	314
132	314
136	314
178	314
235	314
107	315
222	315
130	316
90	317
123	317
178	317
211	317
222	317
71	318
74	318
143	318
146	318
171	318
227	318
79	319
90	319
239	319
244	319
93	320
136	320
138	320
49	321
132	321
205	321
181	322
211	322
245	323
69	324
104	324
106	324
113	324
239	324
247	324
83	325
89	325
114	325
148	325
119	326
123	326
125	326
132	326
254	326
255	326
92	327
138	327
181	327
202	327
214	327
236	327
257	327
134	328
230	328
172	330
44	331
81	331
93	331
103	332
104	332
247	332
81	333
163	333
183	333
114	334
116	334
161	334
204	334
154	335
224	335
68	336
84	336
93	336
116	336
126	336
141	336
183	336
238	336
204	337
78	338
173	338
81	340
84	340
166	340
173	340
101	341
103	341
154	341
157	341
225	341
239	341
252	341
67	342
86	342
116	342
186	342
205	342
251	342
88	343
120	344
239	344
47	345
141	345
225	345
68	346
79	347
81	347
200	347
140	348
173	348
246	348
49	349
140	349
161	349
200	349
227	349
68	350
89	350
99	350
152	350
235	350
54	351
117	351
131	351
168	351
191	351
194	351
218	351
59	352
70	352
78	352
114	352
117	352
200	352
