650
287	11
254	12
309	12
129	13
151	13
237	13
298	13
196	14
268	14
150	15
181	15
221	15
118	16
143	16
161	16
163	16
261	18
180	19
191	19
246	20
259	20
268	20
236	21
159	22
200	22
259	22
126	23
269	23
308	23
187	25
143	26
187	27
233	27
143	28
159	28
209	29
221	29
282	30
135	31
239	31
310	31
167	32
276	32
167	33
193	33
200	34
257	34
265	34
276	34
129	35
162	35
269	35
122	37
175	37
299	37
188	39
116	40
159	40
162	40
237	40
270	40
129	41
142	41
229	41
300	41
151	42
314	43
105	44
134	44
260	44
125	46
298	46
147	47
166	47
236	47
115	48
194	48
269	48
276	48
110	49
122	49
309	49
147	50
211	50
158	52
223	52
245	52
302	52
252	53
153	54
167	54
173	55
209	56
222	56
194	57
220	57
241	57
164	58
234	58
256	58
279	58
252	59
92	60
184	60
206	60
151	61
202	61
113	62
140	62
270	62
206	63
214	63
285	63
120	64
130	64
149	65
193	66
172	67
241	67
294	67
132	68
154	68
160	68
261	68
107	69
198	69
209	69
241	69
287	69
139	70
178	70
187	70
221	70
317	70
254	71
260	71
128	72
230	72
235	72
261	72
268	72
87	75
119	75
126	75
149	75
89	76
208	77
196	78
214	78
256	78
310	78
317	78
262	79
156	80
160	80
169	80
247	81
139	82
194	82
129	83
94	86
150	86
235	86
251	86
85	87
126	88
136	88
143	88
145	88
222	88
234	88
252	88
261	88
156	89
165	90
199	91
215	92
135	93
246	93
143	94
244	97
246	97
264	97
156	98
250	98
182	99
203	99
259	99
252	100
254	100
78	102
192	103
207	103
212	103
115	104
133	104
182	104
231	104
237	105
245	105
242	106
220	107
279	107
198	108
229	108
205	109
235	109
253	109
104	112
228	112
94	113
179	114
257	114
85	115
162	115
252	116
255	116
76	117
81	117
105	118
113	118
114	118
122	118
222	118
85	119
195	121
222	121
265	121
141	122
201	122
238	122
244	122
255	122
148	123
249	123
259	123
287	123
294	123
159	124
204	124
237	124
227	125
299	126
71	129
105	130
114	130
122	131
131	131
186	131
196	131
177	132
184	133
237	133
249	133
156	136
256	137
222	138
228	138
77	139
220	139
70	140
211	141
86	142
156	142
228	142
80	143
192	143
132	144
138	144
242	144
199	146
234	149
224	150
230	152
253	153
259	153
217	154
224	154
237	155
243	155
237	158
156	159
72	160
109	160
148	160
168	160
260	160
255	161
229	163
114	166
122	166
256	166
173	167
149	168
199	169
158	170
244	170
173	172
142	173
146	173
166	173
189	173
212	173
223	173
235	173
43	174
44	174
147	174
107	176
114	176
140	176
142	176
267	177
274	177
230	178
235	178
223	179
230	179
239	179
240	179
58	181
59	181
184	181
247	181
47	182
133	182
149	182
209	182
203	183
215	183
247	183
140	184
254	184
166	185
212	185
42	186
45	186
67	186
140	186
148	186
239	186
78	187
100	187
107	187
130	187
157	187
233	187
72	188
168	188
174	188
192	189
300	189
62	190
117	190
176	190
110	191
241	192
233	194
72	195
151	195
158	195
221	195
274	195
280	195
119	196
281	196
126	197
132	197
254	197
65	198
143	198
187	198
234	198
263	198
120	199
176	199
270	199
210	201
230	201
234	201
257	201
200	203
280	203
102	204
146	205
162	205
169	205
214	205
220	205
221	205
229	205
97	206
231	206
122	207
294	207
269	208
256	209
298	209
62	210
87	210
259	211
269	211
82	212
68	213
97	213
107	213
112	213
211	213
91	214
156	214
216	215
65	216
82	216
76	219
227	219
230	219
91	220
107	220
114	220
148	220
173	220
102	221
110	221
140	221
87	222
204	223
122	224
216	224
220	224
102	226
110	227
112	227
140	227
232	228
91	230
112	230
117	230
135	230
232	230
97	231
195	231
92	232
289	232
62	233
202	233
202	234
210	235
219	235
300	236
192	237
299	237
128	238
102	239
181	239
83	240
96	240
172	240
251	240
76	241
199	241
238	241
133	242
256	242
87	243
199	243
209	243
289	244
151	246
98	247
141	247
174	247
246	247
288	247
178	248
107	249
136	249
146	249
166	249
199	249
240	249
91	250
93	250
101	250
199	250
208	251
210	251
231	252
108	253
218	253
103	254
158	254
185	254
284	254
64	255
118	256
290	256
292	256
153	257
197	258
114	259
277	259
208	260
218	260
223	260
263	260
271	260
71	261
216	261
270	261
65	262
285	263
272	264
277	264
73	265
279	266
67	267
223	267
217	268
197	269
131	270
141	270
209	270
216	270
232	275
81	276
91	276
185	276
191	277
196	277
216	277
294	277
87	278
223	278
245	278
207	279
209	279
215	279
182	281
184	281
234	281
77	282
67	284
137	284
191	284
291	284
96	285
134	285
191	285
224	285
92	287
208	287
253	287
240	290
184	291
191	291
265	291
273	291
278	292
293	293
263	294
184	295
200	295
118	296
215	296
241	296
131	297
135	297
264	297
268	297
278	297
138	299
282	299
69	301
235	301
75	302
124	302
176	302
263	302
268	303
72	304
91	304
128	304
221	305
264	305
290	305
246	306
167	307
235	307
280	307
174	308
259	308
260	308
97	310
166	312
178	312
221	312
247	312
289	313
193	314
214	314
203	315
171	317
178	318
179	320
277	320
215	321
170	322
193	322
203	322
264	324
171	326
179	326
279	326
143	330
190	330
77	331
169	331
137	336
142	336
156	336
244	336
189	337
289	337
166	340
195	340
280	340
154	341
246	342
203	343
271	344
286	344
282	346
164	347
194	347
195	349
105	350
119	351
122	351
134	351
150	351
172	351
214	351
250	351
256	351
258	351
282	351
153	352
206	352
214	352
261	352
