932
282	18
273	19
231	24
235	24
85	25
86	25
107	25
182	25
183	25
222	26
136	27
282	27
120	28
194	28
201	28
209	28
119	29
175	29
252	29
118	30
120	30
157	30
214	30
232	30
143	32
189	32
219	32
245	32
93	33
222	33
207	34
246	34
104	35
116	36
120	36
143	36
180	36
273	36
93	40
171	40
220	40
252	40
143	42
157	43
105	44
122	44
179	44
225	44
248	44
111	45
126	45
251	46
231	47
101	49
156	49
115	50
156	50
101	51
285	51
125	52
131	52
207	52
287	52
112	53
125	53
77	54
96	54
142	55
162	55
64	56
78	56
121	56
159	56
161	56
188	56
201	56
162	58
87	59
98	59
103	59
127	61
190	61
295	61
61	62
194	62
201	62
158	63
282	63
290	63
65	64
165	64
89	65
177	65
290	65
147	66
171	66
176	66
209	66
78	68
135	68
100	70
199	70
207	70
244	70
178	71
192	71
88	72
110	72
128	72
133	72
163	72
189	72
237	72
107	73
123	73
172	73
85	74
87	74
134	75
65	76
75	76
67	77
288	77
183	78
195	78
192	79
149	80
287	80
301	80
133	83
57	85
208	86
144	87
267	87
287	87
305	87
202	88
207	88
227	88
275	88
64	89
134	89
185	89
296	89
307	89
55	90
191	90
172	92
116	93
140	93
257	93
265	93
86	94
123	95
240	96
65	97
186	97
193	97
297	97
53	98
113	98
158	98
234	98
95	99
178	99
285	99
140	100
148	100
173	100
201	101
292	101
104	102
265	102
85	103
116	103
274	103
187	104
304	104
140	105
236	105
242	105
53	106
249	106
292	106
47	107
206	107
95	108
140	108
210	108
249	108
256	108
298	108
145	109
102	110
187	110
140	111
173	111
178	112
284	112
95	113
179	113
55	115
47	117
147	117
169	117
189	117
201	117
140	118
199	118
221	118
214	119
189	121
247	121
255	121
57	122
89	122
122	123
179	123
194	123
199	123
205	123
130	124
168	124
173	124
202	124
217	124
179	125
187	125
247	126
254	127
130	128
134	128
173	128
179	128
203	128
209	128
209	130
263	130
162	131
189	131
192	131
204	132
247	132
254	132
269	132
96	133
102	133
306	133
41	135
87	135
189	135
95	136
146	136
68	137
77	137
280	137
310	137
221	139
229	139
289	139
171	140
177	140
214	141
217	141
179	142
204	142
79	143
86	143
104	143
111	143
146	143
152	143
198	143
303	143
190	144
154	145
213	145
96	146
102	146
160	146
52	147
120	147
129	147
86	148
96	148
104	148
111	148
269	148
45	149
169	149
263	150
181	151
214	151
62	152
179	152
219	152
69	153
198	153
58	154
78	154
146	154
153	154
272	154
71	155
39	156
80	156
84	156
138	156
146	156
130	157
138	157
168	157
104	158
112	159
155	160
160	160
169	160
176	160
47	161
97	162
100	162
160	163
165	163
189	163
194	163
237	163
244	163
42	164
60	165
90	165
97	165
54	166
194	166
202	166
295	166
178	167
148	168
156	168
202	168
209	168
263	168
283	168
104	169
112	169
132	169
139	169
305	169
90	170
148	170
306	170
82	171
85	171
287	171
299	171
76	172
96	172
139	172
141	172
165	172
168	172
177	172
133	173
159	173
252	173
260	173
97	174
104	174
122	174
191	174
258	174
178	175
229	175
65	176
116	176
229	177
306	177
57	178
234	179
287	179
84	180
40	181
209	181
250	181
125	182
132	182
219	182
255	182
267	182
292	182
115	183
141	183
176	183
227	183
76	184
107	184
125	184
134	184
271	184
67	185
68	185
77	185
84	185
184	185
85	186
91	186
117	186
60	187
234	187
167	188
178	188
212	188
219	188
241	188
107	189
246	189
249	189
252	189
71	190
101	190
227	190
232	190
93	191
102	191
281	191
111	192
117	192
212	192
220	192
225	192
232	192
135	193
239	193
93	194
118	194
88	195
260	195
266	195
290	195
79	196
95	196
102	196
112	196
121	196
179	196
217	196
219	196
225	196
231	196
244	196
257	196
286	196
224	197
52	198
187	198
148	199
184	199
47	200
224	200
231	200
71	201
140	201
172	201
66	202
145	202
277	202
37	203
88	203
121	203
286	203
82	204
281	204
144	205
114	206
115	206
131	206
293	207
301	207
57	208
73	208
75	208
82	208
125	208
232	208
264	208
293	208
100	209
52	210
70	210
269	210
162	211
238	211
178	212
281	212
238	213
36	214
76	214
251	214
293	214
70	215
83	215
280	215
100	216
187	216
244	216
298	216
78	217
127	217
190	217
92	218
124	218
62	219
70	219
77	219
95	219
154	219
69	220
87	220
207	220
244	220
248	220
56	221
62	221
160	221
243	221
160	223
169	223
36	224
52	224
150	225
43	226
87	226
275	226
81	227
191	227
214	227
132	228
141	228
150	228
158	229
191	229
281	229
284	229
296	229
63	230
89	230
230	230
290	230
294	230
246	231
262	231
57	232
142	232
168	232
169	232
212	232
269	232
82	233
84	233
148	233
159	233
211	233
300	233
235	235
76	236
135	236
242	236
44	237
67	237
103	237
142	237
159	237
178	237
240	237
62	238
125	238
289	238
294	238
100	239
183	239
233	239
70	240
133	241
178	241
41	242
117	242
122	242
210	243
223	243
101	245
146	245
80	246
114	246
68	247
92	247
95	247
178	247
39	248
284	248
75	249
161	249
168	249
230	249
87	250
170	250
75	251
103	251
144	251
230	251
119	252
228	253
130	254
259	254
69	255
72	255
189	255
204	255
61	256
102	256
149	256
233	256
266	256
209	257
123	258
158	258
161	258
170	258
229	259
82	260
128	260
221	260
39	261
189	261
194	261
297	261
77	262
209	262
226	262
146	263
149	263
151	265
157	265
205	265
184	266
267	266
259	267
287	267
195	268
219	269
295	269
49	270
142	270
145	270
195	270
47	271
151	271
214	272
256	272
101	273
228	273
288	273
93	274
154	274
185	274
186	274
187	274
234	275
237	275
65	276
162	276
288	276
64	277
174	277
197	277
200	277
257	277
47	278
262	278
107	279
147	279
40	280
153	280
221	280
256	280
42	281
190	281
194	281
230	281
111	282
153	282
162	282
187	282
224	282
259	282
146	283
174	283
179	283
202	283
287	283
97	284
237	284
174	285
202	285
195	286
231	286
240	286
106	287
108	287
151	287
289	287
103	288
137	289
162	289
121	290
140	290
194	290
240	290
209	291
244	291
255	291
180	292
185	292
203	292
221	292
289	292
151	293
174	293
119	294
155	294
160	294
130	295
135	295
165	295
169	295
195	295
200	295
220	295
244	295
257	295
274	295
79	296
105	296
210	296
138	297
192	298
119	299
185	299
188	299
210	299
230	299
257	299
43	300
101	300
129	300
184	300
222	300
75	301
141	301
277	301
61	302
117	302
155	302
156	302
165	302
169	302
201	302
267	302
129	303
165	303
222	303
239	303
200	304
261	304
49	305
117	305
193	305
251	305
231	306
77	307
120	307
211	307
214	307
269	307
107	308
128	308
144	308
242	308
288	308
128	309
156	309
165	309
181	309
225	309
115	310
133	310
150	310
158	310
163	310
174	310
98	311
201	311
259	311
72	312
252	312
284	312
105	313
225	313
133	314
143	314
191	314
194	314
215	314
281	314
46	315
126	315
187	315
145	316
150	316
182	316
261	316
107	317
152	317
158	317
174	317
234	317
287	317
95	318
126	318
133	318
225	319
207	320
195	322
107	323
125	323
144	323
236	323
103	324
145	324
152	324
153	325
164	326
174	326
178	326
216	326
270	326
166	327
208	327
280	327
282	327
117	330
120	331
178	331
245	331
110	332
166	332
175	332
173	333
219	333
282	333
287	333
259	334
115	335
127	335
166	335
182	335
216	336
271	336
117	337
249	337
233	338
264	338
281	338
173	339
176	339
85	340
142	340
170	340
272	341
273	341
151	342
264	342
119	343
126	343
60	344
78	344
91	344
110	344
194	344
218	344
223	344
283	344
84	345
168	345
177	346
280	346
283	346
116	347
118	347
129	347
134	348
239	348
266	348
218	349
61	350
80	350
84	350
85	350
89	350
211	350
253	350
266	350
65	351
101	351
107	351
108	351
142	351
194	351
203	351
223	351
243	351
249	351
267	351
279	351
73	352
115	352
116	352
126	352
129	352
187	352
219	352
222	352
256	352
285	352
