750
68	8
89	8
101	8
55	10
120	12
120	13
75	14
133	14
73	15
160	16
165	16
210	16
224	16
92	17
178	17
211	17
100	18
107	18
122	18
199	18
231	18
168	19
220	20
58	21
58	22
88	22
126	22
176	23
205	23
39	24
94	24
190	24
218	24
80	25
57	26
88	26
19	27
168	27
188	27
177	28
66	29
101	29
55	30
80	30
135	30
152	30
244	30
128	31
189	32
108	33
159	33
178	33
66	34
87	36
136	36
249	36
218	37
103	38
54	39
171	39
176	39
43	40
144	40
162	40
77	41
227	41
240	41
61	42
63	42
96	43
158	43
226	43
82	44
101	44
124	44
39	45
93	46
109	46
240	46
165	47
15	48
143	48
148	48
182	48
63	50
164	50
191	50
62	51
72	51
139	51
185	51
90	52
116	52
67	53
80	54
77	55
88	55
110	55
149	56
166	56
89	57
176	57
264	57
56	58
111	59
121	59
148	59
178	59
199	59
59	60
129	60
140	60
167	60
229	60
67	61
70	61
77	61
192	61
262	61
44	63
156	63
221	63
270	63
52	64
80	65
163	65
88	66
117	66
175	66
127	67
137	67
151	67
170	67
99	68
108	68
103	69
152	69
64	70
70	70
112	70
33	71
35	71
127	71
145	71
169	72
270	72
35	74
41	74
43	74
85	74
92	74
256	74
250	76
138	78
152	78
177	78
185	78
64	79
102	79
162	79
245	79
257	79
104	80
42	81
267	81
90	82
194	82
72	83
119	83
188	83
124	84
129	84
157	84
158	84
168	84
175	84
247	84
267	84
72	85
138	85
160	85
117	88
122	88
90	89
99	89
214	90
268	90
151	91
207	91
168	93
254	94
120	97
90	98
98	98
165	98
217	98
225	98
272	98
273	98
170	99
199	99
99	100
194	100
125	102
138	102
268	102
278	102
188	103
265	103
279	103
99	104
109	104
147	104
153	104
160	104
196	104
106	106
169	106
192	107
252	108
133	109
264	109
115	110
259	110
60	111
68	111
145	111
68	114
77	114
89	115
96	115
148	115
161	115
174	119
217	119
270	119
106	122
40	123
50	123
77	123
112	123
120	123
155	123
282	124
85	125
143	125
178	125
135	126
252	126
77	127
85	127
224	127
230	127
156	129
40	130
50	130
95	131
143	131
284	131
104	132
156	132
264	132
52	135
59	135
174	135
59	136
66	136
140	136
148	136
131	138
188	139
124	141
288	141
223	142
230	142
86	143
147	143
177	143
88	144
140	144
171	144
52	146
67	146
144	146
163	146
271	146
96	147
101	147
155	148
179	150
187	150
129	151
137	152
173	152
179	152
127	153
135	153
103	154
111	154
95	156
102	156
237	156
59	157
62	157
154	157
157	157
279	157
287	157
50	158
59	158
286	158
181	159
222	159
229	159
244	159
76	160
84	160
28	161
69	161
76	161
165	161
173	161
288	161
59	162
85	162
95	162
237	162
95	163
102	163
103	163
111	163
120	163
126	163
148	163
43	164
50	164
52	164
34	165
44	165
126	165
136	165
157	165
173	165
196	165
135	166
164	166
165	166
204	166
222	166
229	166
34	167
113	167
142	167
145	167
170	167
184	167
158	169
120	170
153	171
135	172
52	174
85	174
132	174
46	175
134	175
77	176
120	176
177	177
114	178
107	179
60	181
169	181
173	181
271	181
77	182
97	182
99	182
105	182
174	182
46	183
69	183
136	183
143	183
160	183
202	183
210	183
39	184
48	185
88	185
135	185
114	186
123	186
125	186
153	186
185	186
106	187
145	187
115	188
168	188
174	188
265	188
277	188
60	189
284	189
52	190
176	190
202	190
209	190
48	191
63	191
140	192
254	192
277	192
151	193
194	193
273	193
40	194
48	194
89	194
115	194
150	194
234	194
281	194
72	195
80	195
92	195
97	195
225	195
261	195
82	196
107	196
178	196
186	196
229	196
238	196
170	197
283	198
41	199
130	199
167	199
144	200
201	200
49	201
57	201
72	201
107	201
193	202
199	202
102	203
137	203
139	203
215	203
67	204
151	204
178	204
144	205
149	205
219	205
57	206
125	206
191	206
248	206
52	207
85	207
92	207
183	207
228	207
254	208
44	209
232	209
213	210
219	210
160	211
220	211
106	213
137	213
139	213
85	214
198	214
80	215
243	215
52	216
152	216
247	217
36	218
292	218
110	219
155	219
170	220
139	221
142	221
35	222
63	222
126	222
273	222
173	223
178	223
277	223
284	223
56	224
66	225
82	225
293	225
47	226
162	226
217	226
247	227
41	228
182	229
172	232
166	233
252	233
258	233
142	235
50	236
98	236
135	236
214	236
90	237
262	237
264	237
174	238
180	238
191	238
45	239
60	239
85	239
97	239
295	239
124	240
156	240
206	240
56	241
252	241
124	242
184	242
202	242
213	242
261	242
281	242
288	242
295	242
107	243
134	243
142	243
134	244
261	244
269	244
143	246
169	246
194	247
39	248
106	248
123	248
288	248
297	248
208	249
132	251
134	251
82	253
170	254
269	254
298	254
190	255
233	256
195	257
78	258
173	258
55	259
132	259
295	259
146	260
164	260
278	260
51	262
107	263
250	263
39	264
273	264
226	265
147	266
283	266
166	267
256	268
135	269
142	269
245	269
106	270
47	272
271	272
40	273
55	273
252	273
273	273
52	275
183	275
112	276
170	276
142	277
149	277
152	277
240	278
241	278
266	278
128	279
135	279
279	280
108	281
110	281
185	281
234	281
62	283
172	283
222	283
244	283
271	283
60	284
150	284
153	284
40	285
49	285
56	285
177	285
179	285
262	285
117	286
128	286
141	287
199	287
220	287
269	287
108	288
191	288
255	288
165	289
204	289
103	290
221	290
111	291
117	291
255	291
104	292
153	294
76	295
127	295
141	295
167	295
71	297
57	298
62	298
74	298
225	298
180	299
260	299
121	300
126	300
161	300
41	301
153	301
232	302
54	303
77	303
207	303
257	303
269	303
150	304
174	304
121	305
94	306
113	306
126	306
162	307
74	309
84	309
174	309
44	310
225	310
150	311
75	312
94	312
106	312
111	312
224	312
252	313
121	314
129	314
79	315
81	315
99	317
72	318
78	321
121	321
129	321
234	321
128	322
267	324
281	324
234	325
99	326
86	327
260	327
106	328
243	329
98	330
129	330
175	332
46	333
79	333
84	333
105	334
208	335
66	336
105	336
73	338
78	338
128	339
176	340
211	340
70	341
244	341
141	344
226	344
108	345
47	346
128	347
90	348
96	348
157	348
236	348
131	349
137	349
139	350
148	350
47	351
55	351
64	351
69	351
96	351
104	351
107	351
180	351
235	351
236	351
245	351
83	352
87	352
172	352
199	352
202	352
238	352
