930
149	7
158	7
160	7
186	7
62	8
82	8
224	8
239	8
73	10
146	10
224	10
56	11
90	11
210	11
231	11
99	12
174	12
50	13
161	13
70	14
55	15
105	15
162	15
169	15
87	16
114	16
129	16
57	17
176	17
201	17
204	17
219	17
231	18
87	19
116	21
197	21
111	22
142	22
210	23
79	25
165	26
182	26
75	29
117	29
196	29
67	30
149	30
53	32
64	32
78	32
87	32
253	32
96	33
124	33
129	33
212	33
92	34
112	34
136	34
163	34
179	34
169	36
123	37
237	37
55	39
79	39
85	39
49	40
50	40
62	40
199	40
71	41
112	41
161	41
118	42
79	43
139	43
181	43
190	43
253	43
164	44
172	44
148	46
246	46
91	47
95	47
51	49
136	49
146	49
152	49
200	49
72	50
167	50
125	51
138	51
192	51
258	51
157	52
62	54
132	54
247	55
28	56
67	56
120	56
163	56
168	57
177	57
103	58
148	58
169	58
139	59
157	59
184	60
86	61
179	61
234	61
245	61
93	62
150	62
237	62
98	64
163	64
154	65
156	65
163	65
173	65
179	65
108	66
263	66
244	67
18	69
125	69
253	69
112	70
139	70
145	70
233	70
139	71
164	71
176	71
242	71
87	72
147	74
213	74
165	75
189	75
195	75
221	75
132	76
139	77
253	77
75	78
83	78
117	78
119	78
134	78
160	78
260	78
101	81
128	81
149	81
182	81
110	82
131	82
221	82
55	83
107	83
214	83
75	84
82	84
83	84
92	84
219	84
229	84
162	85
73	86
274	86
125	87
189	87
247	87
274	87
255	88
142	89
97	90
106	90
115	90
122	91
199	91
202	91
246	91
192	92
240	93
266	93
27	94
36	94
142	94
150	94
65	95
144	95
157	95
72	96
153	96
252	96
55	97
92	97
131	97
174	97
21	98
26	98
62	98
82	98
91	98
46	99
52	99
72	99
81	100
147	100
26	102
36	102
21	103
134	103
121	105
125	105
202	105
55	106
62	106
63	106
72	106
176	106
193	106
209	106
147	107
200	107
26	108
90	109
98	109
131	111
148	112
142	113
193	113
200	113
271	113
183	114
90	115
97	115
175	115
202	115
167	116
173	116
209	116
269	116
124	118
90	119
97	119
115	119
122	119
22	120
27	120
55	120
106	120
46	121
113	121
276	121
144	122
258	122
30	123
37	123
62	123
80	123
133	123
144	123
55	124
58	124
71	124
151	124
174	124
233	124
89	125
162	125
182	125
192	125
199	126
224	126
71	127
79	127
38	128
46	128
263	128
55	129
46	130
71	130
107	130
168	130
64	131
174	131
192	132
199	132
46	133
107	133
151	134
226	134
272	134
39	135
64	135
72	135
107	135
97	136
98	136
25	137
28	137
56	137
63	137
121	137
72	138
82	138
129	138
92	139
118	139
119	139
55	141
72	141
142	141
147	142
42	143
55	143
75	143
183	143
189	143
216	143
237	143
130	144
147	144
155	144
222	144
224	144
270	144
272	144
100	145
107	145
155	145
161	145
244	145
63	148
118	148
129	148
231	148
259	148
91	149
110	149
123	149
148	149
162	149
280	149
55	150
84	150
120	150
156	150
266	150
171	151
197	151
42	152
47	152
83	152
203	152
141	153
26	154
33	154
55	154
76	154
253	154
189	155
194	155
66	156
76	156
110	156
152	156
182	156
187	156
83	157
239	157
40	158
49	158
140	158
260	158
266	158
132	159
150	159
239	159
267	159
83	160
92	160
101	160
103	160
129	160
204	160
209	160
211	160
76	161
162	161
221	161
66	162
85	162
95	162
113	162
156	162
215	162
249	162
60	163
105	163
143	163
246	163
76	164
69	165
28	166
194	166
202	166
199	167
207	167
36	168
42	168
256	168
51	169
184	169
122	170
129	170
130	170
199	170
43	171
44	171
165	171
178	171
206	171
235	172
256	172
79	173
87	173
184	173
214	173
219	173
240	173
259	173
70	174
72	174
81	174
169	174
190	174
268	174
36	175
38	175
178	175
184	175
210	175
284	175
30	176
64	176
191	176
119	177
138	177
148	177
119	179
251	179
125	180
219	180
231	180
41	181
45	181
72	181
81	181
187	181
226	181
288	181
66	182
137	182
184	182
234	182
240	182
76	183
143	183
141	184
157	184
276	184
184	186
257	186
262	186
31	187
52	187
57	187
193	187
247	187
285	187
113	188
118	188
125	188
131	188
161	188
165	188
29	189
274	189
67	190
170	190
214	190
202	191
274	191
58	192
142	192
193	192
221	192
64	193
86	193
197	193
233	193
52	194
71	194
74	194
138	194
204	194
211	194
283	194
284	194
270	195
76	196
84	196
140	196
52	197
111	197
197	197
240	197
244	197
202	199
276	199
31	200
48	200
112	200
131	200
67	201
187	201
196	203
80	204
86	204
161	204
199	204
249	204
251	204
102	206
239	206
264	206
111	207
166	207
183	207
259	207
271	207
279	207
159	208
249	208
164	209
244	209
270	209
93	210
122	210
169	210
172	210
101	211
130	211
164	211
179	211
253	211
259	211
282	211
282	212
52	213
201	213
266	213
47	215
87	215
93	215
195	215
130	216
160	216
258	216
80	217
122	217
187	218
157	220
178	220
194	220
197	221
49	222
60	223
137	223
141	223
162	223
33	225
135	225
46	226
152	226
238	226
251	226
56	227
184	227
264	228
143	229
161	229
259	229
273	229
194	230
225	230
270	230
274	230
35	231
154	231
192	231
247	231
135	232
164	232
200	232
213	232
84	233
219	233
90	234
102	234
230	234
111	235
130	235
134	235
247	235
55	236
154	236
176	237
186	238
219	238
208	239
259	239
269	239
46	240
145	240
179	240
230	240
271	240
155	241
158	241
171	241
253	241
256	241
99	242
102	242
134	242
140	242
110	243
130	243
265	244
130	245
116	246
147	246
187	246
271	246
37	247
173	247
236	247
273	248
76	249
262	249
141	250
168	250
209	251
181	252
262	252
65	253
105	253
115	253
140	253
74	254
116	254
129	254
131	254
180	254
192	254
211	254
154	255
45	256
57	257
257	257
41	258
61	258
100	258
105	258
52	259
182	259
61	260
222	260
240	260
94	261
108	261
116	261
156	261
116	262
252	262
257	262
41	263
129	263
135	263
66	264
129	264
156	264
170	264
199	264
203	264
108	265
182	265
44	266
110	266
143	267
150	267
246	267
262	267
211	268
220	268
49	269
54	269
61	269
64	269
206	269
41	270
135	271
138	271
157	271
162	271
212	271
58	272
110	272
129	272
223	272
240	273
86	275
42	276
48	276
70	276
164	276
138	277
148	277
181	277
184	277
239	277
258	277
212	278
249	278
75	279
138	279
68	280
222	280
96	281
156	281
214	281
234	281
83	282
86	282
243	283
264	283
149	284
187	284
223	284
90	285
141	286
239	287
136	288
223	288
99	289
269	289
64	290
80	290
83	290
127	290
182	290
191	291
239	291
71	292
106	292
239	292
231	293
263	293
55	295
91	295
99	295
106	295
138	295
143	295
62	296
73	296
77	296
101	296
186	296
245	296
43	297
127	297
182	297
113	299
122	299
43	300
91	300
65	301
86	301
239	301
52	303
73	303
227	303
143	304
100	305
84	306
100	306
112	306
123	306
127	306
133	306
115	307
238	307
65	308
60	309
163	309
86	310
181	310
230	310
232	310
100	312
240	312
69	313
128	313
44	314
79	314
131	314
174	314
115	315
173	315
191	315
124	316
164	316
192	316
67	317
69	317
131	317
134	317
86	319
125	320
176	322
259	322
206	323
65	324
112	324
190	324
239	324
125	325
134	326
128	327
190	327
207	329
227	329
76	330
89	330
76	332
160	332
111	333
230	333
234	333
149	334
197	334
243	334
128	335
111	336
135	336
204	337
74	338
195	338
213	338
161	339
236	339
81	340
135	340
190	341
111	342
149	342
235	342
142	343
59	344
152	344
153	344
204	344
205	344
209	344
63	345
121	345
131	345
178	345
237	345
66	346
183	346
223	346
192	347
218	347
223	347
152	349
169	349
175	349
183	350
192	350
231	350
46	351
50	351
59	351
81	351
86	351
131	351
138	351
142	351
160	351
167	351
187	351
202	351
54	352
57	352
65	352
66	352
92	352
104	352
113	352
127	352
143	352
144	352
160	352
167	352
213	352
215	352
218	352
