650
109	7
290	7
122	8
159	8
299	8
319	8
89	9
101	9
130	9
191	9
224	9
148	10
182	10
234	10
254	10
308	10
320	10
239	11
291	11
190	12
266	12
208	13
223	13
278	13
171	14
178	14
274	14
286	14
121	15
191	15
254	15
98	16
129	16
187	16
201	16
207	16
318	16
128	17
203	17
210	17
320	17
98	18
109	18
257	20
292	20
251	21
279	21
91	22
274	23
174	24
184	24
148	25
169	25
247	26
100	27
138	27
103	28
155	28
246	28
212	29
288	29
238	30
304	30
262	31
202	33
250	33
257	33
189	34
207	34
127	35
207	35
214	35
224	35
181	36
267	36
274	36
286	36
112	37
218	37
267	38
275	38
120	39
127	39
170	39
190	39
250	39
311	39
238	40
101	41
189	41
135	42
147	42
127	43
152	43
228	43
240	43
313	44
217	45
122	47
127	47
184	47
266	47
313	48
91	49
174	49
192	49
207	49
257	49
266	49
274	49
310	49
101	50
103	50
132	50
112	51
95	52
104	52
227	52
280	52
117	54
122	54
302	54
124	55
134	56
213	56
292	56
144	57
315	57
205	58
245	58
254	58
298	58
272	59
104	60
97	61
262	61
257	62
264	62
188	63
192	63
272	63
117	65
134	65
222	65
247	65
105	66
97	67
164	67
170	67
229	67
278	67
313	67
135	69
210	69
290	69
219	70
242	70
229	71
267	71
273	71
81	72
115	72
192	72
179	73
186	73
107	74
238	74
97	75
92	76
127	77
135	77
179	78
187	78
190	79
143	80
261	80
302	80
100	81
107	81
137	81
155	81
294	81
313	81
117	83
109	84
81	86
145	86
75	87
109	87
118	87
284	87
259	88
100	89
260	89
314	89
75	91
121	91
129	91
280	91
147	92
152	92
179	92
209	92
171	93
182	93
189	93
245	93
156	94
201	94
253	94
108	95
163	96
171	96
246	96
307	96
308	96
133	97
138	97
237	97
266	97
182	98
190	98
214	98
239	98
263	98
121	99
147	99
302	99
243	101
245	101
278	101
132	102
152	102
163	102
219	102
263	102
287	102
126	103
240	103
92	104
101	104
228	104
99	105
234	105
281	105
257	106
86	107
127	107
132	107
233	107
158	108
107	109
136	109
246	109
268	110
151	111
157	111
211	111
137	112
281	112
106	113
109	113
150	113
190	113
235	113
239	113
261	113
79	114
102	114
144	114
226	115
235	115
111	116
117	116
143	116
230	116
289	116
292	116
168	117
189	117
127	119
161	119
207	119
255	119
261	119
143	120
279	120
306	120
121	121
161	121
190	121
207	121
269	121
137	122
155	122
227	122
230	122
252	122
262	122
102	123
169	123
175	123
272	123
170	124
177	124
220	124
291	124
297	124
90	125
203	125
239	125
94	126
112	126
137	126
296	126
199	127
108	128
130	128
131	128
150	129
187	129
305	129
232	130
255	130
205	131
126	132
162	132
187	132
275	132
283	132
132	133
270	133
127	134
170	134
181	134
76	135
87	135
108	135
166	135
230	135
289	135
295	135
101	136
173	136
211	136
221	136
224	136
181	137
263	137
311	137
129	138
134	138
153	138
200	138
250	138
76	139
87	139
117	139
198	139
269	139
285	139
146	140
269	140
299	140
70	141
175	141
261	141
296	141
81	142
178	142
166	143
209	144
101	145
128	145
160	145
296	145
304	145
209	146
224	146
231	146
252	146
138	147
269	147
95	148
190	148
132	149
295	149
182	150
106	151
160	151
116	152
154	152
75	153
85	154
173	155
204	155
209	155
233	155
286	155
80	156
277	157
286	157
168	158
116	159
299	159
305	159
111	160
204	160
210	160
255	161
131	162
136	162
168	162
157	163
287	164
295	164
182	165
102	166
154	166
167	166
186	166
96	167
112	168
257	168
181	169
227	170
185	172
274	172
305	172
295	173
146	174
110	175
109	177
128	177
189	177
82	178
143	178
227	178
274	178
103	179
122	179
201	180
213	180
224	181
166	182
187	184
134	185
156	185
84	186
246	186
127	187
164	187
291	187
298	187
151	188
83	189
178	189
224	189
215	190
261	190
107	193
191	193
193	193
197	193
248	193
251	193
284	194
168	196
185	198
113	200
163	200
174	200
87	201
125	201
224	201
164	202
297	202
251	203
104	204
272	204
264	205
123	207
224	208
116	209
215	210
84	211
273	211
290	211
141	212
79	213
154	213
226	213
228	213
106	214
116	214
100	215
120	216
89	217
112	217
161	218
204	218
230	219
85	222
122	222
117	223
135	223
217	223
272	224
85	225
166	225
183	225
80	226
265	226
291	226
169	227
246	227
132	228
263	228
300	228
301	229
114	230
234	230
179	231
182	231
223	231
230	231
253	231
166	232
168	232
248	232
140	234
191	234
139	235
156	235
248	235
300	235
122	236
287	236
179	237
234	237
289	237
117	238
141	238
279	239
298	239
255	240
190	241
219	242
243	242
148	243
289	243
292	244
134	246
257	246
99	248
260	248
298	248
92	249
190	249
219	249
132	250
214	250
250	250
283	251
240	253
275	253
270	254
252	255
258	255
286	255
232	256
295	256
215	259
240	259
109	260
187	260
211	261
234	261
239	261
276	261
281	261
295	261
143	263
258	263
250	265
239	267
185	268
187	268
212	269
260	269
141	270
191	270
250	273
248	274
234	275
185	277
153	278
186	278
190	278
214	279
195	280
281	281
137	283
247	283
147	285
151	285
239	285
215	286
248	286
183	287
266	287
220	288
142	289
189	289
195	289
199	289
209	289
242	289
197	290
266	291
136	293
233	294
231	295
197	296
221	296
189	297
190	297
212	297
221	297
244	297
184	298
136	302
249	302
222	303
248	303
191	304
194	305
154	308
242	309
218	311
159	312
214	312
162	313
190	313
194	313
208	313
163	316
168	316
209	318
177	319
