754
148	7
109	8
143	8
148	8
158	8
117	9
140	9
157	10
178	13
194	13
214	13
281	13
292	13
299	13
167	14
186	14
193	14
222	14
238	14
278	14
230	15
231	15
250	15
310	15
149	16
205	16
225	16
247	16
249	16
177	17
117	18
198	18
170	19
187	19
203	19
257	19
271	19
182	21
208	21
232	21
147	22
309	23
128	24
181	24
215	24
295	24
132	26
169	28
267	28
120	29
151	29
222	29
249	29
254	29
191	30
199	30
217	30
235	30
297	32
94	34
131	34
139	34
290	34
215	35
312	35
224	36
289	36
148	37
208	37
250	37
168	38
236	38
271	38
159	40
242	40
264	40
292	40
303	40
258	42
298	42
314	43
242	44
204	45
181	46
285	46
145	47
159	47
281	48
284	48
152	49
168	49
242	49
307	49
145	51
250	51
151	52
199	52
210	52
247	52
135	53
141	53
198	53
272	53
131	54
285	54
208	56
217	56
226	56
247	56
278	56
285	56
133	57
191	57
175	58
194	58
253	58
264	58
269	58
271	58
276	58
317	58
175	59
161	60
118	61
116	62
152	62
304	62
135	63
145	63
126	65
217	65
170	66
285	66
197	67
270	67
176	68
185	68
193	68
221	68
262	68
185	69
270	69
289	69
295	69
156	71
276	71
232	72
258	72
99	73
126	73
149	73
239	73
132	74
189	74
266	74
267	75
232	76
125	77
238	77
131	78
132	78
136	78
288	78
309	78
212	79
268	79
293	79
298	79
199	80
220	80
265	80
77	81
97	81
229	81
189	82
265	83
274	83
298	83
136	84
211	86
173	87
184	87
210	87
292	87
73	89
77	89
181	89
234	89
271	89
282	89
302	90
290	91
253	92
104	93
204	93
97	94
105	94
112	94
222	94
259	94
267	94
281	94
251	97
290	97
304	97
181	98
297	98
72	99
238	99
256	99
284	99
213	100
220	100
197	101
220	101
224	101
274	101
79	102
270	103
281	103
224	104
309	104
87	105
196	105
280	105
158	106
201	106
263	106
152	107
154	107
221	107
308	107
144	109
260	109
114	110
166	110
181	110
106	111
308	111
314	111
83	112
88	112
245	112
287	112
175	114
97	115
235	117
272	117
228	118
234	118
260	118
266	119
187	120
222	120
74	121
205	121
262	121
169	122
250	122
83	123
196	123
212	123
242	123
252	123
77	124
94	124
152	124
157	124
188	124
202	124
212	124
304	124
87	125
279	126
188	127
295	127
169	129
110	130
160	130
213	130
262	130
96	131
103	131
178	131
290	131
310	131
182	132
251	132
295	132
304	132
152	133
232	133
244	133
265	133
103	134
110	134
254	134
297	134
68	135
97	135
105	135
119	136
77	137
72	138
152	139
230	139
97	140
154	140
170	140
210	140
310	140
224	141
266	141
269	141
92	142
182	142
72	143
305	143
307	143
66	144
103	144
251	145
297	145
245	146
289	147
296	147
73	148
149	148
224	148
68	149
112	149
281	149
289	149
83	151
107	151
173	151
224	151
230	151
305	151
155	152
157	152
186	152
192	152
210	152
62	153
253	153
270	153
80	155
142	155
244	155
165	156
205	156
210	156
107	157
192	157
274	157
147	158
176	158
186	158
254	158
264	158
269	158
68	159
64	160
274	160
238	161
245	161
195	163
211	163
213	163
226	164
304	164
125	165
154	165
173	165
180	165
165	166
72	167
141	167
254	167
264	167
285	167
294	167
108	168
147	168
256	168
206	169
277	169
287	169
165	170
167	170
181	170
219	170
246	170
68	171
241	171
213	173
240	174
60	175
163	175
196	175
77	176
127	177
195	177
73	178
291	178
53	179
54	179
191	179
105	180
110	181
135	181
207	181
220	181
279	181
290	181
117	182
175	182
183	182
260	182
262	182
272	182
298	183
166	185
55	186
64	186
271	186
114	187
192	187
199	187
209	187
214	187
238	187
280	187
190	188
298	188
184	189
89	190
256	190
60	191
207	191
233	191
53	193
78	193
261	193
53	194
70	194
168	194
200	194
283	194
75	195
85	195
216	195
220	195
243	195
250	195
178	196
200	196
291	196
261	197
301	197
62	198
65	198
209	198
213	198
96	199
100	200
220	200
267	200
271	200
282	200
134	201
178	201
217	201
223	201
275	201
91	202
202	202
240	202
54	203
77	203
252	203
303	203
177	204
290	204
173	205
217	205
284	205
298	205
68	206
71	206
108	206
133	206
125	207
134	208
138	208
72	209
274	210
178	212
229	212
295	213
99	214
134	214
174	214
302	214
241	215
251	215
269	215
231	216
299	216
90	217
139	217
253	217
98	218
72	219
197	219
108	220
124	220
82	221
87	221
215	221
164	222
229	222
157	223
64	224
78	224
88	224
157	224
182	224
239	224
284	225
295	225
298	225
119	226
167	226
106	227
199	227
231	227
119	228
216	228
274	228
250	229
96	230
198	230
256	230
289	230
183	231
132	232
158	232
160	232
261	232
99	233
148	233
139	234
183	234
258	234
208	235
274	235
286	235
64	237
199	237
221	237
238	237
107	239
161	239
297	239
156	240
239	241
267	241
95	242
183	242
191	242
208	242
224	242
230	242
82	243
84	243
274	243
208	244
102	245
178	245
70	246
133	246
135	246
223	246
274	246
156	247
202	247
238	247
62	248
93	248
109	248
194	248
232	248
232	250
247	250
180	251
189	251
224	251
239	251
203	252
278	252
180	254
253	254
255	254
68	255
122	255
136	255
201	256
223	256
234	256
239	256
266	256
189	257
213	258
294	258
257	259
275	259
180	260
201	260
212	260
180	261
205	261
225	261
229	261
241	261
246	261
254	261
267	261
120	262
284	262
173	264
130	265
276	266
182	267
188	267
205	267
211	267
208	268
230	268
237	268
264	269
113	270
249	270
175	271
179	271
239	271
274	271
189	272
195	272
128	274
186	274
83	275
249	276
133	277
197	278
201	278
113	279
264	279
280	279
216	280
186	281
261	281
279	281
231	282
247	282
160	283
177	283
202	283
207	283
257	284
159	285
202	285
142	286
160	286
217	286
248	286
233	288
178	290
191	290
216	290
187	291
203	291
209	291
93	292
168	292
206	292
231	293
193	294
131	295
142	295
158	296
187	297
217	297
218	297
270	297
271	297
108	299
187	299
203	299
232	299
264	299
118	302
159	303
189	303
205	304
247	304
149	305
258	305
227	306
220	307
253	307
184	308
220	308
116	309
248	309
117	312
120	312
150	312
207	312
228	312
191	313
213	313
127	314
147	314
198	316
206	316
222	316
114	317
117	317
220	318
198	319
148	320
168	320
146	321
183	321
180	323
242	324
168	325
198	325
222	325
224	325
241	325
166	328
233	329
158	330
189	330
173	331
180	331
144	336
189	337
156	338
159	339
161	343
