873
271	7
282	7
285	7
245	8
248	8
309	8
262	9
268	10
238	12
290	12
153	13
163	13
175	13
214	13
223	13
269	13
289	13
197	14
253	14
256	14
299	15
295	16
245	17
159	18
168	18
285	18
309	18
137	19
215	19
261	19
278	19
306	20
235	22
251	22
126	23
156	23
226	23
232	23
244	23
199	24
224	24
295	25
156	26
133	27
259	27
270	27
297	27
262	28
278	28
214	29
224	29
252	29
258	29
153	33
195	33
206	33
235	33
246	33
296	33
302	33
279	34
285	34
238	35
246	35
146	36
175	36
232	36
140	37
148	37
169	37
228	37
201	38
168	39
191	39
262	39
111	40
119	40
255	40
273	40
279	40
211	41
303	42
255	43
310	43
167	44
238	44
308	44
176	45
246	45
294	45
287	46
295	46
314	46
208	47
209	47
259	48
110	49
273	49
303	49
298	52
314	52
213	53
216	54
236	54
189	55
259	55
175	56
198	56
273	56
294	56
107	58
227	59
164	60
238	60
144	61
169	61
205	61
235	62
241	62
302	62
315	62
301	63
308	63
197	64
204	64
285	64
192	65
201	66
101	67
221	67
274	67
149	69
143	70
293	70
146	71
293	71
162	72
169	72
175	72
232	72
168	73
200	73
252	74
163	75
285	75
174	76
301	76
315	76
274	77
310	77
280	78
307	78
117	79
125	79
155	79
192	79
208	79
235	79
239	79
173	80
198	80
252	80
264	80
317	80
270	81
178	82
195	82
100	83
175	83
260	83
161	85
235	86
297	86
251	87
260	87
137	88
144	88
154	88
230	88
282	88
308	88
285	89
241	90
90	91
197	91
108	92
214	92
98	93
251	93
269	94
160	95
224	95
266	95
154	96
274	96
286	97
293	97
291	98
194	99
253	99
266	99
274	99
299	99
291	100
164	101
212	101
246	101
257	101
235	102
281	102
135	103
213	103
216	103
245	103
109	104
271	104
193	106
218	106
204	107
229	107
307	107
120	108
303	108
84	109
197	109
242	110
296	110
254	111
257	111
110	112
126	112
196	112
229	112
294	112
303	112
218	113
227	113
117	114
120	115
156	115
164	115
217	115
94	116
100	116
112	120
174	120
240	120
146	121
231	121
261	121
306	121
164	122
166	122
236	122
76	123
85	123
94	123
104	123
115	123
129	123
138	123
156	123
203	123
251	123
88	124
149	124
178	125
220	125
132	126
138	126
243	126
255	126
89	129
203	129
231	129
236	129
268	129
274	129
290	129
243	130
275	130
114	131
184	131
208	131
220	131
295	131
109	132
125	132
236	132
185	133
275	133
159	134
81	135
126	135
177	135
236	135
244	135
282	135
295	135
91	136
192	136
195	136
209	136
202	137
136	138
204	138
213	138
300	138
310	138
177	139
234	139
178	140
184	140
231	141
278	141
280	141
81	143
110	143
130	143
136	143
137	143
142	143
178	143
285	143
244	144
101	145
102	145
238	145
263	145
96	146
301	146
303	146
119	147
152	147
216	147
223	147
257	147
110	148
113	148
187	149
247	149
106	151
233	151
285	151
160	152
207	152
233	152
279	152
136	153
181	153
225	153
87	154
206	155
158	156
205	156
215	156
216	156
249	156
286	156
293	156
79	157
127	157
176	157
181	157
233	157
244	157
106	158
199	158
266	158
79	159
102	159
145	159
225	159
260	159
141	160
147	160
243	160
279	160
167	161
219	161
224	161
286	161
128	162
159	162
173	162
235	162
305	162
108	163
121	163
131	163
180	163
215	163
249	163
279	163
294	163
299	163
271	164
273	164
289	164
307	164
102	165
104	165
279	165
92	166
141	166
164	166
209	166
177	167
86	168
97	168
136	168
199	169
205	169
271	169
146	170
227	170
273	170
114	171
259	171
158	172
289	172
299	172
107	173
282	174
292	174
127	175
86	176
180	176
224	176
262	176
276	176
98	177
92	178
121	178
142	178
166	178
239	178
82	179
195	179
205	179
207	179
275	179
69	180
168	180
184	180
251	180
142	181
64	182
175	182
180	182
194	182
226	182
233	182
272	182
274	182
276	183
137	184
291	184
92	185
102	185
112	185
122	185
242	185
243	185
160	186
84	187
106	187
116	187
296	187
97	188
207	188
234	188
250	188
184	189
177	190
84	191
264	191
283	191
116	192
158	192
68	193
80	193
101	193
191	193
250	193
305	193
100	194
111	194
183	194
193	194
251	195
269	195
272	195
244	197
61	198
285	198
75	200
76	200
124	200
216	200
217	200
277	201
285	201
53	202
191	202
268	202
246	203
250	203
114	204
301	204
120	205
110	206
158	206
194	206
199	206
243	206
276	206
265	207
271	207
289	207
80	208
85	208
220	208
81	209
120	209
217	209
254	211
267	211
237	212
112	213
115	213
193	213
200	213
152	214
158	214
159	214
237	214
82	215
103	216
170	216
108	217
76	218
78	218
97	218
265	218
223	219
152	221
277	221
302	221
162	222
170	222
200	222
255	222
289	222
291	222
85	223
176	223
192	223
280	223
154	226
162	226
233	226
114	227
226	227
292	227
298	227
132	228
144	228
267	228
244	229
262	229
90	230
279	230
113	231
193	231
201	231
82	232
176	233
90	234
206	234
210	234
235	234
84	235
253	235
98	236
235	236
143	237
290	239
295	239
145	240
193	240
197	240
258	240
96	241
163	242
220	242
245	242
176	243
210	243
236	243
182	244
254	244
258	244
274	244
236	245
286	245
87	246
163	246
140	247
144	247
193	247
199	247
205	247
79	248
83	248
248	248
277	248
295	248
228	249
261	249
286	249
221	250
223	250
138	252
261	252
216	253
238	253
240	253
155	254
167	254
206	254
208	254
275	254
123	255
140	255
231	255
273	255
285	255
160	256
248	257
153	258
223	258
225	258
262	258
277	258
240	260
121	261
139	261
153	261
209	261
273	261
160	262
240	262
292	262
237	264
259	264
87	265
104	265
166	265
180	265
196	265
227	265
230	265
173	266
187	266
271	266
150	267
218	268
282	268
100	269
259	269
153	270
218	270
237	270
231	271
274	271
166	272
196	273
204	273
167	274
173	274
180	274
183	275
188	275
226	275
244	275
245	275
255	275
273	275
123	276
290	276
219	277
147	278
151	278
240	278
152	279
216	279
219	279
286	279
235	280
276	280
205	281
226	281
228	281
167	282
241	282
245	282
121	283
221	283
183	284
255	284
276	284
147	285
169	285
177	285
189	285
197	285
236	285
239	285
151	286
286	286
290	286
229	287
250	287
284	288
152	289
271	289
98	290
224	290
228	290
250	290
213	291
267	291
278	291
169	292
240	292
244	292
203	293
189	294
193	294
177	295
229	295
237	295
252	295
273	295
174	296
248	296
119	297
151	297
224	297
229	297
284	297
245	298
269	298
272	298
213	299
223	299
252	299
284	300
155	301
174	301
211	301
245	301
267	301
237	302
238	302
117	303
178	303
194	303
196	303
198	303
199	303
203	303
231	303
274	303
134	304
254	304
281	304
138	305
141	305
231	305
154	307
221	308
207	309
211	309
233	309
273	309
282	309
159	310
203	310
212	310
267	310
121	311
196	311
200	311
202	311
233	311
127	312
141	312
166	312
178	312
191	313
226	313
246	313
277	313
234	314
142	315
221	315
224	315
262	316
212	317
216	317
202	318
205	318
122	319
159	319
199	319
233	319
248	319
163	320
233	320
141	321
224	321
239	321
263	322
268	322
181	323
217	324
233	325
239	325
205	326
199	327
210	327
218	327
220	327
133	328
187	328
189	328
201	328
253	328
201	331
210	331
218	331
241	332
243	332
266	333
208	334
235	335
255	335
187	337
198	337
246	338
269	338
199	339
218	339
222	339
235	342
240	342
162	343
171	344
234	344
229	346
241	346
190	347
222	347
223	347
236	347
205	348
157	349
158	349
210	349
163	351
223	351
