614
195	3
105	5
106	5
197	5
106	6
90	7
143	7
75	8
99	8
51	9
60	10
82	10
153	11
127	12
168	12
38	13
41	14
100	14
101	14
106	14
94	15
198	15
60	20
162	20
60	21
42	22
90	22
30	23
43	23
98	25
101	25
209	25
118	26
125	30
161	30
98	32
159	32
58	33
133	33
28	34
48	34
59	34
37	35
170	35
195	37
180	38
147	39
213	39
127	41
160	41
54	42
68	42
70	42
89	42
28	43
136	44
17	45
25	45
46	45
49	45
147	46
186	46
183	47
216	48
34	49
165	49
145	50
70	51
75	51
89	51
16	53
52	53
94	53
192	53
211	53
42	55
109	56
222	57
17	58
31	58
137	58
76	59
204	59
211	59
86	61
91	61
121	61
127	61
194	61
196	61
201	62
62	63
181	63
220	63
24	64
96	64
129	64
46	65
186	65
149	66
22	67
45	67
109	67
172	67
176	67
201	68
215	68
37	69
109	70
120	71
224	71
125	72
197	72
73	73
86	73
135	73
188	73
57	74
117	74
177	74
99	75
199	75
204	75
106	76
42	77
118	77
141	77
31	78
92	78
97	78
131	79
185	81
202	81
110	82
73	83
114	83
39	84
53	84
55	84
141	84
154	84
88	85
132	86
137	86
147	87
21	88
214	88
107	89
126	89
183	89
229	89
183	90
205	90
217	90
147	91
93	92
126	93
112	94
140	94
56	95
122	95
34	96
177	98
186	98
193	98
106	99
160	99
89	100
104	100
140	100
154	100
156	100
137	101
113	102
112	104
124	104
140	106
187	106
194	106
47	107
25	108
104	108
55	109
66	109
157	109
68	110
107	110
116	110
121	110
55	113
78	113
178	113
47	114
157	114
169	114
195	114
61	115
88	115
147	116
47	118
22	119
47	119
61	119
67	119
78	119
111	119
147	119
169	120
179	120
85	121
140	121
162	121
172	121
235	121
102	122
37	124
162	124
204	124
44	126
87	126
93	126
101	126
59	127
67	127
221	127
75	128
121	128
61	129
79	130
94	131
163	131
164	131
172	132
49	133
155	133
57	134
61	134
164	134
202	134
36	135
45	135
105	135
138	135
24	136
79	136
135	137
230	137
41	138
45	138
79	138
113	138
63	139
71	139
84	139
71	141
109	141
122	141
115	142
78	143
58	144
84	144
94	144
96	144
115	144
145	144
82	145
111	145
135	145
175	146
41	147
182	147
70	149
135	150
175	150
82	151
118	151
147	151
169	151
102	152
140	153
180	153
73	155
75	155
130	155
86	156
215	156
235	158
77	159
180	159
189	160
64	162
189	162
50	163
191	163
160	164
169	164
55	165
91	165
205	165
240	165
169	166
179	166
82	167
90	167
224	167
82	168
197	168
204	168
98	169
196	174
203	174
66	175
91	175
141	175
160	175
168	175
61	176
150	176
213	176
218	176
82	177
48	178
89	178
203	178
37	179
189	179
210	179
194	180
196	180
229	180
261	181
201	182
264	182
81	184
72	185
85	185
140	186
210	186
37	187
42	187
100	187
146	187
218	187
236	187
267	187
107	188
160	188
168	188
187	188
193	188
215	188
165	189
176	189
172	190
176	190
49	191
92	191
184	191
193	191
200	191
200	192
129	193
146	193
206	193
37	194
137	194
155	194
177	194
184	194
40	195
165	195
234	195
49	196
155	196
169	196
215	196
30	197
94	197
162	197
194	197
232	197
52	198
146	200
169	200
71	201
78	201
152	201
174	201
238	201
260	202
152	203
205	204
218	204
52	205
115	205
161	205
209	205
33	206
47	206
89	206
157	206
164	206
35	207
123	207
237	207
47	209
70	209
181	211
237	211
71	212
92	212
154	212
156	212
163	213
164	213
186	214
189	214
48	215
71	215
77	215
142	215
152	215
168	215
224	215
235	215
179	216
194	216
239	216
230	217
264	217
184	218
206	218
160	220
223	220
210	221
213	221
151	222
164	222
262	222
33	224
70	224
218	224
245	224
216	225
132	226
42	228
253	229
36	230
106	230
115	231
199	231
228	231
125	232
135	232
202	234
242	234
76	235
94	235
37	236
85	236
174	237
70	238
212	238
228	238
84	239
218	239
231	239
86	240
216	240
177	241
102	243
112	243
225	244
90	247
119	247
91	248
113	248
232	248
217	251
237	251
250	251
120	252
215	252
210	253
247	255
94	256
153	256
145	257
148	257
197	258
243	259
37	260
105	261
199	261
96	262
149	262
153	262
158	262
214	262
210	263
96	266
106	266
159	266
207	267
246	267
245	268
215	269
38	270
220	270
70	273
167	273
156	274
81	275
228	275
239	275
240	275
148	276
175	276
38	279
171	279
206	280
81	281
228	282
231	282
222	283
154	284
153	285
240	285
44	286
185	286
183	287
169	288
230	289
89	291
161	291
163	291
205	291
214	291
175	292
156	294
180	294
184	294
203	294
171	295
155	296
188	296
184	297
194	297
171	298
214	298
205	299
212	299
42	300
229	302
88	303
149	304
50	305
165	305
194	305
198	306
211	306
158	308
218	308
42	309
231	309
199	310
152	311
213	312
216	312
46	313
238	314
238	315
217	316
58	317
59	317
46	318
186	318
204	318
69	321
214	321
205	322
225	322
184	325
191	325
192	325
45	327
215	327
217	327
174	328
111	330
185	330
209	330
174	331
219	333
111	336
133	337
47	339
174	341
175	341
125	342
175	345
75	348
81	348
174	348
196	350
54	351
87	351
168	351
60	352
99	352
112	352
117	352
163	352
175	352
