464
81	35
109	35
74	36
134	36
149	36
99	37
114	37
118	37
75	38
105	38
131	38
126	39
146	39
141	40
148	40
133	41
99	47
158	48
168	50
94	51
111	51
170	51
104	53
82	57
61	59
61	60
71	61
154	61
172	61
164	62
153	63
61	67
43	68
159	69
70	70
75	71
87	71
85	72
124	73
191	73
35	75
210	75
52	77
165	79
202	79
62	80
43	82
71	82
124	83
36	84
112	84
100	85
164	87
216	88
49	90
175	90
66	91
112	91
199	92
117	93
78	94
100	94
87	95
98	95
107	95
111	95
173	97
212	97
220	97
196	98
36	99
42	99
197	100
48	102
58	102
140	103
77	104
212	104
87	105
97	105
107	105
86	106
162	107
209	107
169	109
194	109
57	112
140	112
185	114
198	114
121	115
150	115
212	115
77	116
87	116
108	116
64	117
160	117
92	118
59	119
174	120
32	121
234	121
173	122
197	122
205	122
207	122
24	123
219	123
121	124
137	124
63	126
68	126
106	126
151	126
61	127
74	127
77	127
92	127
151	127
162	127
209	127
216	127
83	128
197	130
204	130
209	130
161	131
205	131
216	131
27	133
96	133
99	133
193	133
101	134
130	135
136	135
74	136
118	136
120	136
152	136
52	137
61	137
69	137
72	137
82	137
150	137
139	138
150	138
173	138
84	139
205	139
75	141
228	141
170	142
218	142
199	143
222	143
137	144
210	144
254	144
121	146
130	146
132	146
141	146
139	147
48	148
58	148
244	148
139	149
47	150
57	150
135	150
47	151
54	151
251	151
258	152
48	153
143	153
224	153
234	153
242	153
77	154
255	154
267	154
38	155
95	155
87	156
110	156
114	156
224	156
108	157
192	157
266	157
62	158
187	158
189	158
215	158
282	158
27	159
130	159
176	160
276	160
162	161
251	161
96	162
132	162
140	162
294	163
96	164
120	164
168	164
263	164
87	165
93	165
40	166
112	166
183	166
195	166
280	166
268	167
249	168
262	168
279	168
281	168
283	168
28	170
34	170
93	170
125	171
130	171
256	172
276	172
130	173
136	173
266	173
286	173
240	174
246	174
272	174
298	174
30	175
100	175
240	175
164	178
136	179
171	179
293	179
130	180
156	180
161	180
199	180
117	181
209	181
281	181
129	182
182	182
202	182
275	183
142	184
147	184
191	185
118	186
120	186
277	186
93	187
158	187
162	187
287	187
115	190
130	191
246	191
123	192
233	192
265	193
132	194
276	194
285	194
279	195
100	196
106	196
146	197
172	197
268	197
107	198
280	198
78	199
121	199
156	199
70	200
114	200
149	200
243	200
122	201
130	201
257	201
40	202
100	202
252	202
49	203
133	203
204	203
280	203
197	204
224	204
216	205
268	205
71	206
283	206
285	206
146	207
245	207
99	208
103	208
138	208
227	209
234	209
121	210
148	210
113	211
130	212
242	212
252	212
124	213
270	213
149	214
236	214
282	214
246	215
276	215
235	218
134	220
227	220
268	220
152	223
278	224
242	226
150	229
95	230
107	230
141	230
147	231
258	231
236	233
246	233
100	239
118	239
147	239
261	239
141	240
268	240
98	241
122	241
269	241
249	242
243	243
205	245
252	245
57	247
65	247
130	249
119	250
215	250
257	250
261	250
220	251
234	251
231	252
245	252
247	252
89	253
99	253
138	253
135	254
201	255
220	255
102	256
108	256
224	256
57	257
49	259
80	259
89	259
224	259
240	259
199	260
239	261
117	262
205	262
113	264
205	264
214	265
218	266
239	266
209	267
237	267
41	269
52	270
46	272
234	272
82	273
75	274
201	274
233	274
194	275
207	275
209	278
231	282
201	283
184	285
211	287
61	290
40	292
58	292
185	292
211	292
190	293
67	295
226	295
212	296
71	299
154	299
223	299
80	300
159	300
42	301
52	306
216	306
159	307
67	310
77	310
77	311
78	314
47	317
112	320
83	321
185	321
206	321
206	322
82	323
140	323
77	324
195	324
113	328
124	330
111	332
145	333
152	333
64	335
85	337
123	337
45	339
192	339
68	341
82	341
89	351
150	351
52	352
55	352
77	352
80	352
94	352
109	352
117	352
