641
87	3
90	4
138	4
78	6
78	7
106	8
103	9
95	10
119	10
182	10
190	12
140	13
177	15
90	17
93	17
171	18
162	19
67	20
58	21
89	21
163	21
155	23
186	23
108	24
204	26
78	27
199	27
94	28
142	28
77	29
118	29
56	30
86	30
182	30
73	31
83	31
101	31
121	31
158	31
162	32
170	32
102	33
117	34
147	34
49	39
83	39
94	39
102	39
139	41
197	41
136	45
154	45
121	47
166	49
214	49
51	50
165	50
209	51
110	53
155	55
154	56
219	56
228	57
212	58
228	58
159	61
121	62
219	62
53	63
220	65
120	67
121	67
156	68
82	70
60	71
171	74
32	76
52	76
32	77
131	77
160	77
227	77
146	78
167	78
28	79
41	79
65	79
78	80
80	80
222	80
92	81
157	81
144	82
55	83
122	83
180	84
23	85
65	85
73	85
115	85
114	86
24	87
169	87
172	87
214	87
42	89
146	89
207	89
162	90
122	91
31	92
55	92
227	92
234	92
37	93
92	93
153	93
37	94
100	94
98	95
124	95
21	96
175	96
245	96
56	97
110	97
28	98
37	98
172	99
175	99
108	100
202	101
182	102
66	103
86	103
123	103
135	103
212	103
218	103
22	104
53	104
145	104
183	105
26	106
64	106
148	106
187	106
52	107
234	107
244	107
72	108
75	108
227	108
234	108
56	109
206	110
22	111
144	111
87	112
103	112
194	112
221	112
226	112
80	113
93	113
213	113
71	114
110	114
188	114
219	114
207	115
26	116
41	117
44	117
55	117
73	117
228	117
234	117
60	118
111	118
118	118
67	119
61	120
73	120
234	120
259	121
262	121
93	122
238	122
244	122
93	123
99	123
101	123
228	123
253	124
80	125
199	125
208	125
37	127
39	127
50	127
61	127
110	127
244	127
252	127
93	128
99	128
183	128
189	128
57	129
199	129
47	130
101	130
92	131
192	131
202	131
209	131
252	131
238	132
260	132
261	132
183	133
210	133
218	133
80	134
177	134
229	134
101	136
247	136
210	137
47	138
57	138
94	138
106	138
203	138
125	139
265	139
87	140
264	140
80	141
178	141
185	141
119	142
222	142
229	142
168	143
239	143
231	144
237	144
68	145
161	145
267	146
71	147
178	148
83	149
106	149
173	149
77	150
36	151
273	151
40	152
105	152
222	152
231	152
113	153
152	153
213	153
221	153
255	153
133	154
143	154
195	154
262	154
188	155
198	156
203	156
238	156
143	157
163	157
245	157
255	157
159	158
213	158
262	158
95	159
164	159
188	159
205	159
263	159
47	160
139	160
166	160
174	160
183	160
277	160
39	161
159	161
274	161
192	162
284	162
290	162
53	163
254	163
73	165
166	165
174	165
62	166
114	166
127	166
159	166
274	166
95	167
168	167
238	167
242	167
213	168
122	169
175	169
207	169
214	169
177	170
183	170
189	170
170	171
229	171
284	172
95	173
159	173
247	173
103	174
152	174
104	175
114	175
130	176
199	176
206	176
268	176
271	176
294	176
160	177
213	177
293	177
126	178
143	178
181	178
206	178
152	179
245	180
164	181
170	181
198	181
260	181
152	183
213	183
147	184
206	184
144	185
42	186
214	186
228	186
234	186
34	187
90	187
97	187
171	187
234	187
241	187
296	187
288	188
164	189
174	189
179	189
29	190
266	190
190	191
258	191
264	191
277	191
33	192
156	192
164	192
243	193
248	193
79	194
135	194
198	194
277	194
279	194
291	194
33	195
205	195
257	195
271	195
262	196
112	197
85	200
132	200
256	200
261	200
127	201
133	201
167	201
248	201
298	203
278	205
296	205
106	206
127	206
167	206
73	207
77	207
142	207
175	207
214	207
117	208
219	208
141	209
63	210
248	210
127	211
85	212
102	212
114	212
285	212
205	213
266	213
82	214
128	214
137	214
152	214
209	214
227	215
174	216
184	216
244	216
194	217
237	217
106	218
130	218
191	218
200	218
80	219
110	219
284	220
184	221
259	221
72	222
145	222
170	222
189	222
209	222
71	223
112	223
138	223
219	223
95	224
109	224
235	224
33	225
241	225
110	227
138	227
45	228
100	228
44	229
64	229
87	229
116	229
232	229
282	229
205	230
273	230
221	232
78	233
164	233
203	233
44	235
122	235
210	235
69	236
253	236
103	237
105	237
139	238
145	238
166	238
217	238
258	239
106	240
121	240
145	240
269	240
277	240
274	241
40	242
215	242
86	243
189	244
248	245
190	246
197	246
257	246
139	247
149	247
263	247
144	248
146	248
42	250
230	250
68	251
119	251
208	251
228	251
246	251
36	252
235	252
280	252
39	254
124	255
160	255
146	256
146	257
239	259
160	261
221	261
77	262
240	262
119	263
121	263
228	263
105	264
146	265
194	265
192	266
235	266
127	268
281	268
110	269
185	269
142	270
197	270
39	271
269	271
118	273
193	274
283	276
126	277
265	277
282	277
131	278
140	282
157	282
163	282
133	283
193	283
268	283
220	284
70	285
158	285
170	285
278	285
283	285
166	286
76	287
185	287
281	288
238	289
256	289
166	291
265	291
139	292
273	293
79	294
269	294
45	295
231	295
260	295
217	296
184	297
259	297
175	298
44	299
146	301
152	301
211	301
51	302
73	302
224	303
252	303
78	306
217	306
224	306
231	307
241	307
139	308
268	308
161	309
196	310
211	310
267	312
231	313
99	314
138	314
54	316
240	316
275	316
90	317
55	318
131	321
80	322
258	322
83	323
139	324
275	325
63	326
79	326
275	326
91	327
268	328
259	332
119	334
258	334
259	335
125	337
250	341
251	342
125	346
131	347
78	348
214	348
114	349
180	350
80	352
83	352
100	352
118	352
122	352
163	352
174	352
204	352
239	352
