461
180	6
168	8
148	13
173	14
155	16
186	18
201	20
122	21
227	21
146	22
155	22
191	22
177	26
190	26
157	28
234	28
235	28
160	29
188	31
211	31
213	31
98	32
205	33
159	36
212	36
231	38
219	39
167	43
86	45
211	46
173	47
241	47
165	49
229	49
169	51
109	52
205	53
241	53
143	54
235	55
238	55
156	59
219	59
92	61
97	61
127	61
82	62
110	62
113	62
214	63
238	63
165	64
92	65
127	65
229	65
250	65
142	66
202	66
121	67
82	68
123	68
151	68
242	68
156	71
159	71
163	71
96	72
229	72
94	73
171	73
209	73
111	74
220	74
123	76
122	77
128	77
201	77
243	77
86	78
142	78
167	78
200	79
75	80
144	80
172	80
234	80
111	81
220	81
81	82
88	82
116	82
72	83
92	83
217	83
234	83
104	84
226	85
128	87
226	87
134	88
143	88
171	88
103	89
110	89
112	89
115	89
165	89
191	90
147	91
268	91
125	92
221	92
72	93
166	93
242	93
248	93
153	94
189	95
136	96
229	96
118	97
177	97
90	98
93	98
125	98
152	98
106	99
151	99
157	99
223	99
117	101
267	101
109	103
253	103
182	104
214	104
223	104
187	106
208	106
217	106
247	106
185	107
146	108
85	109
107	112
246	112
255	112
237	113
239	113
248	113
267	114
155	115
163	115
229	115
209	116
129	118
139	118
201	118
248	118
256	118
184	119
65	120
95	120
117	120
183	120
104	121
223	121
229	121
121	122
105	124
148	125
257	125
249	126
163	129
114	130
227	130
231	130
268	130
276	130
117	131
185	132
103	133
131	133
179	134
277	134
125	135
127	135
95	136
101	136
160	136
111	137
64	138
115	138
127	138
179	138
216	138
251	138
259	138
174	139
208	139
50	140
59	140
133	140
151	140
189	140
261	140
241	141
234	142
121	143
179	144
198	144
50	145
133	146
193	146
200	146
242	146
250	146
191	147
233	147
260	147
169	148
226	148
251	149
258	149
226	150
236	150
268	150
58	151
209	151
219	151
275	151
40	152
135	152
205	152
75	153
219	153
67	154
175	154
41	155
48	155
50	155
162	155
161	156
236	157
243	157
251	157
252	157
258	157
100	158
284	158
268	159
274	159
206	160
222	160
43	161
150	162
159	162
217	162
54	163
59	163
162	163
194	163
42	164
100	164
108	164
190	164
265	164
259	165
167	166
197	166
204	166
206	166
214	166
224	166
251	168
258	168
172	173
179	173
251	173
266	173
226	174
272	174
279	175
52	176
162	176
51	177
61	178
175	178
53	179
207	179
215	179
242	179
249	179
299	179
177	180
207	181
224	181
265	181
269	181
199	182
231	182
258	182
182	185
287	186
306	186
167	187
169	187
231	187
239	187
37	188
177	188
209	188
45	189
157	190
302	190
222	191
229	191
152	192
77	193
69	194
171	195
51	198
146	198
256	198
303	198
145	199
134	200
155	200
170	200
262	200
273	200
133	201
289	201
61	204
180	204
252	204
124	205
126	205
174	205
227	205
58	206
70	206
234	206
93	207
161	207
246	208
303	208
65	209
87	211
183	211
225	211
172	213
231	213
270	213
108	214
223	214
260	214
275	214
183	216
264	216
79	218
120	218
302	218
284	219
218	220
289	221
240	222
114	223
86	224
124	224
165	224
149	227
163	229
66	230
108	237
102	238
283	239
209	241
288	241
295	246
187	247
211	248
268	248
211	250
276	250
294	250
298	251
68	253
279	253
180	255
187	255
190	256
212	257
177	258
183	260
267	260
190	262
224	263
212	267
69	268
110	268
290	268
226	269
151	270
116	272
213	273
217	273
148	276
117	279
218	280
207	281
117	282
112	284
286	285
294	290
200	291
290	291
187	295
264	296
200	299
201	299
264	299
270	299
150	300
84	301
157	304
272	306
129	307
201	307
212	307
128	310
255	310
286	310
141	311
278	311
257	315
213	316
149	317
284	322
99	330
186	332
117	333
274	337
123	338
185	339
112	341
210	342
272	342
261	346
221	349
192	350
203	350
210	350
275	350
126	351
141	351
158	351
132	352
146	352
168	352
273	352
