493
186	13
194	15
161	21
199	25
194	26
197	26
207	26
193	28
210	29
165	30
221	30
111	33
196	37
140	39
151	39
111	41
214	43
172	45
189	45
216	45
203	46
194	47
148	49
216	49
91	50
194	53
212	53
164	55
176	57
193	57
208	60
85	61
247	64
85	71
177	72
96	75
83	77
85	77
175	77
231	77
244	78
113	79
88	80
137	80
105	81
192	81
96	82
239	82
224	83
226	83
105	85
186	85
88	86
161	86
96	87
133	87
170	87
80	88
87	88
98	88
114	88
118	88
214	89
219	89
147	91
94	92
109	92
176	92
255	92
87	93
133	93
212	93
247	94
87	95
102	96
233	96
118	97
126	97
96	98
223	99
226	99
116	101
109	102
126	102
146	102
187	102
217	102
248	102
124	103
77	104
176	104
178	106
185	106
242	106
166	107
99	108
154	108
161	108
226	108
80	109
84	110
219	110
222	110
76	111
97	111
110	111
140	113
177	113
170	114
213	114
149	115
151	115
197	115
107	116
126	117
130	117
171	117
254	117
113	118
236	118
247	118
109	119
255	119
195	120
248	121
141	123
148	123
156	123
236	123
77	124
134	124
156	124
229	124
240	124
98	125
131	126
109	127
229	129
259	129
70	130
114	130
70	131
223	131
252	131
152	133
242	133
126	136
90	137
65	138
152	138
242	138
253	138
261	138
235	139
282	139
243	140
172	141
272	141
281	141
282	142
134	143
144	143
177	147
100	149
108	149
283	149
59	150
244	150
256	150
263	150
146	151
238	151
171	152
199	152
67	153
78	153
168	153
170	153
219	153
229	153
283	153
192	154
222	154
183	155
58	156
119	156
213	156
246	157
291	157
122	158
240	158
165	160
284	160
89	161
98	161
202	161
66	162
157	162
180	162
187	162
195	163
257	163
264	163
165	164
222	164
100	165
107	165
53	166
67	166
216	166
247	166
204	167
265	167
273	167
294	167
241	168
63	169
195	169
197	169
60	170
70	170
225	170
176	171
233	171
240	171
50	172
74	172
52	173
258	173
262	173
105	174
170	174
177	174
115	175
233	175
43	176
69	176
120	176
190	177
227	177
220	179
199	180
220	180
52	181
61	181
181	181
192	181
46	182
174	182
264	182
157	184
93	185
235	185
165	186
182	186
240	186
85	187
210	187
290	187
174	188
228	188
231	188
273	188
197	189
280	189
174	190
240	190
248	190
167	191
213	191
220	191
58	193
62	193
63	193
262	194
273	194
279	194
129	195
137	195
186	195
167	196
67	197
175	197
265	198
272	198
58	199
304	199
232	200
239	200
61	201
179	201
304	201
186	203
194	203
142	204
184	204
185	204
54	205
167	205
206	205
215	205
298	205
303	205
130	206
303	206
163	207
257	207
78	208
264	208
265	208
70	210
195	210
205	210
146	211
172	211
179	211
58	212
134	212
218	212
179	213
302	213
303	213
58	214
182	214
167	215
229	216
284	216
156	217
237	217
83	218
178	218
290	218
62	219
70	219
218	219
302	219
88	220
147	222
152	222
224	222
177	223
79	224
128	224
299	224
141	225
118	226
188	227
263	227
269	228
67	231
278	231
243	233
250	234
70	235
188	235
232	236
60	237
110	237
144	237
294	237
259	238
277	238
102	239
188	239
229	239
238	239
105	240
264	240
95	241
249	241
137	242
65	243
127	244
225	244
253	244
118	246
212	247
151	249
252	250
66	251
132	251
159	251
215	251
123	252
145	252
288	252
145	256
284	258
91	260
292	260
283	261
141	262
289	262
85	263
118	265
208	267
124	270
194	271
72	274
275	274
200	279
174	281
289	281
242	282
184	284
276	284
214	286
244	286
174	290
226	290
79	292
95	292
214	292
219	292
240	292
90	293
94	293
182	293
212	296
227	296
86	297
118	297
292	297
123	298
219	298
241	298
282	299
213	301
79	303
90	305
233	305
279	305
127	306
184	307
206	307
284	307
95	308
77	309
284	309
85	310
235	311
186	313
291	314
199	316
277	316
284	316
290	316
185	319
191	319
270	319
259	321
135	322
148	322
269	322
191	323
199	323
200	325
250	325
269	325
133	326
146	326
157	326
290	326
258	327
281	327
275	328
251	330
165	331
199	332
135	333
201	333
133	336
148	338
283	338
264	341
154	342
200	342
273	345
258	347
267	350
123	351
137	351
166	351
190	351
249	351
109	352
111	352
126	352
141	352
151	352
155	352
171	352
267	352
