456
164	14
190	20
129	21
153	22
200	22
209	23
216	24
149	25
222	26
198	29
194	30
205	30
222	34
162	35
205	39
193	41
94	43
146	43
130	44
121	45
139	45
170	45
235	46
107	47
211	47
213	48
170	49
190	49
200	49
226	49
171	50
213	52
147	55
208	55
88	56
177	58
159	60
189	60
213	60
212	61
225	62
83	67
223	69
205	70
194	73
193	74
223	74
214	76
175	78
218	78
164	79
94	81
171	81
175	81
242	81
84	82
165	82
208	83
178	84
237	84
84	85
133	85
222	85
260	85
79	86
94	88
157	89
226	90
223	91
263	91
131	92
167	93
264	93
212	94
217	94
79	95
85	95
117	95
131	97
134	97
143	97
85	98
152	98
174	98
209	98
267	98
135	99
229	99
99	101
117	101
125	101
166	101
197	101
222	101
227	101
266	102
259	104
94	105
88	107
97	107
203	107
112	108
143	108
174	108
186	108
247	109
75	110
106	110
241	110
147	111
174	111
183	112
87	113
114	115
90	116
229	117
251	117
74	118
244	118
146	119
166	119
195	119
82	120
85	120
146	120
226	120
252	120
113	121
115	121
224	121
246	121
264	121
270	121
281	122
97	123
107	123
127	123
157	123
154	124
171	124
192	124
124	125
107	126
179	126
233	126
253	126
113	127
229	127
248	127
121	128
265	128
144	129
146	129
153	129
129	130
278	130
75	131
85	131
97	131
288	131
107	132
113	132
162	132
259	132
93	133
120	133
229	133
68	135
113	135
126	135
209	135
222	135
288	135
104	136
127	137
143	137
151	138
203	138
85	140
92	140
239	141
289	141
290	141
58	142
112	142
233	142
250	142
251	142
260	142
101	143
116	143
241	143
261	143
123	144
280	144
131	145
90	146
144	146
58	147
136	147
241	147
270	147
290	147
184	148
233	148
226	149
234	149
263	149
274	151
280	151
75	153
77	153
99	153
108	153
109	153
119	153
228	153
234	153
290	153
144	154
150	154
133	155
189	155
155	156
157	156
235	157
142	158
218	158
229	158
281	161
290	161
199	162
229	162
192	163
202	163
222	163
180	165
179	167
294	167
157	168
256	168
263	168
238	170
246	170
58	171
59	171
184	173
232	174
238	174
88	175
66	176
80	176
189	176
239	177
65	178
214	178
233	178
241	178
60	179
205	179
208	179
256	179
262	179
103	180
215	181
200	182
208	182
54	183
68	183
219	183
190	184
201	184
280	184
272	185
233	186
241	186
227	187
234	187
239	187
249	187
256	187
264	187
222	189
272	190
279	190
154	191
193	193
205	193
209	193
57	194
305	194
62	195
230	195
258	195
173	196
63	197
104	197
112	197
166	197
137	198
304	198
72	199
140	199
220	199
272	199
296	199
213	200
277	200
257	201
287	201
295	201
270	202
171	203
247	203
304	203
74	204
166	204
67	206
141	206
159	206
166	206
221	206
229	206
277	206
213	207
221	207
270	207
284	207
167	208
264	208
276	208
184	209
119	210
207	211
213	211
230	211
144	212
247	212
239	213
205	214
207	214
255	214
293	214
77	215
299	215
216	216
70	217
122	217
228	220
283	220
216	221
289	222
123	224
196	224
224	224
237	224
70	226
192	226
243	226
262	226
269	227
70	229
74	229
77	229
88	229
153	229
151	230
177	230
298	230
79	231
127	231
252	231
259	232
243	235
278	235
134	236
249	237
295	237
68	238
75	240
72	241
259	241
219	242
264	242
276	242
133	243
300	243
188	245
224	245
93	250
118	252
244	252
98	255
176	255
89	257
91	257
151	257
156	257
123	259
147	261
176	262
74	265
297	268
115	270
127	270
118	271
279	271
110	273
284	274
194	284
199	285
294	290
78	292
199	292
199	293
80	295
110	295
240	296
220	297
106	298
91	300
233	300
199	301
220	302
242	302
77	303
85	303
87	303
233	308
292	308
216	310
127	312
136	315
143	321
292	321
200	322
185	324
284	324
273	326
274	326
200	329
92	335
148	342
167	343
156	348
171	349
118	351
144	351
159	351
175	351
131	352
149	352
163	352
182	352
242	352
259	352
