458
118	14
136	15
143	16
170	22
177	22
111	24
189	26
196	27
205	29
184	33
117	34
103	35
106	37
124	37
204	38
141	41
159	41
183	41
86	44
173	45
74	46
211	46
155	49
158	49
189	49
181	52
192	52
223	53
192	54
126	56
83	57
73	58
188	58
69	59
172	59
157	60
139	63
141	63
170	64
185	66
63	70
140	70
240	72
240	74
203	77
216	77
98	78
192	79
153	80
197	80
229	80
73	82
212	82
65	83
151	84
153	84
222	84
226	84
98	85
188	86
92	87
57	88
65	88
113	88
217	88
228	88
82	89
73	90
57	91
202	91
54	93
110	94
113	94
232	94
65	96
94	96
97	96
221	96
58	97
73	97
146	97
190	97
197	97
190	98
124	99
84	100
115	100
154	100
156	100
110	101
115	101
72	102
209	102
210	102
225	102
78	103
97	103
177	103
63	104
146	104
238	104
245	104
201	105
73	106
75	106
207	106
201	107
69	108
194	108
154	109
214	109
218	109
225	109
116	110
183	110
95	111
105	111
111	111
124	111
130	111
207	111
220	111
128	112
53	114
156	115
202	115
203	116
205	116
46	119
54	119
62	119
111	120
67	122
119	122
143	122
146	122
107	123
174	123
244	123
249	123
68	124
75	124
126	124
171	124
150	125
108	126
87	127
134	127
212	127
225	127
141	128
159	129
206	129
259	129
119	130
214	130
54	131
126	131
228	131
134	132
55	133
65	133
206	133
250	133
72	135
75	135
206	135
200	136
207	137
202	140
131	141
43	142
45	144
81	145
68	146
91	146
214	146
220	146
229	146
89	147
110	147
222	147
134	148
232	148
239	148
123	150
122	151
174	151
101	153
214	153
249	153
167	154
207	154
240	154
89	155
98	155
105	155
240	156
41	157
134	157
232	157
112	158
115	158
124	158
226	158
233	158
44	159
259	160
209	161
215	161
252	161
198	162
191	164
243	164
252	164
253	165
260	165
32	166
260	166
269	166
32	167
180	167
173	168
136	169
282	169
209	170
39	171
67	171
203	171
292	171
78	172
108	172
225	172
33	173
118	173
136	173
269	173
219	174
33	176
164	176
219	176
244	176
251	176
183	177
212	177
229	177
231	177
176	178
67	179
78	180
170	180
176	180
194	180
82	181
235	181
242	181
60	182
71	182
188	182
251	182
259	182
48	186
204	186
40	187
180	187
236	190
242	190
269	191
212	192
219	192
243	192
250	192
206	193
165	194
250	194
71	195
145	195
164	195
258	195
174	196
189	196
64	197
185	197
243	197
250	197
280	197
152	198
192	198
199	198
146	199
51	201
99	202
236	202
239	202
96	203
44	204
164	204
251	204
155	205
193	205
199	205
211	206
53	207
147	207
155	208
243	208
264	208
45	209
151	209
137	210
243	210
163	211
195	211
200	211
227	211
235	211
131	212
163	213
254	213
209	216
56	217
185	217
217	217
48	218
195	219
286	219
153	220
161	221
38	222
162	222
174	223
292	223
262	224
187	225
268	226
277	227
49	228
126	228
289	228
62	229
103	230
44	231
54	231
96	232
170	232
156	233
131	234
232	234
223	235
238	236
229	237
286	237
222	240
54	241
77	241
228	241
285	241
48	243
237	244
57	245
71	245
281	245
123	246
243	246
50	247
167	248
141	249
235	249
253	249
259	250
117	251
97	255
226	255
268	255
150	256
229	256
240	256
274	257
140	258
131	260
133	260
55	261
148	261
284	262
103	263
125	263
129	263
264	265
269	266
126	267
231	267
131	268
82	269
75	271
105	272
135	274
102	277
174	281
51	283
260	286
174	288
153	289
255	291
168	293
117	294
116	295
212	295
272	295
48	297
57	298
90	298
152	299
200	300
85	301
214	301
54	302
95	306
200	307
91	309
77	311
105	313
266	313
74	315
164	315
193	315
201	315
57	320
202	322
162	325
187	325
176	326
165	328
170	328
252	329
165	330
262	331
117	332
176	332
178	333
187	333
252	335
115	336
177	340
258	343
80	351
106	351
120	351
170	351
206	351
93	352
96	352
109	352
133	352
136	352
147	352
152	352
230	352
241	352
