587
75	5
77	5
119	5
90	6
182	6
158	7
192	8
86	9
139	9
167	9
175	9
192	9
113	11
142	11
77	12
197	12
104	13
88	15
123	16
153	16
171	16
130	17
71	19
76	19
138	19
205	19
106	21
77	22
88	22
137	22
90	23
130	24
65	25
101	25
104	25
95	26
155	26
115	27
128	29
93	30
148	30
182	30
192	30
96	31
64	33
132	33
82	34
87	34
145	34
195	34
46	35
67	36
126	38
131	38
153	39
165	40
195	40
189	41
114	42
117	42
87	43
174	43
121	44
129	44
145	44
171	44
98	45
105	45
99	47
102	47
169	47
75	48
216	48
52	49
84	49
132	49
81	50
140	50
155	50
162	50
91	51
202	51
97	52
173	52
179	52
185	52
179	55
185	55
99	56
131	56
62	57
89	57
43	58
120	58
195	58
61	59
113	59
154	59
189	59
41	60
171	60
176	61
78	62
152	62
87	63
142	63
144	63
57	64
83	64
94	64
136	64
49	65
50	65
83	66
92	66
190	66
32	67
114	67
176	67
68	68
79	70
92	70
163	70
100	71
49	72
190	72
149	73
40	74
171	74
169	75
173	75
38	76
183	76
133	78
31	82
31	83
147	84
98	85
159	85
39	86
47	86
152	86
175	87
169	88
204	88
116	89
123	89
197	89
86	90
108	90
38	91
27	92
89	92
123	92
134	92
38	94
47	94
137	94
116	97
122	97
233	97
21	98
133	98
137	98
197	99
192	101
209	101
216	101
217	101
224	101
37	104
21	105
34	105
107	105
26	107
49	107
210	107
40	108
216	108
131	109
126	110
173	110
51	111
57	111
118	111
167	111
131	112
174	113
216	113
224	113
168	114
210	115
216	116
67	117
24	118
57	118
59	118
141	118
31	119
159	119
51	120
205	120
152	121
187	122
194	122
216	123
224	123
107	124
110	125
165	126
25	128
205	128
112	129
136	129
198	129
108	130
61	132
67	132
197	132
33	133
192	133
28	134
179	134
159	135
173	135
143	136
216	136
224	136
129	139
135	139
143	139
208	139
213	139
32	140
81	141
135	142
160	142
166	142
77	143
130	143
166	144
172	144
136	145
138	145
147	145
198	145
205	145
131	146
181	146
189	146
55	147
77	147
215	147
222	147
249	149
250	149
32	150
152	150
161	150
147	151
172	151
179	151
233	152
67	153
199	153
205	153
217	154
171	155
249	156
188	158
196	159
216	159
238	160
242	160
59	161
65	161
47	162
145	162
116	163
153	163
159	163
232	163
37	164
40	164
110	165
203	165
29	166
231	167
147	168
151	168
233	168
276	168
40	171
70	171
194	171
213	171
240	171
281	171
217	172
34	173
176	173
204	173
269	173
166	174
182	174
193	174
209	174
276	174
97	176
128	176
162	176
167	176
28	177
126	177
155	177
147	178
83	179
167	179
232	179
142	180
47	181
56	181
198	181
208	181
247	181
254	181
277	181
93	182
214	182
282	182
177	183
162	184
36	185
153	185
190	185
229	185
232	185
47	186
30	187
142	187
232	187
259	187
45	188
214	188
221	188
246	188
71	189
86	189
189	189
242	189
246	189
77	190
218	190
220	190
205	192
225	192
160	193
275	193
90	194
159	194
218	195
45	196
83	196
193	196
32	197
48	197
150	197
222	197
225	197
41	198
199	198
201	198
230	199
58	200
138	201
177	202
215	202
217	203
52	204
146	205
168	205
206	205
161	206
208	206
230	208
84	209
136	210
232	210
235	210
250	210
179	211
208	211
242	211
248	211
201	212
240	212
144	213
204	213
211	213
77	214
102	214
37	215
69	216
172	216
240	216
124	217
192	217
244	217
220	218
79	219
129	221
262	222
90	223
213	224
67	225
210	225
97	228
210	228
45	229
69	229
76	230
41	231
221	231
60	233
201	233
54	234
224	234
239	234
34	235
83	235
242	237
156	238
89	240
121	240
242	240
189	241
59	244
189	244
83	246
107	246
157	246
36	248
197	248
97	249
225	249
231	249
65	250
35	251
123	252
90	253
164	255
230	256
37	257
133	260
131	261
213	261
197	262
246	262
120	263
164	263
150	264
233	264
215	265
232	265
199	268
132	269
38	273
249	274
40	279
151	280
71	282
96	282
210	282
102	283
221	283
231	285
212	286
52	287
140	287
70	289
66	291
212	291
124	293
236	293
243	293
55	294
171	294
234	294
240	294
217	295
70	298
199	298
194	299
226	299
123	300
43	301
114	301
171	301
125	302
142	303
152	304
194	304
45	307
68	307
112	307
56	309
183	309
42	310
52	310
142	310
187	310
152	311
166	312
231	315
54	316
187	316
240	316
46	317
204	317
81	321
99	321
127	321
143	321
150	321
151	322
195	322
228	322
72	323
113	325
60	326
141	326
187	326
88	327
79	328
118	328
180	328
123	330
128	330
141	330
73	331
86	331
169	331
45	332
60	332
152	332
55	333
129	333
160	333
62	334
185	334
136	335
138	335
179	336
74	338
76	338
144	338
168	338
113	339
159	339
160	339
71	341
132	342
207	342
86	344
119	344
159	344
72	345
149	345
77	347
46	348
55	348
69	348
83	348
78	349
112	351
46	352
71	352
85	352
96	352
101	352
121	352
127	352
138	352
146	352
167	352
176	352
186	352
