722
100	23
93	26
98	36
94	37
112	37
135	38
43	41
68	42
69	42
76	43
81	43
85	44
116	46
136	47
49	48
95	49
24	50
37	50
82	50
71	51
128	51
135	51
37	53
70	53
116	53
32	54
106	55
153	55
82	56
136	56
161	56
78	59
98	59
137	59
49	60
88	60
127	60
155	60
159	60
100	61
117	61
119	61
160	61
120	62
128	63
28	64
88	64
153	64
28	65
65	65
38	66
82	66
124	66
119	69
153	71
165	71
27	73
80	73
95	73
98	73
150	73
136	76
119	77
125	77
67	79
73	79
89	79
98	79
101	79
106	79
23	80
29	80
57	80
80	80
160	80
155	81
165	81
94	82
117	82
55	83
73	83
76	83
109	84
112	84
20	85
22	85
40	85
138	85
46	86
118	86
155	86
159	86
67	88
94	88
98	88
101	88
82	89
167	89
169	89
90	90
145	90
148	90
25	91
40	91
49	91
104	91
127	91
161	91
126	92
82	93
138	93
145	93
84	94
49	95
104	95
137	95
169	95
52	96
76	96
24	97
34	97
96	97
34	98
43	98
67	98
126	98
163	98
154	99
139	100
142	100
145	100
86	101
185	101
125	102
67	103
73	103
156	103
43	104
52	104
60	104
121	104
128	104
131	104
136	104
174	104
175	104
97	105
82	106
86	106
94	106
57	107
75	107
168	107
37	108
42	108
109	108
51	110
29	111
109	111
117	111
124	111
127	111
189	111
99	112
153	112
156	112
187	112
24	113
29	113
43	113
49	113
143	113
145	113
178	113
182	113
75	115
187	115
55	116
99	116
109	116
68	117
105	117
182	117
85	118
179	119
193	120
198	120
85	122
88	122
148	122
157	122
111	123
179	123
33	124
106	124
116	124
129	124
167	124
69	125
81	125
181	125
106	126
131	126
165	126
167	126
23	127
32	127
139	127
144	127
145	127
202	127
42	130
47	130
89	131
72	132
116	133
153	133
164	133
198	133
38	134
65	134
95	134
107	135
132	136
153	136
183	136
194	136
204	136
107	137
172	137
84	138
104	138
164	138
125	139
132	139
147	139
38	140
164	140
183	140
105	141
119	141
158	142
184	142
50	143
166	143
194	143
45	144
147	144
205	144
59	145
73	145
76	145
151	145
83	146
140	146
166	146
169	147
176	147
194	147
205	147
67	148
184	148
216	148
45	149
91	149
94	149
177	149
47	150
76	150
133	150
158	150
161	150
82	151
105	151
140	152
186	152
194	152
91	153
206	153
214	153
135	154
101	155
68	156
73	156
157	156
186	156
57	157
111	157
164	157
169	157
45	158
84	158
162	158
177	158
101	159
169	159
177	159
147	160
152	160
206	160
215	160
84	161
105	161
110	161
197	161
204	161
47	162
93	162
177	162
187	162
57	163
68	163
115	163
136	164
162	164
57	165
68	165
112	165
157	165
131	166
169	166
177	166
164	167
112	168
147	168
167	168
144	169
57	170
157	170
197	170
214	171
49	172
168	172
178	172
80	173
95	173
102	173
131	173
70	174
126	175
157	175
227	175
142	176
150	176
134	177
197	177
205	177
214	177
224	177
150	178
225	179
134	180
142	180
144	180
107	181
108	181
112	181
137	181
168	181
126	182
129	182
161	182
91	183
101	183
179	183
188	183
207	183
213	183
50	185
121	185
44	187
82	187
91	187
108	187
207	187
75	188
85	188
102	188
152	188
161	188
171	188
178	188
231	188
108	189
116	189
222	189
102	191
108	192
145	192
152	192
179	193
186	193
212	193
116	194
163	194
170	194
198	194
201	194
221	194
31	195
112	196
130	196
135	196
170	197
179	197
102	198
137	199
145	199
97	200
162	200
212	200
157	201
86	202
112	202
118	202
162	202
170	202
179	202
205	202
210	202
220	202
80	204
97	204
110	204
183	204
231	204
88	205
119	205
128	205
157	205
162	205
187	205
197	205
200	205
37	206
42	206
91	206
221	206
229	206
173	207
176	207
82	208
135	208
180	210
52	211
102	211
186	211
47	212
32	213
135	213
144	213
95	214
83	215
163	215
169	215
203	215
111	216
210	216
215	216
120	217
121	217
207	217
76	218
113	218
47	219
132	219
134	219
57	220
183	220
43	221
51	222
115	222
121	222
153	222
160	222
150	223
67	224
207	224
170	225
172	225
150	226
63	227
158	227
52	228
130	228
135	228
136	229
55	230
71	230
94	230
158	230
166	230
183	230
47	231
115	231
66	232
188	232
190	232
72	233
122	233
129	233
136	233
149	233
174	233
37	234
66	234
146	234
196	234
213	234
155	235
180	235
182	235
218	235
223	235
60	236
100	236
137	236
175	236
187	236
196	237
130	238
144	238
146	238
187	238
202	238
193	239
103	240
153	240
200	240
65	241
134	241
224	243
229	243
114	244
122	244
186	244
193	244
131	245
134	245
182	245
198	245
129	246
190	246
216	246
100	247
138	247
142	247
212	247
221	247
115	249
182	249
159	251
166	251
187	251
212	251
143	252
147	252
219	252
174	253
177	253
199	253
108	254
202	254
205	254
138	255
210	255
229	255
36	256
138	256
166	256
129	257
196	257
156	258
177	259
200	260
161	261
186	261
219	261
222	261
99	262
105	262
182	262
57	263
148	263
189	263
209	264
214	265
222	265
53	266
142	266
144	266
189	266
229	267
240	268
138	269
194	269
214	269
98	270
219	271
38	273
179	274
147	275
168	276
219	276
225	278
138	279
41	280
137	280
178	281
190	281
209	281
170	282
96	283
194	283
69	284
153	284
181	284
212	284
170	286
47	287
107	287
242	287
137	288
96	289
212	289
45	290
62	290
137	290
129	291
160	292
173	292
55	293
61	293
106	293
153	293
216	293
93	294
160	295
46	297
138	297
53	298
118	299
129	299
133	299
166	299
100	300
244	301
247	301
158	302
43	304
85	304
148	304
105	305
99	306
159	306
242	306
70	307
95	307
112	307
118	307
133	307
136	307
231	307
196	309
67	310
235	310
84	311
198	311
148	312
204	312
95	313
104	315
111	315
136	315
60	316
59	317
92	317
75	321
95	321
152	321
103	322
236	323
131	324
73	326
122	326
44	327
93	327
154	327
173	329
239	330
48	331
122	331
131	331
141	331
238	331
103	334
175	334
54	337
114	337
119	337
209	337
141	338
214	338
102	339
46	341
232	344
144	347
47	348
209	349
47	351
59	351
75	351
183	351
206	351
212	351
217	351
63	352
79	352
144	352
155	352
161	352
227	352
