797
90	6
90	8
119	8
113	9
129	9
135	9
112	14
104	17
124	17
143	17
93	19
90	20
132	20
135	20
113	25
95	26
191	26
77	28
108	28
192	28
88	29
163	29
122	30
148	30
170	30
203	30
93	31
124	31
127	31
134	31
181	31
119	32
68	34
76	34
109	34
82	35
139	35
192	35
198	35
128	36
127	37
140	37
156	37
108	38
162	38
88	39
192	39
127	40
145	40
172	40
79	41
162	41
182	42
215	43
73	45
119	46
145	46
168	46
214	46
94	47
148	47
182	47
208	47
149	48
177	48
190	48
57	51
167	51
195	51
196	51
78	52
81	52
94	52
217	52
188	54
136	55
205	55
162	56
173	56
191	56
130	57
164	58
93	59
118	59
76	60
143	61
205	61
109	62
130	62
100	63
137	63
173	63
146	64
179	64
191	64
215	64
193	65
201	65
128	66
62	67
77	68
136	68
225	68
77	69
160	69
170	69
136	70
215	71
87	72
95	72
146	72
104	73
108	73
144	73
136	74
189	74
192	74
210	74
213	74
157	75
180	75
51	76
120	76
127	76
87	77
92	78
127	79
71	80
169	80
217	80
119	81
52	82
88	82
107	82
124	82
179	82
195	82
58	83
132	83
174	83
210	83
45	84
49	84
67	84
71	84
96	84
85	85
189	85
64	86
136	86
222	86
228	86
124	87
143	87
97	88
231	88
80	89
83	90
102	90
168	90
171	90
189	90
210	90
212	90
222	90
157	91
171	91
203	91
64	93
136	93
240	93
143	94
200	94
201	94
42	95
45	95
124	95
147	95
117	96
225	96
233	96
83	98
130	98
210	98
212	98
87	99
171	99
176	99
157	100
188	100
193	100
199	100
98	101
136	102
87	103
199	103
242	103
65	104
203	104
73	105
46	106
53	106
104	106
195	106
234	106
82	107
158	107
188	107
195	107
162	109
152	110
182	110
105	111
107	111
225	111
229	111
238	111
243	111
170	113
173	113
195	113
203	113
225	113
129	114
200	114
214	114
215	114
44	115
140	115
193	115
235	115
53	116
207	116
96	117
183	117
187	117
216	117
225	117
235	117
245	117
162	118
165	118
101	119
197	119
149	120
235	120
101	121
227	121
161	122
177	122
113	123
120	124
127	124
207	124
216	124
169	126
163	127
42	128
128	128
173	128
177	128
187	129
207	129
238	129
245	129
42	130
200	130
138	131
182	131
46	132
252	132
121	133
128	133
141	133
247	133
251	133
32	135
80	136
87	136
208	136
212	136
173	138
201	138
33	139
42	139
166	139
182	139
195	139
247	139
110	140
118	140
141	140
52	142
42	143
168	143
247	144
52	145
60	145
124	145
133	145
136	145
238	145
87	146
199	146
201	146
257	146
79	147
176	147
42	148
27	149
35	149
148	149
157	149
182	149
184	149
187	149
247	149
256	149
176	150
69	151
153	151
169	151
187	151
62	152
204	152
208	152
214	152
228	152
216	153
179	154
238	154
246	154
143	155
169	155
187	155
162	156
190	156
45	157
52	157
197	157
220	158
228	158
180	159
238	159
162	160
156	161
163	161
170	161
244	161
57	164
60	164
148	164
163	164
172	164
180	164
130	165
138	165
220	165
227	165
157	166
190	166
197	166
244	166
255	166
180	167
190	167
264	167
82	168
70	169
76	170
143	170
157	170
172	170
237	170
139	171
165	171
174	171
180	171
208	171
45	172
55	172
65	172
145	172
153	172
168	172
198	172
199	172
182	173
190	173
264	173
35	174
132	174
237	174
266	174
190	175
256	175
219	177
97	178
103	178
226	178
145	179
244	179
251	179
85	180
35	181
122	181
141	181
163	181
75	182
115	182
174	182
182	182
190	182
199	182
82	183
172	183
199	183
182	184
186	184
152	185
166	185
207	185
209	185
215	185
249	185
251	185
252	186
88	187
96	187
125	187
132	187
172	187
82	188
90	188
216	188
60	189
66	189
180	189
189	189
224	189
198	190
155	191
207	191
243	191
257	191
215	192
275	192
107	193
155	193
180	193
100	194
161	194
82	195
201	195
207	195
249	195
61	196
67	196
77	196
172	196
117	197
179	197
242	197
108	198
161	198
166	198
215	198
222	198
247	198
92	199
140	199
234	199
85	200
169	200
208	200
214	200
256	200
108	201
196	201
102	202
177	203
234	203
257	203
246	204
94	205
214	205
221	205
264	205
147	206
70	207
79	207
83	207
85	207
88	207
102	207
277	207
95	208
197	208
202	208
65	209
258	209
74	210
177	210
178	211
189	211
232	211
252	211
277	211
93	212
123	212
168	212
183	212
192	212
214	212
218	212
242	212
246	212
250	212
163	214
167	214
231	214
116	215
167	215
204	215
211	215
242	216
273	216
175	217
212	217
249	217
144	219
36	220
57	221
162	221
165	221
192	221
197	221
241	221
272	221
48	222
152	222
160	222
177	222
262	222
43	223
214	223
247	223
107	224
170	224
232	224
54	225
190	225
224	225
140	226
177	226
196	226
207	226
101	227
232	227
266	227
124	228
257	228
214	229
152	230
219	230
246	230
173	231
178	231
233	231
130	232
144	232
158	232
160	232
179	232
242	232
249	232
255	232
166	234
242	234
275	234
76	236
82	236
179	237
193	237
197	239
35	240
82	240
136	240
144	240
158	240
229	240
248	240
64	241
83	241
174	241
262	241
167	242
244	242
252	242
253	242
163	243
165	243
152	244
155	244
184	244
212	244
259	244
54	245
75	245
126	245
217	245
133	246
168	246
174	246
244	249
59	250
182	250
230	250
236	250
90	251
107	251
188	251
234	251
241	251
249	251
251	251
256	252
124	253
168	253
173	253
175	253
177	253
78	254
87	254
98	254
152	254
200	256
204	256
265	256
40	257
87	257
188	257
195	257
61	258
65	258
240	258
75	259
110	260
133	260
207	260
243	260
180	261
58	262
197	262
254	262
91	263
217	263
227	263
173	264
259	264
207	265
232	265
66	267
74	267
120	267
219	267
71	268
87	268
88	268
58	269
107	269
130	269
134	269
53	270
94	270
63	271
120	271
219	272
71	274
96	274
177	274
129	275
142	275
159	275
168	275
222	275
265	275
78	277
117	277
68	278
87	279
102	279
131	280
39	281
102	281
178	281
184	281
187	281
121	282
140	282
80	283
94	284
140	284
129	285
165	286
184	287
189	287
118	289
213	290
107	291
140	291
165	291
180	291
197	291
134	292
171	292
158	294
216	295
218	295
82	296
116	296
107	297
124	297
181	297
115	299
133	299
219	299
97	300
171	300
158	301
257	302
105	304
206	305
42	306
180	307
229	307
79	308
152	310
207	310
142	311
158	311
252	311
78	312
122	315
181	315
152	317
158	318
161	319
66	320
130	320
121	322
191	322
65	324
77	325
88	325
129	325
49	326
151	326
170	326
133	327
192	328
226	328
69	329
108	329
230	331
186	332
250	332
147	334
151	334
107	336
187	339
189	339
144	342
146	342
180	342
117	345
190	346
190	347
196	347
92	349
181	349
192	350
69	351
179	351
235	351
81	352
98	352
102	352
114	352
119	352
132	352
144	352
148	352
151	352
192	352
207	352
208	352
