652
198	14
203	14
198	15
154	20
142	21
151	21
135	22
136	23
171	23
184	24
103	25
128	25
162	25
163	25
200	25
204	25
156	26
185	27
217	27
152	28
108	29
120	29
144	29
208	29
102	30
196	30
143	32
132	33
122	34
167	34
196	34
100	35
159	35
196	35
181	36
122	37
217	37
130	38
142	40
145	40
154	40
183	40
104	41
230	41
112	42
146	42
118	43
155	43
157	43
184	44
204	44
208	44
224	44
228	46
105	47
118	47
138	47
121	48
160	48
164	48
204	48
235	48
104	49
113	49
228	49
196	50
207	50
223	50
97	51
147	51
224	51
120	55
170	56
178	56
213	56
108	57
146	57
173	57
187	57
240	57
160	58
98	59
165	59
180	59
194	59
76	60
155	60
207	60
210	60
224	60
228	60
234	60
89	61
75	63
80	64
112	64
170	64
108	65
140	66
143	66
221	68
170	69
80	70
158	70
171	70
221	70
96	71
122	71
191	71
213	71
80	72
107	72
116	73
72	74
84	74
116	74
78	75
92	75
250	75
162	76
170	76
232	76
152	77
204	77
102	78
143	78
159	78
231	78
101	79
213	79
251	79
117	80
169	80
135	81
218	81
159	82
222	82
129	83
133	83
194	83
72	86
77	86
102	86
222	87
224	87
138	88
180	88
187	88
237	88
215	89
235	89
254	89
186	90
102	92
107	92
117	92
200	92
235	92
89	93
192	93
122	94
169	94
254	95
209	96
73	97
90	97
101	97
247	97
107	98
122	98
138	98
109	99
169	99
232	99
234	99
95	100
131	100
88	101
118	101
138	103
69	104
224	105
152	106
79	107
141	107
143	107
95	108
107	108
105	109
165	109
188	109
212	109
118	110
163	110
173	110
204	111
206	111
236	111
232	112
124	114
216	116
67	117
135	117
137	117
242	117
247	117
210	118
116	119
152	119
76	120
77	120
86	121
122	121
232	121
146	122
195	122
202	122
239	122
195	123
204	124
210	124
239	124
161	125
222	125
232	126
59	127
175	127
215	127
242	128
249	128
122	129
67	130
75	130
97	130
134	130
154	130
158	130
180	130
103	131
174	131
160	134
166	134
204	134
77	135
86	135
259	135
269	135
151	136
174	136
268	136
199	137
215	138
174	139
207	139
166	140
243	140
251	140
252	140
259	140
166	141
226	141
230	141
123	142
133	142
159	142
201	142
207	142
95	143
216	143
104	144
190	145
219	145
45	146
202	146
208	146
179	147
183	148
209	148
236	148
242	149
243	149
45	150
209	150
37	151
167	151
202	151
250	151
252	151
77	152
86	152
256	152
54	153
177	153
133	154
143	154
214	154
219	154
125	155
133	155
46	157
194	157
196	157
202	157
72	158
77	158
95	158
97	158
188	158
153	159
87	160
97	160
144	160
177	160
222	160
228	160
47	162
53	162
250	163
268	163
276	163
163	164
171	164
258	164
274	164
68	165
189	165
197	165
213	166
222	166
241	166
249	166
39	167
88	167
97	167
172	168
178	168
189	168
197	168
204	168
212	169
231	169
239	169
178	170
184	170
38	171
206	171
222	171
230	171
193	172
197	172
164	173
267	175
270	175
112	177
184	177
240	178
172	179
247	179
274	179
172	180
198	180
204	180
222	180
229	180
194	181
229	182
247	182
295	182
184	183
164	184
246	184
157	185
266	186
40	187
43	187
92	187
98	187
147	187
238	187
246	187
140	188
187	188
193	189
194	191
293	191
151	192
157	192
185	192
246	192
142	193
51	195
264	196
61	197
177	197
269	197
277	197
74	198
275	198
66	199
238	199
110	200
117	200
143	200
194	200
204	200
243	200
284	200
199	201
200	201
44	202
208	202
220	202
118	203
126	203
110	204
112	204
178	204
184	204
228	204
234	204
48	205
105	205
127	205
134	205
154	205
48	206
146	206
262	206
127	207
216	209
66	210
155	210
214	210
243	210
262	210
124	211
131	211
247	211
275	211
116	212
193	212
197	212
261	212
271	212
185	213
188	213
234	213
155	214
178	214
185	214
197	215
149	216
162	216
178	216
261	217
190	218
268	218
190	219
222	219
182	220
185	220
190	220
227	220
244	221
61	223
75	223
254	223
70	225
257	225
258	225
190	226
244	227
264	227
248	228
175	229
179	229
203	229
189	230
106	231
248	231
264	231
274	231
91	232
188	232
195	232
253	232
152	233
149	235
238	235
102	236
115	236
253	237
166	238
189	238
229	238
233	240
235	240
246	241
282	241
183	242
193	242
242	242
244	242
276	242
52	243
239	243
271	243
279	243
163	244
233	244
112	245
224	245
236	246
229	247
122	248
170	248
212	248
97	249
264	249
117	250
236	250
268	250
94	251
218	251
260	251
117	254
192	254
126	255
218	257
230	257
267	257
102	258
249	258
272	259
85	260
98	260
229	260
168	261
235	261
80	262
251	262
254	262
148	263
193	264
259	264
280	264
108	265
235	265
148	269
161	269
165	269
106	272
144	272
55	276
154	276
160	276
153	279
211	280
268	281
120	282
135	282
154	284
183	284
217	284
117	285
143	285
147	286
211	286
216	286
128	288
252	288
133	289
161	290
198	291
216	291
143	292
145	292
183	292
184	292
254	292
125	295
140	295
151	295
246	295
160	297
198	299
246	299
184	300
272	300
61	301
150	301
157	307
207	307
167	309
185	309
190	309
196	309
247	310
90	312
155	314
167	316
190	316
196	316
89	317
186	317
84	318
159	319
165	319
266	319
216	321
275	321
65	322
209	322
276	322
94	325
89	327
217	328
188	332
261	335
141	336
254	336
260	337
87	338
168	339
210	339
187	341
93	344
211	345
214	345
219	346
167	348
204	348
190	349
198	349
215	350
87	351
143	351
182	351
97	352
98	352
109	352
111	352
129	352
133	352
149	352
190	352
212	352
215	352
229	352
231	352
245	352
246	352
