661
210	6
175	7
185	7
187	8
202	8
213	8
221	10
224	11
170	12
175	12
193	13
231	15
220	16
230	16
222	17
161	18
192	18
212	18
195	19
155	23
108	24
131	24
169	24
148	27
123	28
178	29
157	30
238	31
239	32
116	33
117	33
227	33
97	34
178	34
214	34
219	34
110	35
212	35
93	36
136	36
142	36
222	36
198	37
97	38
127	38
143	38
242	38
148	39
170	39
229	39
88	41
151	42
217	43
225	43
115	44
141	44
178	44
144	45
190	45
192	45
205	45
209	45
232	45
110	46
185	46
154	47
140	49
237	49
127	51
132	51
106	53
117	53
199	53
202	53
211	53
215	55
152	56
176	56
89	57
191	58
197	58
231	58
159	59
125	60
167	60
124	63
191	63
108	64
134	64
259	64
211	65
252	65
167	66
214	66
102	67
140	67
251	67
107	68
118	68
142	69
145	69
237	69
241	69
191	70
101	71
88	72
105	72
107	72
177	73
214	73
241	73
112	74
238	74
247	74
140	75
189	75
244	75
128	76
235	76
213	77
103	78
208	78
224	78
78	79
112	79
185	79
218	79
244	79
252	79
91	80
268	80
194	81
198	81
120	82
116	83
176	83
179	83
237	84
244	84
262	84
264	84
189	85
191	85
273	85
163	88
262	88
72	90
79	90
165	90
111	91
115	91
237	91
245	91
251	91
77	92
128	92
189	92
246	92
183	93
193	93
123	94
255	94
259	94
151	95
152	97
270	97
132	98
138	98
160	100
88	101
98	101
152	101
221	101
256	101
259	101
132	102
183	102
266	102
137	103
145	103
178	103
256	103
137	104
194	104
212	104
215	105
247	105
153	106
155	106
188	106
205	107
266	107
276	107
98	108
145	108
198	109
205	109
266	109
103	110
122	110
77	112
137	113
144	113
207	113
73	114
169	114
194	114
144	115
248	115
256	115
181	116
160	117
163	117
183	117
188	117
191	117
174	118
266	118
269	118
198	119
222	119
229	119
274	119
193	120
217	121
222	121
157	122
274	122
78	126
256	126
183	127
201	127
266	127
273	127
194	128
209	128
239	128
264	128
229	129
230	129
135	131
222	131
273	131
222	132
283	132
212	133
169	134
248	134
255	134
145	135
179	135
72	137
79	137
178	137
195	137
159	138
180	138
186	138
187	138
153	139
160	139
165	139
204	139
231	139
238	139
136	140
298	140
129	142
145	142
153	142
274	142
88	143
160	143
223	143
229	143
257	143
281	144
74	146
180	146
262	146
281	146
167	147
176	147
147	148
213	148
220	148
221	148
270	148
228	149
229	149
237	149
155	150
262	150
299	150
269	151
74	152
130	152
182	152
71	153
176	153
187	153
220	153
228	153
76	154
185	154
194	154
247	154
281	155
289	156
62	157
162	157
169	157
214	157
220	157
160	158
176	158
222	158
179	159
185	159
228	159
235	160
267	160
71	161
152	161
203	162
259	162
252	163
257	163
268	163
132	164
211	164
72	165
77	165
276	165
125	166
220	166
228	166
245	166
287	166
95	167
160	167
187	167
211	167
218	167
234	167
90	168
178	168
193	168
184	170
211	170
218	171
227	173
164	174
169	174
265	174
232	175
274	175
276	175
150	176
202	176
207	176
244	176
283	176
137	177
225	177
130	178
184	178
72	179
184	179
245	179
253	179
283	179
64	181
83	181
93	181
142	181
169	181
177	181
275	181
289	181
303	181
87	182
75	183
283	184
289	184
75	185
164	185
222	185
159	186
167	186
169	186
184	186
239	186
242	186
270	186
110	187
122	187
147	187
192	187
253	187
60	188
62	188
150	188
176	188
177	188
183	188
260	188
242	189
249	190
229	191
71	192
192	192
261	192
156	193
233	193
235	193
249	193
263	193
269	193
126	194
176	194
190	195
239	195
105	196
120	197
211	197
72	198
118	198
166	198
215	198
142	199
160	199
174	200
176	200
195	200
232	200
256	200
263	200
276	200
239	201
269	201
293	201
267	202
274	202
75	204
110	204
219	204
255	204
258	204
303	205
139	206
153	206
160	207
184	207
293	207
72	208
219	209
174	210
183	210
232	210
274	210
102	211
223	211
216	212
247	212
251	212
294	212
81	213
150	213
254	213
68	214
85	214
68	215
98	215
223	215
299	215
77	216
227	216
264	216
268	218
91	220
207	220
187	221
238	221
77	222
171	223
239	223
268	224
94	225
233	225
274	226
285	226
105	228
293	228
227	229
224	230
100	231
101	232
169	232
170	232
77	233
112	233
179	233
224	233
137	234
294	236
216	238
105	239
137	239
300	239
83	241
288	241
169	242
179	242
104	243
80	244
99	244
135	244
120	246
203	246
244	248
96	249
274	249
194	250
125	251
204	251
246	252
210	253
280	253
98	254
127	254
111	256
146	256
195	256
239	256
136	257
104	258
109	259
241	259
81	261
121	261
124	261
163	261
172	261
136	263
274	265
134	266
100	267
236	267
295	267
277	268
118	269
156	269
163	269
172	269
247	269
286	269
237	271
79	273
285	274
145	275
289	276
98	277
156	277
162	278
135	280
144	282
180	285
94	286
165	286
169	286
175	286
93	287
133	287
246	287
295	287
165	291
169	291
175	292
180	292
188	292
241	292
94	298
188	299
192	299
154	300
178	300
243	301
250	301
144	302
215	302
209	304
144	306
200	306
142	307
147	307
192	307
178	308
94	309
215	310
210	311
211	312
138	313
142	313
200	313
202	313
287	313
147	315
203	320
116	322
267	322
266	325
127	326
267	326
158	327
110	329
115	331
125	333
147	333
220	333
129	334
156	334
196	334
264	334
117	335
157	336
124	337
137	337
221	337
146	339
196	340
199	340
202	340
248	342
156	343
276	343
277	343
156	344
171	345
177	345
203	345
200	346
270	346
271	347
142	348
151	349
155	349
131	350
171	351
193	351
218	351
257	351
134	352
157	352
168	352
171	352
177	352
212	352
235	352
244	352
245	352
