691
150	3
182	3
173	7
213	7
105	13
133	13
143	13
222	14
168	15
159	16
161	16
214	16
173	17
181	17
207	18
193	19
133	20
167	20
181	20
114	24
155	24
157	25
188	26
199	28
206	28
173	30
179	30
194	30
138	31
158	31
106	32
216	32
98	33
186	33
226	33
104	34
96	37
147	37
149	38
104	39
100	40
214	40
128	41
94	42
172	43
219	43
137	44
148	44
163	44
204	44
219	45
163	46
183	46
92	48
214	48
137	49
179	49
201	49
222	49
229	49
122	50
123	50
100	51
140	52
132	55
179	55
201	55
139	56
99	58
101	58
142	58
145	58
208	58
153	59
162	59
152	60
127	61
124	63
142	64
219	65
134	67
174	67
152	68
98	69
170	69
172	69
143	70
204	70
218	70
125	72
163	72
85	73
109	74
194	74
95	75
133	75
250	75
141	76
171	76
176	76
123	77
205	77
84	78
89	78
150	78
89	81
194	81
229	81
133	82
165	82
170	82
221	82
176	83
190	83
214	83
249	83
76	84
82	84
95	84
106	86
118	86
117	87
151	87
95	88
118	88
164	88
165	88
206	88
198	89
72	90
106	90
137	90
178	90
243	90
250	90
122	91
178	91
221	91
250	92
130	93
136	93
147	93
71	94
172	94
106	95
80	96
181	96
216	96
234	96
148	97
110	98
154	98
164	98
168	98
129	99
207	99
110	100
194	100
200	100
234	100
90	101
227	101
105	102
171	102
153	103
161	103
115	104
139	104
161	104
195	104
236	104
243	104
246	105
105	106
167	106
110	107
121	107
82	108
90	108
97	108
151	108
217	108
200	109
162	110
175	110
99	111
257	111
76	112
81	112
167	112
177	112
127	113
100	114
229	115
247	115
254	115
152	116
138	117
214	117
246	117
268	117
167	118
172	118
190	118
230	118
237	118
77	119
79	119
147	119
150	119
80	120
254	120
183	121
127	122
157	122
201	122
220	122
111	123
119	123
194	123
152	124
174	124
183	124
246	124
270	124
161	126
163	126
194	126
128	127
188	127
239	127
246	127
150	128
152	128
95	129
119	129
268	129
156	130
269	130
85	131
111	131
123	131
174	131
214	131
275	131
78	133
101	133
168	133
178	133
139	134
188	134
95	135
123	135
125	135
75	136
78	136
87	136
93	136
145	136
147	136
247	136
241	137
246	137
257	137
192	138
80	139
87	139
231	139
172	141
182	141
192	141
214	141
222	141
237	141
72	142
92	142
138	143
184	143
172	145
80	147
237	147
246	147
115	148
275	148
231	149
237	149
184	150
194	150
222	150
230	150
262	150
83	151
92	151
138	151
162	151
247	151
261	151
155	152
174	152
198	152
205	152
76	153
104	153
118	153
123	153
125	153
114	155
116	155
240	156
243	156
177	157
184	157
222	157
230	157
215	158
222	158
77	159
144	159
275	159
138	160
264	161
155	162
222	162
230	162
231	162
187	163
258	163
61	164
107	164
172	164
194	164
127	165
231	165
234	165
243	165
107	166
116	166
281	166
171	169
188	169
194	169
252	169
267	169
77	171
79	171
91	171
98	172
257	173
85	174
136	174
142	174
188	174
194	174
266	174
149	176
154	176
215	176
230	176
234	176
141	177
155	177
212	177
219	177
167	178
250	178
255	179
174	180
145	181
111	182
194	182
155	183
229	183
234	183
235	184
242	184
250	185
252	185
77	186
86	186
154	186
201	186
239	186
247	186
83	187
101	187
135	187
167	187
171	187
185	187
207	187
143	188
193	188
274	188
116	189
124	189
265	189
267	189
69	190
137	190
190	190
199	190
239	190
275	190
143	191
172	191
232	191
252	191
259	191
105	192
151	192
281	192
157	193
177	193
104	194
232	194
239	194
154	195
239	195
218	196
104	197
109	197
168	197
177	197
207	197
249	197
140	198
155	198
213	198
119	199
125	199
199	199
104	200
141	200
203	200
268	200
280	200
100	201
85	203
105	203
112	203
148	203
100	204
109	204
117	204
213	204
273	204
141	205
218	205
249	205
261	205
263	205
283	205
80	206
239	206
254	206
112	207
118	207
147	207
230	207
234	207
246	207
139	208
218	209
191	210
83	211
204	211
210	212
218	212
211	213
101	214
105	215
111	215
269	215
140	216
152	216
247	216
121	217
226	217
268	217
94	218
123	218
254	218
249	219
253	219
94	220
282	220
150	221
161	222
170	222
189	222
195	222
101	223
107	223
214	223
220	223
107	224
202	224
271	224
273	224
238	225
120	226
154	226
195	226
280	226
201	227
264	227
285	228
107	229
102	230
146	231
167	231
189	231
254	231
95	232
195	232
200	232
214	232
227	232
270	232
247	233
257	233
279	234
229	235
232	235
142	236
220	236
239	236
102	237
234	239
94	240
100	240
257	240
96	241
114	241
132	241
139	241
200	241
208	241
209	241
214	241
112	242
119	242
156	242
142	243
199	243
263	243
281	243
247	244
248	244
260	244
174	245
181	246
215	246
221	246
235	247
209	248
144	249
138	250
229	250
168	251
107	252
111	252
113	252
170	252
173	252
200	252
222	252
248	253
174	255
180	255
234	256
256	256
249	257
259	257
273	259
267	260
108	261
142	261
246	261
228	263
140	264
237	264
228	266
214	269
270	269
158	270
98	271
140	271
120	273
246	273
136	274
166	275
197	275
202	275
105	276
185	276
117	277
119	277
137	277
214	277
121	278
166	278
202	281
230	281
244	282
129	283
222	283
247	283
185	284
235	284
194	285
140	286
183	286
185	288
217	288
115	289
216	290
212	291
234	292
256	292
143	293
115	294
203	294
244	294
255	294
204	295
234	295
110	296
112	296
129	296
218	296
142	298
213	299
215	299
115	300
233	301
235	305
137	306
217	306
224	306
233	306
132	308
132	310
211	310
225	311
247	311
136	312
147	312
254	312
118	314
153	315
203	315
148	316
211	316
164	320
255	320
141	322
148	322
199	322
187	323
188	323
221	323
140	327
157	327
181	327
209	327
254	328
257	328
192	329
193	329
248	330
210	331
144	332
177	332
234	332
178	333
197	337
170	339
219	340
221	341
236	341
192	343
162	344
202	345
207	345
170	346
171	346
178	346
180	346
231	346
221	348
