536
216	3
220	3
248	8
246	11
187	14
208	14
249	14
228	16
185	17
208	17
245	19
197	20
170	21
169	22
163	23
175	26
177	26
184	27
235	29
221	30
260	33
157	34
174	34
178	34
260	34
175	35
177	35
187	36
206	36
212	37
196	38
200	38
146	39
215	40
239	41
262	41
234	42
140	43
215	43
273	43
172	44
140	45
177	47
183	47
220	47
237	47
169	48
194	49
224	49
263	49
216	50
249	50
207	52
276	52
140	53
151	53
175	54
216	54
209	55
239	55
151	56
163	56
233	57
149	59
209	60
181	61
182	61
194	61
135	62
204	62
241	63
194	65
255	66
151	67
190	67
214	68
219	69
223	69
195	70
230	70
134	71
142	71
171	71
240	71
150	72
210	72
212	72
236	72
160	75
227	75
237	75
244	75
249	75
278	75
182	76
214	76
270	76
281	77
134	78
142	78
150	78
154	78
214	78
204	79
209	79
263	79
209	80
144	82
229	82
164	85
209	85
170	86
219	86
220	86
156	88
181	88
252	88
212	89
255	89
156	90
280	90
232	91
146	94
154	94
226	94
256	94
164	95
243	95
167	96
212	96
237	96
131	97
281	99
289	99
155	100
163	100
208	100
237	100
244	100
258	100
240	101
166	102
192	102
227	102
230	102
137	103
249	103
256	103
223	104
230	107
281	107
289	107
224	110
236	111
274	111
280	111
257	113
264	113
157	115
171	116
131	117
311	117
280	118
299	118
136	119
274	120
280	120
147	121
297	121
136	122
150	122
131	123
172	123
237	123
264	123
272	123
146	124
248	124
249	124
257	124
165	125
168	125
180	125
204	125
197	126
158	127
281	127
287	127
160	128
257	128
258	128
257	129
272	129
257	130
258	130
287	130
310	130
139	131
211	131
186	132
274	132
294	132
127	133
180	133
200	133
209	133
248	134
133	135
256	135
287	135
274	136
294	136
284	137
133	139
202	139
309	139
140	141
142	141
256	142
264	142
294	142
310	142
183	143
205	143
213	143
230	143
237	143
150	144
191	144
285	144
293	145
130	146
191	146
138	147
274	147
140	148
256	148
304	148
151	149
199	150
262	150
160	152
180	152
197	152
153	153
166	153
209	153
216	153
248	153
250	153
273	153
277	153
131	155
165	155
237	155
253	155
262	155
297	155
284	156
293	156
295	156
204	157
243	157
197	158
199	158
216	158
271	158
218	159
253	159
275	159
262	160
270	160
209	161
213	161
243	161
308	161
147	162
184	162
259	162
251	163
195	164
176	165
284	165
192	166
205	166
275	167
281	167
292	167
242	168
273	168
165	169
198	169
205	169
128	170
195	170
249	170
251	170
259	170
146	171
150	171
176	171
213	172
255	172
193	174
195	174
218	174
221	176
292	176
158	177
296	177
134	178
237	178
197	179
282	179
232	180
234	180
244	180
248	180
254	181
255	181
262	181
263	182
133	184
146	184
305	184
153	186
196	186
303	188
199	189
296	189
277	191
279	191
284	191
140	192
147	192
154	192
174	192
287	193
148	194
199	194
254	194
212	195
230	196
257	196
134	198
163	198
239	198
212	199
243	199
279	199
149	200
134	201
143	201
183	202
278	203
139	204
163	204
289	204
230	205
256	205
140	206
143	206
237	206
242	206
173	207
259	207
264	207
141	209
300	209
148	211
150	211
252	211
265	211
173	212
179	212
257	212
159	213
243	214
141	216
143	216
209	216
277	216
257	217
155	218
199	219
278	219
280	219
144	220
162	220
209	221
139	223
270	223
210	224
289	224
249	225
272	225
292	226
222	227
226	227
215	228
160	229
205	229
201	230
170	231
250	231
280	231
300	231
160	232
271	232
289	232
290	232
201	233
272	234
296	234
220	236
227	238
233	238
295	240
141	241
280	241
203	243
268	243
147	244
168	245
278	245
192	246
233	246
245	246
179	247
181	247
222	247
229	247
200	250
203	250
184	251
190	251
286	251
294	251
245	252
249	252
269	252
271	252
289	252
151	253
210	253
284	253
179	254
222	254
278	254
180	255
216	255
228	255
200	256
248	256
277	256
234	257
257	261
168	263
259	267
295	268
289	269
213	272
272	272
280	272
288	273
158	275
179	275
194	275
243	275
223	276
258	276
294	280
166	281
250	281
252	281
269	281
194	284
220	284
264	284
275	284
178	285
292	285
240	286
250	286
197	287
234	287
246	287
248	287
210	288
204	289
270	289
180	290
185	290
219	290
234	291
265	291
172	292
237	292
227	293
232	293
258	293
189	294
195	294
248	295
270	295
180	296
219	296
253	296
203	297
231	298
232	298
290	299
286	300
293	300
189	301
214	301
217	301
219	302
175	304
261	305
268	305
231	306
238	306
292	306
212	307
261	308
278	308
292	308
217	309
246	312
247	312
257	312
211	315
222	316
223	316
203	321
