760
120	3
125	3
131	3
135	3
158	3
197	3
211	3
221	3
116	4
175	4
203	4
206	4
99	6
98	7
160	7
208	7
116	8
125	10
101	11
142	13
154	13
168	13
195	13
94	14
99	14
194	14
204	14
130	15
221	15
179	16
224	16
231	16
166	17
197	17
211	17
212	18
202	21
93	22
197	22
225	22
104	23
157	23
212	23
172	24
179	24
98	25
192	26
207	26
122	27
97	29
95	30
162	30
192	30
217	30
220	30
93	31
142	32
172	32
120	34
184	34
201	35
101	36
107	36
109	36
191	36
133	37
186	37
80	39
109	40
92	41
144	41
92	42
151	42
186	42
80	43
98	43
161	43
179	43
102	44
161	44
204	44
134	45
80	47
122	47
229	48
239	48
171	49
219	49
77	50
113	51
125	51
167	51
195	52
175	53
182	54
140	55
141	55
96	56
100	56
155	56
241	56
177	57
120	58
122	58
211	58
156	60
167	60
250	60
211	61
233	61
237	61
245	61
248	61
87	62
254	62
91	63
96	63
174	63
177	63
207	63
212	63
74	64
82	64
114	64
118	64
140	64
241	64
146	65
156	65
217	65
127	66
196	66
195	68
203	68
120	69
127	69
97	70
242	70
250	70
78	71
233	71
89	72
137	72
138	72
208	72
150	73
174	73
224	73
156	74
188	74
115	75
176	75
251	75
196	76
129	77
133	77
260	77
115	78
156	78
81	79
87	79
100	79
104	79
112	79
242	79
251	79
73	80
80	80
234	80
173	81
225	81
149	82
155	82
174	82
234	82
90	84
96	84
100	84
134	84
206	84
262	84
128	85
199	86
155	87
190	87
252	87
259	87
174	88
111	89
117	89
157	91
103	92
105	92
235	92
127	93
165	93
198	93
200	93
235	93
140	94
204	95
226	95
135	96
190	96
243	96
256	96
92	97
97	97
161	98
172	98
180	98
111	100
119	101
183	101
190	101
236	101
71	103
190	103
111	104
136	104
100	105
129	105
229	105
235	105
269	105
81	106
83	106
90	106
162	106
172	106
183	106
165	107
170	107
184	107
155	108
195	108
202	108
69	110
81	110
92	110
100	110
177	110
76	111
112	111
114	111
128	111
177	112
250	112
254	112
181	113
168	114
170	114
227	114
233	114
221	116
207	117
102	118
110	118
129	118
140	118
194	118
168	119
161	120
92	121
102	121
80	123
112	123
257	123
258	124
220	126
246	126
249	126
91	127
149	127
210	127
229	127
265	127
142	128
172	128
203	128
210	128
220	128
112	129
129	129
164	129
193	129
202	129
103	130
104	130
150	130
252	130
257	130
143	131
176	133
241	133
243	133
81	134
229	134
231	134
220	135
222	135
70	136
132	136
204	136
210	136
257	136
77	137
125	137
162	137
153	138
210	138
244	138
246	138
102	139
240	140
153	141
174	141
232	141
240	141
273	141
145	142
148	143
204	143
210	143
77	144
84	145
125	145
149	145
224	145
225	145
231	146
246	146
69	148
72	148
103	148
132	148
164	148
246	149
106	150
231	150
254	150
257	150
219	151
202	152
209	152
224	152
225	152
231	152
165	153
194	153
200	153
66	154
172	154
84	155
123	155
128	155
142	155
238	155
72	157
200	157
76	158
96	158
98	158
282	158
109	159
155	159
162	159
163	159
207	159
209	159
216	159
165	160
238	160
194	161
200	161
216	161
225	161
227	161
231	161
253	161
257	161
270	161
138	162
182	162
90	163
189	163
172	164
241	164
257	164
162	165
246	165
264	165
155	166
160	166
169	166
89	167
178	167
201	167
82	168
121	168
247	168
204	169
222	169
126	170
146	170
178	170
255	170
186	171
90	172
103	172
139	172
227	172
82	173
221	173
237	173
240	173
247	173
110	174
152	174
196	174
226	174
90	175
121	175
125	175
156	175
186	175
218	175
265	175
176	176
202	176
271	176
81	178
182	178
70	179
140	179
165	179
211	180
255	180
257	180
281	180
182	181
195	181
94	182
103	182
237	182
248	182
249	182
127	183
199	183
78	184
127	184
225	184
241	184
218	185
223	185
233	185
146	186
199	186
207	186
75	188
92	188
94	188
127	188
178	188
192	189
241	189
119	190
142	190
234	190
249	190
77	191
257	191
237	192
254	192
275	192
77	193
107	193
244	193
262	193
147	194
223	195
233	195
98	196
128	196
237	196
73	197
76	197
92	197
233	197
243	197
262	197
118	198
132	199
254	199
267	199
282	199
107	200
149	200
258	200
91	201
176	201
196	201
202	202
85	203
182	203
186	203
77	205
102	205
143	205
98	206
188	206
148	207
107	208
240	208
84	209
129	209
214	209
249	209
117	210
234	210
86	211
176	211
182	211
217	211
222	211
244	211
130	212
186	212
201	212
254	212
281	212
98	213
203	213
264	215
102	217
117	217
123	217
267	217
270	217
86	218
102	219
254	219
261	219
78	220
94	220
160	220
187	220
190	220
233	220
254	220
86	221
152	221
79	222
88	222
204	222
209	222
235	222
237	222
142	223
161	223
224	223
143	224
148	225
242	225
115	226
131	226
212	227
193	228
265	228
254	229
124	230
155	230
242	230
259	230
217	232
149	233
234	233
246	233
90	234
165	234
180	234
259	235
124	236
204	236
231	236
114	237
153	237
102	238
114	239
152	239
194	240
205	240
165	241
181	241
212	241
215	241
223	241
244	242
270	242
231	243
268	243
246	244
253	244
83	245
253	245
145	246
195	246
231	246
224	247
120	248
92	250
194	250
112	251
135	251
210	251
264	251
272	251
149	252
153	252
167	252
187	252
253	253
245	254
257	254
144	256
202	256
217	256
112	257
126	257
194	257
212	257
231	257
134	258
187	258
204	259
144	261
167	261
102	262
106	262
120	262
245	262
255	262
186	263
97	264
97	266
246	266
188	267
93	268
156	268
231	268
245	268
95	269
218	269
113	270
121	271
210	271
139	272
204	273
208	273
245	273
100	275
126	275
199	275
231	275
254	275
213	276
218	276
227	276
156	277
210	277
246	277
134	279
137	279
234	279
205	280
208	280
200	281
222	281
257	281
199	283
233	284
118	285
120	286
155	286
192	286
240	286
132	287
120	290
184	290
187	290
200	290
253	290
118	291
133	291
192	291
119	292
142	292
193	292
196	292
216	292
220	292
155	293
111	294
211	294
247	294
254	294
131	296
118	297
125	297
172	297
177	297
182	297
210	297
222	297
197	299
199	299
138	300
142	300
193	300
227	300
125	301
182	301
177	302
211	302
244	302
246	302
149	304
115	305
127	305
235	306
237	306
135	307
137	307
158	307
165	308
223	308
162	309
127	310
143	311
148	311
235	311
162	313
134	314
169	314
208	314
143	316
220	317
148	320
154	320
186	320
215	321
159	322
170	322
209	323
141	325
147	326
188	327
148	328
159	329
156	330
