740
136	3
152	3
162	3
189	3
242	3
246	3
140	4
144	4
174	4
222	4
236	4
179	5
234	5
134	6
189	6
168	7
183	7
224	7
133	13
157	13
195	13
112	14
255	14
110	15
122	15
183	15
190	15
236	15
254	15
228	16
241	16
247	16
146	17
234	17
149	18
212	19
145	20
176	21
242	22
169	23
228	23
234	23
115	24
175	24
237	24
159	25
147	27
141	28
207	28
208	28
187	30
139	32
177	32
239	32
108	33
147	33
152	33
123	35
157	36
162	36
217	36
117	37
171	37
142	39
137	41
140	41
150	41
157	41
187	41
107	42
165	42
168	42
177	42
182	42
170	43
193	43
203	45
114	47
177	47
211	47
122	48
136	48
176	48
235	48
138	49
185	50
170	51
182	51
203	51
211	51
131	52
146	52
107	53
115	55
156	55
182	55
197	55
199	55
175	56
238	56
104	58
140	58
168	58
184	58
247	58
139	60
149	60
169	60
192	60
261	60
267	60
113	61
213	61
184	62
192	62
255	62
249	63
259	63
104	64
190	64
107	65
112	65
170	65
227	66
203	67
96	68
142	68
218	68
224	68
175	70
175	72
224	72
231	72
218	73
225	73
232	73
240	73
102	74
112	74
131	75
179	75
190	75
268	75
90	76
158	76
162	76
171	76
189	76
212	76
218	76
280	76
143	77
185	77
203	77
213	77
198	78
222	78
131	79
177	79
259	79
112	80
115	81
125	81
165	81
250	81
252	81
156	82
163	82
186	82
192	82
90	83
96	83
102	83
143	83
222	84
234	84
214	85
279	85
105	86
150	86
165	86
199	87
205	87
115	88
106	89
171	89
179	89
192	89
127	90
165	90
195	90
252	90
132	91
260	91
267	91
252	93
243	94
117	95
121	96
142	96
218	97
225	97
260	97
266	97
100	98
132	98
266	99
107	100
115	100
252	101
260	101
266	101
161	103
244	103
252	103
205	105
90	106
155	106
164	106
187	106
100	107
116	107
185	107
127	109
92	110
98	110
159	110
179	110
127	111
267	111
269	111
286	112
143	113
87	114
202	114
252	114
263	114
273	114
91	115
237	116
243	116
196	117
210	117
218	117
244	117
196	119
87	120
119	121
126	121
175	121
187	121
274	122
275	122
277	122
87	123
282	123
96	124
127	124
252	124
266	126
96	127
227	127
106	128
210	128
227	128
245	128
249	128
187	129
144	130
127	131
262	131
109	132
269	132
274	132
120	133
245	133
249	133
290	133
275	134
278	134
172	135
219	135
227	135
258	135
296	135
169	136
291	137
140	138
147	138
177	138
227	139
235	139
169	140
190	141
267	141
120	142
160	142
169	142
236	142
239	142
164	143
249	143
257	143
273	143
108	144
241	144
248	144
173	145
179	145
298	146
95	148
100	148
189	148
227	148
257	148
262	148
124	149
150	149
235	149
273	149
175	150
262	150
277	150
298	150
86	151
90	151
207	151
208	151
218	151
248	151
272	151
153	152
217	152
224	152
235	152
254	152
126	153
247	153
255	155
112	156
159	156
160	156
162	156
261	156
297	157
84	158
114	158
118	158
142	158
247	159
105	160
261	160
287	160
300	160
209	161
240	161
252	161
255	161
258	161
90	162
93	162
114	162
127	162
205	162
199	163
236	163
245	163
277	163
109	164
189	164
267	164
272	164
275	164
282	164
199	165
156	166
222	166
297	166
170	167
204	167
245	167
107	168
109	168
176	168
214	168
258	168
127	169
138	169
194	169
212	169
263	169
143	170
161	170
238	170
244	170
122	171
155	172
244	172
292	173
254	174
283	174
112	175
168	175
212	175
222	175
107	176
109	176
122	176
138	176
158	176
173	176
218	176
288	176
118	177
128	177
159	177
144	178
275	178
103	179
150	179
182	179
226	179
187	180
228	180
243	180
275	180
264	181
266	181
254	182
118	183
258	183
96	184
103	184
235	184
238	184
123	185
150	186
162	186
218	186
222	186
138	187
209	187
294	188
187	189
198	189
267	189
137	190
258	190
152	191
157	191
274	191
284	191
97	192
263	192
88	193
141	193
289	193
162	194
240	194
127	195
230	195
250	195
97	196
263	196
282	196
148	197
229	197
250	197
274	197
287	197
269	198
117	199
259	199
280	199
112	200
148	200
163	200
277	200
193	201
285	201
200	202
212	202
221	202
126	203
206	203
241	203
152	204
249	204
103	205
268	205
276	205
97	207
259	207
144	208
147	208
218	208
220	208
262	208
300	208
148	209
193	209
198	209
241	209
124	210
148	210
252	210
125	211
150	211
204	211
222	211
228	211
262	211
276	211
280	212
106	214
236	215
293	215
103	216
117	216
231	216
136	217
151	217
213	217
221	217
239	217
280	217
260	218
276	218
287	218
112	219
114	219
122	219
205	219
252	220
105	221
170	221
239	221
264	221
148	222
179	222
195	222
221	222
252	222
98	223
241	223
116	224
186	224
122	225
197	225
167	226
170	226
149	227
295	227
274	228
283	228
173	229
178	229
263	229
277	229
159	230
234	230
142	231
234	231
240	231
265	231
252	232
291	232
163	233
167	233
178	233
199	233
122	234
144	234
185	234
277	234
222	235
144	237
112	238
134	238
234	238
144	240
122	241
200	241
224	241
229	241
237	241
240	241
252	241
263	241
273	242
266	243
290	243
186	244
194	244
231	244
274	244
103	246
144	247
264	248
212	249
285	250
295	250
168	251
170	251
207	251
229	251
254	251
283	251
141	252
159	252
185	252
195	252
274	252
113	253
122	253
123	253
276	253
264	254
171	255
188	255
266	255
167	256
222	256
214	257
231	257
237	257
250	257
207	258
224	259
134	260
188	261
206	263
265	263
275	263
120	265
122	265
260	266
266	266
133	267
264	268
209	269
251	269
239	270
133	271
231	271
251	271
264	272
278	272
278	273
190	274
117	275
239	275
257	275
121	276
234	276
220	277
249	277
243	279
178	280
253	280
181	281
191	281
221	281
229	281
124	282
134	282
273	283
275	283
252	285
134	286
177	286
132	287
181	287
244	287
259	287
137	288
229	288
152	290
187	290
231	290
237	291
199	292
214	292
215	292
140	293
163	293
251	293
272	294
259	295
132	296
199	296
146	297
152	297
186	297
241	297
253	297
193	298
157	300
162	300
146	301
214	301
246	301
189	304
202	304
206	304
149	306
195	306
266	306
155	307
216	308
226	308
179	309
182	309
163	310
195	310
253	310
147	311
207	311
177	313
182	314
182	316
230	316
213	319
241	320
182	322
160	325
213	326
212	327
169	328
206	328
236	328
185	330
200	330
212	330
230	331
235	332
225	337
199	338
219	338
228	338
