351
147	3
150	3
211	3
232	3
288	3
132	4
192	6
194	6
254	7
142	9
186	9
196	9
158	10
208	10
179	12
283	13
279	14
281	14
138	15
161	15
306	16
256	18
196	19
200	20
222	20
228	26
148	27
143	28
171	28
199	29
173	34
168	35
130	36
201	36
202	39
110	40
246	45
316	45
108	48
217	49
257	51
270	51
106	52
201	52
217	52
250	52
112	53
251	54
291	54
315	54
214	55
302	55
318	55
189	56
263	60
239	65
292	65
301	65
317	67
233	68
110	70
118	70
148	78
103	79
157	79
214	82
201	85
256	89
263	89
314	91
128	94
137	94
257	95
208	96
288	98
294	98
101	99
146	99
165	99
174	99
269	99
155	100
152	101
163	101
258	102
141	103
302	104
183	105
189	105
217	108
196	109
224	110
179	113
224	114
190	115
234	115
195	116
202	119
102	120
195	120
100	121
304	121
190	128
137	129
83	130
99	130
91	131
130	131
75	138
64	139
55	141
75	142
282	145
157	146
94	147
77	148
310	148
69	150
53	153
307	157
239	158
200	163
307	165
97	166
293	166
299	168
80	170
87	170
191	172
97	173
79	174
88	174
249	175
54	176
113	176
56	179
305	179
64	181
80	182
191	182
198	183
73	184
92	185
155	186
75	189
166	189
54	191
305	191
210	192
210	195
212	195
77	196
166	197
168	199
99	200
72	204
79	204
58	205
58	206
168	206
261	206
303	206
113	207
63	209
65	210
264	211
111	212
122	212
191	212
194	212
290	212
291	213
71	216
102	216
158	216
184	216
113	217
120	217
72	218
78	218
96	218
194	220
113	221
184	223
100	225
288	225
151	227
122	230
146	230
173	232
122	233
282	233
284	233
100	236
146	236
293	238
293	239
80	240
174	240
123	242
133	245
142	246
267	246
295	246
278	247
266	249
226	250
267	250
141	251
190	251
259	252
286	255
227	257
250	257
279	259
297	259
261	260
89	261
265	261
254	262
110	263
291	263
158	265
254	265
295	265
94	268
97	271
138	271
189	271
222	271
157	272
153	273
160	273
239	273
286	273
287	273
92	275
270	275
276	275
95	277
134	277
136	277
137	278
197	278
147	279
254	279
152	280
153	280
160	280
182	280
221	280
222	280
226	280
98	281
119	281
255	281
290	281
133	284
234	284
282	284
202	285
267	285
96	286
117	286
221	286
152	287
183	287
225	288
247	288
266	288
295	288
219	289
236	290
289	291
203	292
292	292
230	295
292	297
243	298
271	298
222	299
227	299
253	301
200	302
282	302
213	303
107	306
147	306
261	306
113	310
289	310
262	311
144	312
147	312
216	312
235	312
116	313
222	313
253	314
222	315
226	315
241	315
277	315
122	316
133	316
177	316
211	316
187	317
126	319
195	319
229	319
235	319
132	321
263	321
186	323
206	324
201	325
173	327
219	327
229	327
127	329
251	330
238	331
253	331
202	332
177	336
220	336
260	336
224	337
170	338
202	339
149	340
186	340
171	341
215	341
232	342
239	342
224	345
225	345
219	346
166	347
171	347
249	347
260	347
182	350
184	350
243	350
225	351
220	352
227	352
235	352
