271
202	3
221	3
235	3
237	5
244	7
220	8
187	13
179	14
170	15
170	16
197	16
269	16
265	17
248	26
222	27
282	32
272	35
283	35
231	38
145	42
189	42
192	48
179	50
198	50
246	51
273	51
285	54
146	56
270	57
182	59
189	59
231	59
242	59
206	61
250	61
139	62
249	62
167	63
274	64
163	68
183	68
299	68
205	70
163	71
174	71
274	71
226	72
267	74
232	78
211	79
171	85
163	91
188	92
248	94
181	95
280	96
301	97
255	98
263	98
282	98
254	106
292	106
200	107
297	107
282	108
243	109
263	109
274	109
311	116
194	117
301	117
204	121
311	123
98	126
190	126
98	127
92	128
157	129
104	130
111	130
159	130
98	131
118	131
127	131
298	131
252	133
92	134
197	135
259	135
62	136
84	137
54	138
135	138
63	139
140	140
130	142
78	144
246	144
65	145
93	145
100	145
163	145
169	145
171	145
176	145
294	145
68	146
101	147
176	147
300	147
184	148
283	150
51	152
167	152
79	153
183	153
309	153
107	156
112	156
72	158
86	158
93	158
287	158
282	160
80	161
187	161
98	163
81	166
280	169
61	170
63	171
287	172
292	172
73	174
74	174
120	175
54	176
115	178
278	178
56	179
64	179
284	179
100	181
71	182
283	182
77	184
83	184
266	184
197	186
258	186
136	187
76	189
300	190
302	190
54	191
67	193
85	194
93	194
201	195
78	196
292	196
293	198
300	199
223	201
62	202
68	202
79	202
146	202
185	203
72	204
107	204
141	204
293	205
299	205
81	211
138	211
141	211
234	213
136	215
188	215
185	216
238	216
232	220
189	222
297	223
299	224
295	228
198	231
273	231
283	234
83	236
198	236
203	239
264	239
107	240
159	247
291	250
139	253
159	254
89	261
167	262
134	266
295	266
132	267
105	269
284	269
270	270
115	271
132	275
93	281
116	282
270	285
295	285
248	290
292	291
97	292
248	294
249	295
287	295
257	298
270	298
292	298
97	301
176	301
290	302
154	303
241	303
147	304
277	304
236	305
247	305
259	308
123	309
231	309
236	309
284	309
224	310
148	312
238	312
101	313
220	315
106	316
128	316
128	317
141	317
170	317
181	317
137	318
263	319
290	319
255	320
236	322
126	323
264	323
245	325
247	326
200	329
207	329
259	329
216	331
226	333
135	335
200	336
199	337
240	339
206	340
138	342
194	342
208	344
156	348
209	352
