263
144	18
154	18
109	20
159	22
137	25
212	27
145	30
223	31
225	31
125	34
104	36
132	38
155	40
215	40
164	42
164	43
175	43
88	49
214	51
218	52
136	61
228	61
78	62
152	62
163	63
242	65
249	65
126	67
125	68
73	72
136	72
164	72
151	73
253	76
255	76
156	78
159	78
247	78
69	80
71	80
259	82
260	83
142	85
153	86
210	86
231	86
110	90
64	91
263	95
80	96
139	96
237	96
208	98
225	98
73	99
63	100
68	100
178	101
236	105
266	106
195	108
228	110
178	111
59	112
237	112
251	112
162	114
242	114
219	116
98	117
232	117
246	117
270	118
139	119
255	119
160	121
170	123
234	123
246	124
249	124
255	124
170	125
239	126
228	127
271	127
138	129
198	130
137	132
152	132
101	133
108	133
278	133
103	134
195	134
162	136
183	137
278	137
94	141
277	141
179	143
104	144
155	144
161	144
196	144
276	144
72	145
95	149
115	149
282	149
109	151
51	152
276	152
154	153
160	155
223	156
115	157
216	158
57	160
267	161
50	165
67	165
135	165
149	166
247	166
254	167
276	167
50	169
73	169
247	171
254	171
274	171
149	172
287	172
136	175
138	176
144	176
156	177
247	177
253	178
146	179
209	179
130	180
295	181
133	182
222	182
231	183
240	183
249	185
293	186
203	188
133	190
145	190
160	190
79	191
158	191
221	191
69	192
239	192
280	192
77	193
87	193
230	193
283	193
202	194
210	194
271	194
288	194
51	195
57	196
260	196
160	198
169	198
266	198
202	207
209	207
51	208
141	210
106	211
115	212
148	213
51	215
281	215
52	216
280	217
145	220
280	222
52	224
77	224
69	225
79	225
250	226
53	227
120	227
127	228
256	228
195	229
267	229
273	230
239	232
115	233
131	235
263	238
54	241
138	243
282	243
132	244
127	249
50	251
147	252
154	255
275	256
270	259
93	266
215	266
54	274
220	274
224	277
255	281
173	284
243	284
90	286
134	286
270	286
250	287
270	287
56	290
248	291
265	291
87	294
249	294
255	294
184	298
134	299
64	303
90	305
264	306
266	306
151	312
260	312
242	316
259	317
246	320
62	321
258	323
80	331
126	333
89	334
91	334
73	337
81	341
71	343
246	343
235	345
90	347
223	349
131	351
159	351
153	352
177	352
181	352
223	352
224	352
233	352
