377
242	7
195	8
227	8
191	10
280	12
281	12
265	14
187	15
245	16
170	17
274	18
278	18
279	18
196	20
180	21
191	23
128	24
139	24
220	24
235	25
236	26
247	26
148	27
176	27
230	27
278	27
261	28
273	28
185	31
213	36
223	37
121	38
235	39
250	39
112	41
274	41
267	45
119	46
184	46
287	46
180	53
100	54
290	54
207	55
208	56
259	59
302	59
293	62
252	64
141	66
172	66
287	67
299	68
121	70
107	74
112	74
293	75
67	77
98	77
166	77
303	77
80	78
146	78
156	78
143	79
174	83
107	84
298	84
90	85
81	86
89	86
109	87
218	90
98	92
295	92
80	93
296	93
77	94
162	94
107	98
302	99
73	101
312	102
100	103
82	104
162	105
73	107
100	109
269	109
307	111
124	112
73	115
107	115
102	116
302	116
117	118
123	118
312	118
82	125
87	125
100	125
118	126
131	130
141	130
67	132
122	133
300	134
186	135
211	135
58	136
276	136
288	136
148	137
265	138
298	138
267	140
206	141
249	141
258	142
237	143
225	144
144	145
275	145
284	145
255	146
299	146
245	147
262	147
254	149
221	150
259	150
137	151
194	151
231	151
308	151
164	152
59	153
186	154
144	155
75	157
227	157
303	157
192	158
223	158
70	159
50	160
85	160
175	160
227	160
49	161
308	161
234	162
236	162
81	163
239	163
217	164
154	166
176	166
53	167
58	167
266	167
57	168
211	168
291	168
227	169
239	170
217	171
228	171
261	173
223	175
59	177
67	177
170	178
62	179
244	180
72	181
95	182
235	182
172	183
110	184
291	185
234	186
239	186
76	187
100	187
220	187
235	187
46	188
230	188
90	190
295	190
298	190
207	191
47	192
215	192
225	192
268	192
193	193
269	193
291	193
95	195
277	197
187	198
54	199
149	199
92	204
41	205
233	205
40	206
149	206
159	206
191	208
217	208
228	208
46	210
170	210
270	210
303	210
45	211
90	211
295	211
289	212
301	212
159	213
161	213
51	214
302	215
178	216
208	216
287	217
88	219
161	219
86	220
141	221
206	221
179	222
293	222
50	227
292	228
52	229
159	229
146	231
185	231
169	233
160	234
57	235
113	235
176	235
296	235
121	236
157	236
160	236
291	236
121	237
141	238
286	240
160	241
167	241
61	244
108	244
115	245
293	245
146	246
167	246
166	247
292	247
157	248
164	248
230	248
296	248
172	249
225	252
288	252
52	253
67	253
167	253
225	254
92	255
280	256
278	257
111	258
141	258
55	259
114	260
292	260
130	261
273	263
283	264
280	268
236	269
95	270
286	270
295	270
261	272
90	275
66	276
271	276
288	277
254	278
282	278
281	280
157	282
64	285
149	285
272	285
293	285
172	287
272	288
160	289
282	289
153	290
170	293
212	293
276	293
277	293
64	294
292	294
269	295
153	296
220	297
293	297
171	298
205	299
262	302
281	303
111	305
71	306
119	308
215	308
263	308
267	308
83	309
226	311
254	311
256	312
267	312
220	314
69	315
82	317
246	317
78	318
225	320
84	322
258	322
259	322
219	325
252	325
73	326
232	326
248	326
147	329
138	331
150	332
234	332
75	335
230	337
248	337
232	342
230	344
148	345
211	347
225	347
90	348
223	349
92	350
95	351
98	351
112	351
148	351
101	352
105	352
129	352
155	352
169	352
175	352
213	352
234	352
