256
228	7
130	8
143	8
171	8
212	8
260	8
195	10
154	11
180	11
272	15
224	21
192	23
206	23
251	23
178	24
269	25
284	26
162	27
136	28
149	28
294	28
285	29
245	30
215	31
262	31
133	32
199	32
226	32
186	33
173	34
157	35
142	37
95	41
302	41
257	42
264	45
150	46
294	46
276	48
146	51
289	52
257	53
269	54
301	54
118	60
304	68
116	69
272	69
273	70
134	74
123	76
77	82
77	84
123	85
131	85
302	85
182	86
301	88
315	89
76	90
306	90
80	94
142	95
243	96
310	97
130	99
314	100
72	103
71	106
132	108
312	109
75	116
68	119
255	119
264	120
113	121
244	121
304	121
229	123
245	123
281	123
95	124
109	124
237	125
164	127
278	129
307	129
277	130
205	131
243	131
251	131
306	131
150	133
268	133
225	134
112	135
157	135
238	135
280	136
108	137
66	139
200	139
120	142
108	143
165	143
175	143
212	145
69	147
74	147
155	147
117	148
121	149
173	151
146	152
137	153
179	154
207	154
308	159
197	160
173	161
207	161
197	163
217	163
190	164
137	168
305	169
197	173
305	173
70	174
157	175
64	177
120	177
128	177
119	178
296	178
159	179
264	179
70	180
202	180
212	180
305	181
301	182
120	183
197	185
65	187
66	187
301	188
120	189
126	190
208	196
181	198
73	199
94	199
100	200
160	200
203	201
264	204
93	206
199	208
295	211
151	213
72	217
153	218
182	218
285	219
180	221
264	222
181	223
132	225
72	227
172	227
146	230
173	230
231	230
257	230
300	235
147	236
72	241
156	241
148	247
241	247
72	248
298	252
140	256
73	257
93	265
115	268
79	269
296	270
92	271
94	272
279	273
165	279
181	279
91	280
99	280
79	281
295	284
157	285
104	288
163	288
85	290
99	293
181	293
193	294
188	297
175	298
293	299
252	300
89	301
255	304
93	309
133	314
272	314
291	315
120	316
290	316
97	318
269	320
272	322
99	326
272	327
265	329
274	331
167	332
240	332
209	333
212	336
283	336
106	337
234	338
239	339
284	339
266	342
271	344
284	344
112	346
179	346
261	347
187	351
199	351
240	351
286	351
133	352
151	352
159	352
172	352
205	352
216	352
219	352
229	352
249	352
257	352
273	352
275	352
284	352
