333
212	48
213	48
208	50
205	51
240	59
190	63
183	67
172	70
252	71
214	72
216	73
271	74
198	79
253	79
290	89
289	90
221	91
247	91
216	93
293	95
245	98
300	98
300	100
228	102
236	102
245	102
286	102
219	105
312	105
311	108
286	110
282	111
290	111
301	112
311	115
88	116
101	117
133	117
87	119
64	121
115	121
188	121
92	123
205	123
207	124
260	125
183	127
306	127
129	128
234	128
100	129
286	130
107	133
111	133
62	135
93	135
96	135
128	135
132	136
257	136
281	136
97	137
132	138
150	138
234	139
239	139
240	139
89	140
110	140
138	140
220	140
132	143
214	143
265	143
308	143
74	144
148	144
240	144
285	144
251	145
254	145
86	146
256	146
89	148
247	148
265	148
56	149
290	149
113	150
287	150
109	151
112	151
308	151
299	153
73	154
247	154
282	154
294	154
75	155
304	155
233	156
244	156
253	157
53	158
106	158
205	158
245	160
278	160
58	161
94	161
253	161
104	162
271	162
169	163
174	164
51	165
69	166
88	166
283	166
292	166
243	168
72	169
57	170
301	170
64	171
105	171
173	171
183	171
230	171
293	171
297	171
50	172
193	172
219	174
110	175
116	177
177	177
298	178
142	179
239	179
282	179
292	179
305	179
238	180
231	181
292	181
298	181
71	182
197	182
250	182
231	183
79	184
242	184
199	185
143	186
261	186
47	187
79	187
213	187
254	187
299	187
302	187
89	189
133	189
242	189
213	190
217	191
46	192
140	192
235	192
254	192
244	194
228	195
233	195
235	195
53	196
114	196
237	196
265	196
272	196
201	198
102	199
244	199
289	200
229	201
273	201
290	203
243	206
58	207
242	207
111	208
116	208
193	208
77	212
85	212
105	212
111	212
125	212
132	212
118	213
233	213
297	213
288	214
211	218
196	219
94	220
226	220
119	221
126	221
134	221
62	222
63	222
112	222
118	222
70	223
77	223
194	223
286	223
184	224
199	224
80	225
114	226
118	226
94	227
98	227
184	228
62	229
63	229
300	229
120	230
146	231
200	231
66	232
174	232
109	235
151	237
122	239
122	241
222	242
294	244
296	244
107	246
113	246
187	248
85	251
177	251
80	252
107	253
102	254
117	255
252	255
253	256
189	257
298	257
107	259
86	261
159	267
193	268
144	270
188	270
262	270
165	271
75	273
153	274
109	275
296	276
104	279
114	281
129	282
143	282
87	283
151	284
97	285
122	288
139	290
141	290
165	290
168	291
177	292
128	293
92	294
98	295
129	295
294	295
96	296
107	297
184	299
192	299
138	300
163	300
269	300
176	301
255	303
201	304
263	304
94	307
100	307
181	308
293	308
162	309
269	311
263	314
130	316
161	318
100	319
160	319
136	321
277	325
279	325
98	326
211	326
290	327
288	332
290	334
196	340
104	343
113	345
111	346
273	346
277	347
126	348
286	348
133	351
136	351
185	351
189	351
190	351
219	351
235	351
237	351
118	352
210	352
214	352
