308
204	12
205	12
195	13
182	15
188	15
180	16
175	20
250	20
255	20
261	20
264	20
147	29
159	30
209	33
150	35
197	35
234	35
193	36
208	38
242	38
269	38
199	39
185	41
248	41
255	42
200	47
270	47
199	49
250	50
187	52
181	53
270	53
227	54
219	55
253	55
258	55
214	57
271	57
273	57
241	58
267	58
216	60
259	60
279	60
205	61
251	61
247	62
250	62
206	63
234	66
268	66
228	67
253	67
260	68
212	71
161	73
176	73
202	73
243	73
254	73
242	74
191	75
250	75
261	75
265	75
269	75
183	76
225	76
170	77
250	78
183	79
236	80
276	82
286	82
230	83
175	84
241	85
150	86
252	87
214	88
208	90
241	90
241	91
243	91
264	91
221	92
225	92
227	92
231	92
245	92
254	92
277	94
288	94
275	97
155	99
208	100
229	100
218	101
208	102
244	102
257	103
264	103
224	104
235	104
151	106
202	106
158	111
214	111
148	113
224	113
67	118
153	119
218	122
170	127
249	127
273	127
176	128
205	128
92	129
257	129
299	129
169	130
222	130
61	131
221	131
93	133
244	133
304	133
82	135
299	135
299	137
192	140
222	140
303	140
76	141
87	141
266	141
93	142
309	143
73	146
186	146
93	147
172	147
266	147
56	150
90	151
177	151
82	152
72	154
193	154
73	155
95	155
90	156
177	156
296	157
308	158
179	159
58	161
170	163
302	164
217	165
69	166
72	169
88	169
50	170
57	170
64	171
100	171
105	171
94	173
100	173
209	173
85	175
159	175
172	175
166	176
194	177
206	178
263	179
104	180
107	180
71	182
146	182
197	182
203	182
218	182
251	182
269	182
284	182
258	183
79	184
93	185
95	185
204	185
290	185
155	186
79	188
143	188
94	189
160	190
101	191
213	191
246	191
304	191
155	193
54	196
276	197
96	198
135	198
249	198
174	199
253	199
107	200
304	200
92	201
277	201
272	203
284	203
92	204
102	205
104	205
134	206
176	207
60	208
78	210
105	210
298	210
118	211
111	217
116	217
98	218
102	218
139	220
105	222
121	223
299	225
261	226
139	228
120	230
255	231
73	232
75	233
246	233
72	234
195	234
85	235
191	236
128	237
181	240
192	240
300	243
128	244
300	244
97	246
181	247
186	247
295	250
81	251
187	252
293	255
294	256
213	259
214	262
123	265
79	266
131	267
205	271
189	274
295	274
101	283
83	285
295	289
255	292
102	297
113	297
169	298
164	299
257	299
83	302
259	302
164	307
293	308
117	309
83	314
275	316
276	317
291	321
272	322
273	323
99	329
113	329
120	331
118	332
133	335
247	347
285	347
145	348
249	348
244	349
199	351
221	351
283	351
192	352
214	352
241	352
257	352
272	352
279	352
