259
237	3
238	5
249	8
254	8
237	11
209	12
230	12
261	12
262	12
210	13
241	15
158	19
152	21
164	21
266	22
240	23
145	24
142	26
156	28
210	30
260	30
223	32
187	34
262	35
179	37
206	42
209	42
219	42
196	44
192	45
249	45
262	46
244	47
160	48
161	49
181	50
260	52
272	52
266	55
279	55
194	58
279	61
271	63
178	64
228	66
268	67
271	67
211	69
218	69
191	72
198	72
148	73
205	73
114	74
223	74
225	74
262	75
179	77
230	77
180	78
145	79
211	79
252	79
238	82
110	83
252	83
198	84
203	84
217	85
221	85
222	85
234	85
238	85
165	88
232	88
246	88
249	88
180	89
289	92
169	93
273	94
284	94
214	96
293	96
229	97
234	97
248	97
285	97
206	98
211	98
236	99
239	99
198	101
250	101
259	101
224	102
203	103
283	105
294	105
99	107
140	107
146	109
227	109
203	110
239	110
241	110
267	110
268	110
274	110
203	111
211	111
260	111
231	112
197	116
231	117
252	117
260	117
97	118
310	118
135	120
165	120
276	120
284	121
308	122
219	123
169	124
232	126
245	126
224	128
276	128
284	128
294	128
285	130
307	130
213	132
224	133
66	134
82	134
165	135
236	135
217	136
171	137
262	139
74	141
301	141
217	142
236	142
295	142
310	142
163	143
170	143
308	143
239	144
227	145
80	146
173	146
73	147
189	149
303	149
215	150
77	152
215	152
62	154
73	155
167	157
54	158
82	159
66	162
70	162
306	163
88	164
71	166
187	166
58	170
89	170
105	170
113	170
66	171
72	171
85	171
107	171
99	172
90	174
160	174
306	174
86	175
298	175
304	176
56	179
62	179
160	179
263	179
107	180
193	180
264	180
87	181
101	181
86	182
149	184
86	185
61	191
70	192
196	193
78	196
198	196
154	197
97	198
93	199
160	199
71	200
154	202
304	203
248	209
84	211
78	212
93	215
72	216
77	216
72	217
89	217
92	222
78	225
86	225
233	228
300	228
83	229
239	229
71	230
80	240
95	240
234	245
189	246
175	251
156	253
295	255
100	256
100	266
206	271
103	279
291	280
107	291
186	297
287	299
288	299
108	301
283	306
162	310
250	310
124	319
129	329
273	334
133	339
266	340
260	347
232	351
247	351
214	352
215	352
257	352
