313
143	3
208	3
195	4
183	5
201	5
162	6
242	8
155	9
228	9
235	9
253	10
183	12
201	12
154	13
196	13
239	13
185	15
195	15
204	15
254	15
132	16
125	18
175	18
212	18
204	19
158	20
141	21
147	21
226	21
159	24
252	24
176	29
255	31
273	31
250	32
174	33
259	33
111	34
260	34
265	35
203	36
138	39
136	40
150	40
261	41
107	42
279	43
117	44
151	44
153	44
179	44
267	44
131	45
114	46
119	46
145	46
181	46
210	48
103	49
209	49
116	51
233	51
124	52
232	55
244	55
178	57
184	57
247	57
167	58
169	58
218	58
239	58
98	59
197	59
218	60
146	61
251	62
160	63
165	63
171	66
253	66
149	67
274	67
167	68
283	68
186	69
193	69
227	69
217	73
179	74
186	74
193	74
230	74
239	74
201	75
274	75
283	78
292	79
254	82
249	83
183	85
207	87
199	89
177	90
283	91
290	91
87	93
115	93
122	94
249	94
265	94
92	95
190	96
283	97
122	98
199	98
290	98
141	100
147	101
266	101
274	101
194	106
137	107
147	107
152	109
215	109
217	109
224	109
242	109
246	109
147	110
143	111
151	111
207	111
180	112
143	113
197	114
282	114
217	116
243	116
298	116
219	117
289	117
294	117
208	118
295	120
77	121
300	121
76	122
195	122
155	123
195	124
300	128
159	129
146	130
187	130
76	131
194	131
187	132
300	133
66	134
82	134
77	135
134	136
167	139
182	139
93	142
305	142
87	143
305	143
140	144
71	146
57	148
68	148
70	148
303	148
87	152
63	153
289	153
300	153
80	154
291	154
55	156
129	158
53	159
295	160
66	161
72	162
282	162
82	163
294	163
51	164
52	164
288	164
69	165
77	165
179	166
288	169
77	170
190	170
294	170
295	170
65	171
66	171
72	171
134	171
299	171
307	171
279	172
284	172
140	173
146	173
171	173
134	176
173	177
187	177
56	179
62	180
73	181
107	181
195	181
148	182
202	183
228	183
290	186
70	187
75	187
104	188
304	188
228	190
234	191
62	193
285	194
305	194
290	196
290	201
297	201
69	205
302	206
278	209
86	211
282	211
70	213
224	215
76	216
77	218
99	218
290	218
171	219
300	222
72	224
72	225
139	226
151	226
76	233
249	234
71	238
178	240
245	240
268	240
82	241
72	242
274	242
189	243
297	245
179	246
296	250
81	256
290	256
257	257
263	261
170	269
89	273
219	273
139	276
223	277
139	281
232	281
142	282
128	284
91	286
279	289
129	292
287	295
98	299
258	302
252	307
259	309
115	311
250	319
283	319
118	321
269	322
263	326
146	329
248	329
126	331
253	331
140	332
250	333
256	337
153	338
156	345
157	345
165	345
183	347
244	349
270	349
206	351
177	352
222	352
223	352
266	352
