366
191	11
190	12
196	12
202	12
208	12
179	19
233	19
203	22
209	22
164	31
250	33
254	38
157	42
211	43
239	43
200	51
211	51
156	52
252	53
225	54
246	55
250	55
269	57
271	57
154	58
263	59
210	60
224	60
144	61
226	61
139	62
265	64
232	66
253	66
224	67
226	67
134	68
143	68
147	69
199	69
271	70
141	71
227	71
166	72
129	73
219	73
224	76
138	79
182	80
188	80
133	82
226	82
278	82
166	83
122	85
231	85
194	88
212	88
252	88
291	88
196	90
219	90
282	90
227	91
180	92
214	92
280	93
282	93
143	94
263	94
141	95
170	95
229	97
266	97
197	98
292	98
192	99
230	99
187	100
213	100
138	101
206	101
258	101
192	102
194	103
178	104
187	104
227	104
259	104
185	107
241	107
142	108
144	108
253	108
156	109
151	110
173	110
196	111
207	113
159	114
174	114
185	114
190	114
185	115
218	117
140	118
150	118
230	119
150	120
156	120
157	121
166	121
171	122
230	123
233	123
209	125
203	126
240	127
210	129
218	131
227	131
94	135
208	137
193	140
215	140
220	140
208	142
215	144
246	144
224	145
65	146
93	146
221	146
66	147
82	148
59	149
254	150
56	151
252	151
308	151
91	153
54	155
90	157
284	157
82	158
278	158
55	159
219	159
287	159
221	160
60	162
67	162
63	163
307	163
81	166
287	166
69	167
64	168
65	168
86	168
59	169
305	171
67	173
198	174
292	174
211	175
289	175
56	177
59	177
202	179
208	179
195	180
198	181
298	184
138	185
171	186
155	187
72	188
74	188
168	188
178	188
207	189
61	191
106	191
155	191
168	191
187	191
103	192
196	192
77	194
84	194
206	195
139	196
77	198
168	198
178	199
181	199
183	200
194	200
72	202
204	202
78	203
197	203
224	204
235	205
177	206
104	207
99	208
171	208
200	209
89	210
82	211
185	211
209	213
288	215
239	216
75	217
82	217
216	218
190	219
239	219
90	220
245	220
86	221
180	221
284	221
162	222
187	222
214	224
155	225
167	225
189	226
86	228
208	228
104	229
214	229
98	230
173	231
272	233
174	234
300	234
142	235
180	235
216	235
189	237
192	237
82	238
73	239
182	240
258	240
213	241
263	242
265	242
86	243
90	243
173	243
269	243
173	244
180	244
122	245
140	246
117	247
217	247
132	248
92	249
137	249
192	249
81	251
86	251
130	251
180	251
173	252
96	255
227	256
264	256
283	258
112	259
129	261
137	261
166	261
218	261
287	261
84	262
175	263
226	266
259	266
221	267
296	267
89	268
92	268
229	268
264	268
85	271
86	271
176	271
131	272
175	272
274	275
279	277
201	280
88	281
196	281
280	281
285	284
275	285
201	287
142	290
273	290
147	291
279	292
211	293
134	294
140	296
155	296
295	296
162	298
163	300
109	302
115	302
211	302
98	306
290	307
110	308
159	308
93	313
292	313
95	314
158	315
143	318
111	319
119	320
149	321
183	323
283	325
106	327
110	329
281	329
289	329
282	330
288	330
116	334
195	336
285	337
179	338
120	339
195	343
180	344
195	344
200	344
126	346
285	347
174	350
180	350
126	351
195	351
200	351
266	351
282	351
131	352
146	352
151	352
213	352
232	352
236	352
249	352
251	352
