354
130	3
224	3
247	3
127	8
184	8
249	10
121	11
192	11
214	11
120	12
168	12
204	13
192	14
201	14
207	15
123	16
134	16
150	16
220	17
222	17
253	18
170	21
214	21
236	21
117	23
127	25
177	25
239	26
240	29
131	31
222	31
233	32
109	34
137	36
168	36
222	36
195	37
169	38
269	38
141	39
118	41
202	41
209	41
114	46
160	46
181	47
192	47
259	48
170	49
251	50
201	51
218	51
197	52
126	56
126	57
208	57
160	58
132	60
199	61
108	63
156	64
87	65
106	65
224	65
199	67
136	69
117	72
222	76
116	80
264	81
225	83
258	83
267	83
79	85
94	88
103	88
192	94
275	96
184	98
277	104
149	105
145	106
94	108
102	108
174	109
145	110
180	111
185	112
131	113
181	114
154	115
277	115
190	117
146	118
161	119
170	119
199	119
80	120
73	121
153	122
291	123
174	124
204	125
200	127
293	127
82	128
72	130
161	130
80	131
180	135
220	135
303	135
68	136
303	136
293	137
77	138
147	138
206	138
267	138
274	139
175	141
169	142
191	142
213	142
286	142
163	143
84	144
65	145
164	146
168	146
66	147
293	147
59	148
71	148
185	148
145	149
296	153
297	153
74	154
239	154
150	155
250	155
192	156
243	156
117	157
164	157
169	157
119	158
177	158
54	159
272	159
297	160
149	161
188	161
278	161
115	162
250	162
132	163
146	163
243	163
131	164
62	165
150	165
178	165
66	166
68	166
75	166
243	166
287	166
295	166
72	167
104	167
247	167
101	170
157	172
247	172
256	172
67	173
123	173
264	176
56	177
59	177
292	177
295	178
241	179
70	180
120	180
200	180
73	181
197	181
107	182
101	183
105	183
233	183
278	183
88	184
151	184
202	184
260	185
74	187
99	187
182	187
294	187
72	188
197	188
206	188
233	188
264	188
116	189
197	190
109	191
133	191
233	191
60	192
288	192
149	193
186	193
201	194
92	196
107	196
239	196
130	198
253	198
88	200
181	200
226	200
255	201
288	203
291	203
168	205
268	205
182	206
231	206
247	206
272	207
176	209
250	210
111	211
281	212
261	214
110	216
103	217
177	217
179	217
265	217
245	220
284	220
196	222
176	225
92	227
125	227
175	228
87	229
100	229
99	231
292	231
123	232
233	232
71	233
270	236
83	238
170	238
288	244
87	245
167	245
217	246
87	247
80	251
167	251
279	251
290	251
219	252
285	252
218	255
94	261
174	261
266	261
204	262
220	262
157	263
86	264
93	266
89	268
166	268
174	268
205	268
215	268
173	269
181	270
217	273
181	275
173	277
101	280
270	280
274	281
165	285
171	286
181	286
260	289
159	291
272	291
277	291
171	292
250	293
119	294
169	294
258	294
104	295
108	296
111	296
147	296
266	298
159	299
118	300
169	300
181	300
117	301
241	301
108	302
281	302
290	302
270	303
149	307
181	307
289	308
116	309
290	309
274	311
148	314
235	314
182	315
268	316
171	318
278	318
289	321
267	326
152	327
163	328
215	329
210	331
287	332
249	334
287	334
198	335
228	335
245	335
181	336
212	336
234	341
237	341
249	342
235	349
249	352
264	352
