398
174	3
190	3
195	5
209	7
170	9
162	10
118	11
133	11
141	12
117	13
190	13
208	14
155	18
219	18
221	19
230	19
120	22
186	22
192	24
219	27
205	28
240	28
160	29
192	30
105	32
190	32
227	33
242	33
198	34
237	34
190	36
136	38
245	38
235	39
214	40
190	41
209	41
173	42
202	44
192	45
99	46
126	47
140	47
102	48
121	48
173	49
176	49
247	49
121	50
177	50
207	50
133	52
139	52
132	53
237	53
247	53
187	56
140	57
210	57
193	58
214	58
88	59
179	59
138	60
196	60
168	61
125	62
187	62
229	62
235	62
123	63
225	64
99	66
222	66
225	66
252	66
95	67
116	68
121	68
187	68
248	68
134	69
142	69
168	70
218	72
82	74
159	74
249	74
254	74
150	76
163	76
201	76
210	76
248	76
127	77
229	77
90	78
132	79
138	79
179	80
224	81
156	83
166	85
173	85
190	85
198	85
88	87
219	87
131	89
147	89
153	89
201	89
119	92
120	93
147	94
153	94
165	95
211	95
200	96
216	96
177	97
189	97
169	98
182	98
154	100
125	101
131	101
177	101
222	101
169	102
174	102
210	103
206	104
207	107
150	109
152	110
186	110
195	112
243	113
182	114
192	114
235	114
199	115
264	115
256	116
144	118
228	118
133	120
139	121
190	123
195	124
139	125
185	126
279	127
279	128
63	133
99	135
107	135
186	137
128	138
275	144
153	145
259	145
129	146
178	146
65	147
191	147
81	151
89	151
175	151
182	151
188	151
178	152
274	152
277	152
151	154
270	154
110	155
259	155
153	157
160	158
281	158
143	159
57	160
62	160
142	160
178	160
135	161
184	161
148	162
167	162
110	163
142	163
166	163
176	163
50	164
160	164
66	168
74	168
159	168
52	169
108	169
101	170
164	170
166	170
168	171
173	172
75	173
77	173
83	173
111	173
68	175
226	175
164	176
235	176
92	177
279	177
94	178
176	178
85	179
111	180
164	180
193	180
53	181
120	182
128	182
197	184
296	184
102	185
60	186
224	186
54	187
276	187
285	187
276	188
61	189
56	190
112	190
107	192
57	193
159	194
164	195
172	195
124	196
117	197
132	198
107	199
127	199
265	199
298	200
55	201
102	201
214	202
54	203
151	204
156	204
201	204
294	206
262	207
127	209
197	209
98	210
160	210
208	210
239	211
250	211
251	211
59	212
244	212
259	212
148	213
282	213
101	216
117	216
149	216
157	216
244	218
113	219
276	220
212	222
276	222
146	223
157	224
282	224
107	225
217	225
248	226
281	226
56	227
230	227
89	230
235	231
114	232
179	232
201	232
196	234
65	235
235	235
60	238
273	238
273	239
180	240
182	240
202	240
197	241
259	241
107	242
206	244
168	246
185	246
254	250
274	251
58	252
59	252
171	253
256	253
61	257
169	257
104	259
245	261
122	262
249	265
129	267
178	269
59	270
83	272
87	272
220	272
149	274
223	276
180	277
133	280
148	282
222	282
247	283
132	287
224	287
165	289
81	290
92	291
76	293
153	294
160	294
220	294
261	294
71	298
179	299
222	300
275	300
249	301
250	301
244	306
180	307
77	309
161	310
150	311
273	311
82	314
258	316
160	317
176	319
254	320
262	321
156	325
175	326
266	326
85	330
141	331
273	331
155	332
188	333
254	336
226	337
238	339
151	340
219	340
188	341
185	342
215	342
233	342
248	343
271	345
240	346
150	347
155	348
174	349
198	350
186	351
215	351
217	351
115	352
139	352
183	352
192	352
247	352
249	352
262	352
264	352
