356
171	65
180	67
129	68
172	73
114	77
178	77
147	78
183	83
100	88
167	93
187	98
197	98
142	99
152	100
96	104
170	105
207	105
174	107
134	109
199	110
206	110
86	112
163	112
150	113
200	113
98	114
163	116
91	117
133	117
163	118
83	119
165	120
217	120
66	121
91	121
66	122
83	122
148	123
208	123
212	123
138	125
158	125
174	125
198	125
138	127
151	127
154	127
189	128
195	128
95	129
97	129
147	129
165	131
184	131
277	131
290	132
259	134
80	135
102	136
170	136
213	136
92	137
155	137
199	137
135	138
248	138
129	139
146	140
154	140
187	140
199	140
120	141
205	141
96	142
194	142
82	143
83	143
110	143
169	144
64	145
127	145
275	145
72	146
249	146
92	147
96	147
183	147
208	147
138	148
253	148
297	149
100	150
106	150
259	151
115	153
127	153
176	153
120	154
126	154
149	154
157	154
71	156
256	156
92	157
96	157
185	157
187	157
107	158
113	158
114	158
167	158
259	158
263	158
157	159
278	159
77	160
80	160
107	162
113	162
133	162
182	162
169	163
85	164
147	165
247	165
271	165
101	166
153	166
180	167
216	167
258	167
114	168
136	168
213	168
43	170
131	170
169	172
258	172
114	173
246	174
251	174
279	174
281	174
99	175
150	176
251	176
122	177
257	178
299	178
246	179
279	180
149	182
157	182
94	183
224	183
216	184
162	185
256	185
257	186
158	187
226	187
235	187
288	187
180	188
245	188
252	188
297	188
300	188
82	191
90	191
91	193
157	193
264	193
273	194
246	196
252	197
90	200
219	200
226	200
227	200
236	200
259	200
69	201
78	201
249	204
236	205
245	205
254	205
272	207
279	208
78	209
69	210
232	211
235	211
59	214
67	214
138	216
157	217
35	218
60	218
67	218
149	219
135	220
97	222
103	222
239	225
254	227
282	227
140	228
96	229
145	229
111	232
90	233
118	233
77	234
119	235
270	235
277	235
71	236
259	236
273	236
264	237
285	237
137	238
142	239
89	240
126	240
135	240
118	243
254	243
272	243
139	245
111	246
117	246
63	247
56	248
75	250
81	250
126	250
267	250
275	251
100	252
58	253
101	253
207	253
184	254
214	254
214	256
224	259
42	260
60	260
102	260
102	263
125	263
135	263
155	264
95	265
256	265
274	265
128	267
109	268
148	270
89	271
83	272
84	274
211	274
273	277
274	277
128	278
88	279
91	279
179	280
212	280
219	280
264	280
268	280
206	281
184	282
211	282
80	284
118	284
274	284
76	287
219	290
227	290
40	291
68	292
224	292
245	292
233	293
65	294
51	295
167	297
270	297
256	298
188	300
76	301
223	301
226	301
167	306
199	306
226	306
247	306
169	307
234	307
204	308
270	308
42	312
275	313
215	314
117	315
248	316
270	316
217	317
230	318
217	321
117	322
127	322
226	322
234	322
265	323
65	328
224	329
270	329
227	330
256	330
270	330
220	333
250	334
264	334
53	336
224	336
202	340
211	343
229	344
196	346
215	346
232	346
232	348
226	349
111	350
150	351
158	351
174	351
176	351
190	351
237	351
67	352
78	352
81	352
91	352
96	352
130	352
202	352
214	352
224	352
