572
178	51
217	56
147	60
226	60
151	61
230	63
232	63
238	63
242	63
214	66
163	68
228	68
149	70
158	72
229	72
214	73
209	74
248	74
214	77
127	78
229	78
211	79
146	82
194	82
201	82
230	83
234	83
147	84
209	85
226	85
186	87
185	88
209	88
186	89
216	89
160	91
177	92
205	93
228	93
233	93
241	93
244	93
252	94
253	95
137	96
247	96
207	97
111	100
137	100
216	100
233	100
159	101
161	101
208	101
229	101
177	102
248	102
212	103
119	104
188	104
239	104
247	104
108	105
200	106
188	107
219	108
232	108
239	108
177	109
216	109
161	110
166	111
172	111
186	111
258	112
186	113
258	113
198	114
216	114
112	115
192	115
204	115
206	115
172	117
186	117
224	117
201	118
217	118
135	120
167	120
77	121
83	121
87	121
73	122
152	122
159	122
114	123
131	123
189	123
217	123
225	123
166	124
209	124
212	124
219	124
235	124
71	126
83	126
178	127
202	127
228	127
235	127
85	128
237	128
247	128
252	128
142	129
166	129
168	129
159	130
249	130
152	131
219	131
178	132
213	132
70	133
83	133
192	133
68	134
77	134
151	134
190	134
261	134
279	134
111	135
144	135
262	135
168	136
178	136
221	136
213	137
228	137
83	138
87	138
144	139
159	139
213	139
262	139
268	139
145	140
205	140
168	141
194	141
75	142
237	142
279	142
146	143
159	143
165	143
228	143
115	145
226	145
228	145
289	145
137	147
182	147
239	147
258	147
84	148
138	148
155	148
214	148
252	148
267	148
172	149
174	149
207	149
247	149
167	150
280	152
238	153
72	154
229	154
275	154
279	154
263	155
77	156
247	156
255	156
160	157
166	157
167	157
216	157
247	157
208	158
217	158
238	158
220	159
289	160
157	161
177	161
76	162
228	162
234	162
277	162
161	163
247	163
275	163
138	164
218	164
109	165
114	165
224	165
162	169
211	169
232	169
243	169
90	170
97	170
189	170
199	170
224	170
77	171
83	171
132	173
160	173
162	173
177	173
232	173
241	173
292	173
211	174
290	174
169	175
171	175
222	175
243	175
266	175
107	176
200	177
271	179
279	180
213	181
264	181
44	182
84	182
189	182
197	182
215	182
232	182
89	183
237	183
242	183
139	184
142	184
264	184
140	185
149	185
160	185
202	185
169	186
251	186
222	187
282	187
82	188
141	188
149	188
219	188
242	188
263	188
275	188
89	189
155	189
227	189
232	189
234	189
242	190
286	190
136	191
219	191
227	191
234	191
70	192
97	192
82	194
90	194
155	194
189	195
198	195
268	195
279	195
288	195
74	196
135	196
169	196
208	196
219	196
227	196
234	196
163	197
226	197
70	201
78	201
145	201
161	201
234	202
60	203
243	203
276	203
61	204
189	204
207	204
227	204
163	205
251	205
253	205
127	206
140	206
189	206
197	206
214	206
216	206
132	207
150	207
178	207
184	207
191	207
222	208
61	209
119	209
98	210
171	210
173	210
42	211
93	211
148	212
246	212
248	212
142	213
222	214
206	215
255	215
59	216
152	216
229	216
142	217
62	218
132	218
134	218
204	218
221	218
152	219
157	219
210	219
219	219
228	219
246	219
270	219
280	219
101	220
164	220
247	220
95	221
173	221
102	223
193	223
200	224
228	224
96	225
264	225
279	225
146	226
200	226
85	227
208	227
239	227
61	228
114	228
182	228
126	229
146	229
219	229
226	229
134	231
195	231
272	232
127	233
131	233
111	234
79	235
247	235
69	236
124	236
257	236
177	237
97	238
226	238
230	238
249	238
139	239
251	239
273	239
150	240
211	240
245	240
92	241
97	241
211	242
160	243
244	243
115	244
251	244
212	246
224	246
127	247
194	247
182	248
86	249
89	249
111	249
158	249
100	250
134	250
242	250
84	251
228	251
72	252
76	252
197	252
246	253
212	254
237	255
76	256
85	256
120	257
176	258
108	259
135	259
137	260
142	260
144	260
186	260
195	261
119	262
183	262
185	262
102	264
105	264
157	264
171	264
216	264
147	265
229	265
92	266
242	266
168	267
199	267
142	268
256	268
99	269
137	269
237	269
241	269
110	270
122	270
158	270
186	271
199	271
219	271
229	271
136	272
158	272
180	272
122	273
132	273
184	273
191	274
230	275
90	278
108	278
141	279
193	279
202	280
218	280
253	280
210	281
123	282
164	282
184	282
192	282
135	283
167	283
100	284
195	285
199	285
204	285
210	285
233	285
250	285
204	286
182	287
212	287
153	290
168	290
172	291
175	291
253	291
185	292
190	292
233	292
203	293
240	293
210	294
212	294
223	294
166	295
184	296
214	297
219	297
108	298
200	298
155	299
211	299
157	300
146	301
176	301
203	303
134	304
221	304
172	305
235	306
110	309
159	309
163	309
147	310
110	311
231	311
135	312
174	312
117	313
127	315
158	315
164	316
161	317
143	320
184	320
219	320
112	321
131	322
155	323
120	325
221	325
186	327
236	328
109	329
185	330
119	332
150	332
143	335
242	335
223	337
185	338
154	341
216	341
195	343
198	344
209	344
168	346
198	347
201	348
198	349
218	352
