587
219	68
236	68
242	69
240	70
242	74
190	75
256	76
223	77
221	78
253	78
244	80
238	82
213	83
245	83
224	84
258	84
259	85
192	87
193	88
208	88
229	89
236	89
174	91
219	91
223	91
227	93
245	93
261	93
250	94
219	98
262	98
186	100
229	101
172	103
227	103
231	103
207	107
220	107
263	107
186	108
230	109
257	109
160	110
194	110
163	111
182	111
267	112
171	113
200	117
225	118
183	119
185	119
193	119
194	119
199	119
208	120
224	120
254	122
260	122
205	125
76	126
157	126
159	126
161	126
200	126
83	127
175	127
274	127
278	127
84	128
200	128
285	130
136	131
142	132
201	132
256	132
84	133
116	133
151	133
206	133
214	133
290	133
105	134
115	134
155	134
280	134
183	135
194	135
76	136
175	136
207	137
285	137
142	138
285	138
87	139
149	139
240	139
141	140
248	140
162	141
261	141
280	141
132	142
194	142
200	142
289	142
74	143
126	143
218	143
172	144
188	144
65	145
72	146
108	146
136	146
164	146
173	146
210	146
297	146
82	147
188	147
223	147
116	148
192	149
286	152
83	153
138	153
182	153
203	153
249	153
268	154
151	155
170	155
296	155
72	156
112	156
205	156
246	156
123	157
212	157
225	157
97	158
102	158
135	158
134	159
172	159
196	159
289	159
90	160
187	160
199	160
77	161
172	161
252	161
89	162
102	162
110	162
150	162
268	162
277	162
96	163
102	163
134	163
259	163
146	164
225	164
246	164
268	165
272	165
208	166
297	166
274	167
46	169
86	169
95	169
101	169
118	169
128	169
247	169
122	170
256	170
304	171
167	172
300	172
95	173
195	174
267	174
102	176
109	176
257	176
271	176
64	177
110	177
247	177
154	178
95	179
125	179
255	179
70	180
73	180
165	180
298	180
85	181
93	182
176	182
197	182
290	182
297	182
80	183
255	183
271	183
153	184
201	184
264	184
120	185
247	186
132	187
176	187
238	187
253	187
85	188
110	188
118	188
217	188
244	188
119	189
182	189
234	190
264	190
270	190
287	191
297	191
70	193
121	193
194	193
263	193
305	193
172	194
202	194
88	195
108	195
200	195
103	196
192	197
117	198
73	199
121	199
182	199
95	200
134	200
198	200
224	200
261	200
270	200
277	200
119	201
126	201
68	202
69	202
120	202
232	202
258	202
60	203
63	203
163	203
191	203
302	203
62	204
152	204
187	204
278	204
176	205
207	205
291	205
294	205
145	206
152	206
157	206
169	206
195	206
213	206
187	207
242	207
100	208
258	208
62	209
69	209
88	209
194	209
95	210
127	210
248	210
266	210
69	211
76	211
157	211
186	211
284	211
256	212
178	213
194	213
190	214
293	214
69	215
102	215
298	215
61	216
96	216
157	216
169	216
171	216
248	216
70	217
78	217
121	217
125	217
43	218
199	218
242	218
244	218
255	218
132	219
150	219
62	220
104	221
288	221
299	221
300	221
90	222
92	222
124	222
128	222
130	222
288	222
87	223
131	223
262	223
79	224
69	225
118	225
219	225
53	226
97	226
128	226
151	226
220	226
230	226
255	226
93	227
224	227
247	227
260	227
107	228
156	228
164	228
253	228
102	230
134	230
233	230
253	231
148	232
188	232
267	232
220	233
223	233
164	234
215	234
299	234
94	235
140	235
171	235
286	235
124	236
165	236
122	237
180	237
204	237
292	237
117	238
122	238
140	238
102	239
135	239
196	239
243	239
250	239
88	240
232	241
97	242
151	242
223	242
250	242
260	242
283	242
122	244
130	244
142	244
114	245
138	245
148	245
164	245
278	245
267	246
216	247
234	249
236	249
248	250
249	250
285	250
93	251
133	251
137	251
226	251
242	251
278	251
102	252
110	252
159	255
137	256
177	256
184	256
243	256
267	256
110	257
148	257
213	259
222	259
254	260
257	260
282	260
109	261
143	261
233	261
187	262
156	263
179	265
181	265
124	266
205	266
92	267
150	267
223	268
173	269
227	269
267	269
105	270
168	270
199	270
118	271
123	271
158	271
247	271
153	272
284	272
183	273
184	273
126	274
177	274
220	276
257	276
283	276
117	277
152	277
229	277
279	277
195	278
236	278
272	278
177	279
179	279
274	279
287	279
145	280
169	280
201	280
249	280
102	281
161	282
196	282
219	283
108	284
113	285
234	285
260	285
279	285
230	287
238	287
289	287
180	288
212	288
160	289
290	289
222	292
160	293
167	293
226	293
285	295
194	296
238	296
118	297
214	297
249	297
270	297
259	298
148	299
182	299
241	299
276	299
292	299
228	300
137	301
291	301
169	303
173	303
253	303
195	306
184	307
197	307
238	307
247	308
175	309
214	309
230	309
233	309
249	309
259	309
241	310
137	312
225	312
234	312
196	313
164	314
224	315
253	315
242	316
272	316
200	317
141	319
238	319
260	319
226	320
159	321
270	321
267	322
247	323
275	324
190	325
184	327
249	327
291	327
158	328
230	329
237	329
238	329
276	329
260	330
230	331
265	331
176	332
272	332
233	333
286	334
223	335
166	336
168	336
254	336
204	338
253	338
262	338
185	339
219	339
218	341
256	341
210	342
243	342
259	342
289	342
283	345
221	347
256	347
248	349
237	350
236	352
248	352
252	352
265	352
278	352
