513
270	83
235	86
217	91
277	94
202	104
284	104
292	105
233	108
249	111
194	112
268	112
216	114
269	114
288	114
291	115
186	116
225	116
232	116
179	117
248	117
254	122
267	122
195	124
215	124
172	125
205	125
185	126
216	126
225	126
227	127
294	127
251	129
254	129
177	130
294	130
185	132
195	132
205	132
210	134
215	134
197	135
201	135
227	135
161	136
221	136
229	136
185	137
237	137
177	138
188	138
250	139
169	141
179	141
250	141
262	141
295	141
170	142
203	142
188	144
207	144
210	144
221	144
228	144
293	144
176	145
179	145
202	145
271	145
275	145
279	145
218	146
207	147
279	147
204	148
179	149
188	149
258	149
170	150
267	150
268	150
275	150
276	150
247	152
250	152
169	153
252	153
171	154
161	155
203	155
282	155
284	155
291	155
187	156
199	156
267	156
278	156
178	157
214	157
232	157
269	157
304	157
200	158
221	158
244	158
245	159
181	160
183	160
232	160
252	160
278	163
278	164
283	164
301	164
269	165
170	166
187	166
200	166
214	166
194	167
221	167
250	167
161	168
239	168
173	169
176	169
194	170
251	170
187	171
259	172
239	173
278	173
298	173
179	174
221	175
218	177
281	177
144	178
190	178
228	178
230	178
196	179
198	179
203	179
239	179
179	180
234	180
188	181
247	181
274	181
168	182
190	182
218	182
297	182
243	184
282	185
291	185
296	185
222	186
223	186
190	187
251	187
171	188
203	188
211	188
244	188
252	188
259	188
155	189
196	189
199	189
203	189
234	189
268	189
274	189
179	190
136	191
173	191
252	191
140	193
244	193
183	194
234	194
168	196
170	196
211	196
288	196
203	197
234	197
249	197
254	197
302	197
197	198
203	198
234	198
183	199
223	199
263	199
267	199
176	200
255	200
249	201
257	201
196	202
214	203
216	203
223	203
159	204
198	204
203	204
204	204
209	204
234	204
299	204
150	205
157	206
298	206
184	207
225	207
291	208
216	209
184	210
215	210
225	210
167	211
257	211
279	211
242	212
286	212
198	213
219	213
167	214
182	214
175	216
214	216
219	216
286	216
192	219
278	219
294	219
272	220
286	220
135	222
154	222
189	222
142	223
166	223
160	224
182	224
212	225
234	226
256	226
272	226
302	226
168	227
209	227
218	227
222	227
135	228
275	228
296	228
141	229
152	230
182	230
184	230
159	231
292	233
234	234
236	234
184	235
133	236
141	236
236	236
246	236
276	236
212	237
216	237
191	238
206	238
216	238
294	238
300	238
209	239
225	239
178	240
160	241
217	241
164	242
166	242
152	243
279	244
174	245
164	246
249	246
173	247
256	247
207	248
293	250
152	251
173	251
187	251
207	251
278	251
288	251
265	252
161	253
211	253
270	253
141	255
161	255
196	255
152	256
134	257
204	257
255	258
172	259
262	260
236	261
244	261
278	261
164	262
212	262
184	263
194	263
286	263
286	264
204	265
262	265
200	266
208	266
293	266
136	267
142	267
271	267
193	268
276	268
197	269
208	270
217	270
262	270
242	271
163	272
175	272
286	272
179	273
252	273
290	273
136	274
142	274
153	274
155	274
233	274
258	274
285	274
168	275
144	276
218	276
222	276
269	276
274	276
197	277
252	277
258	277
204	279
144	280
195	280
242	280
268	280
137	281
249	281
273	282
290	282
259	283
264	283
204	284
179	285
145	286
210	286
222	286
157	287
229	287
140	288
200	288
258	288
273	288
262	289
283	289
127	290
151	290
262	291
269	291
210	293
194	294
291	294
166	296
186	296
215	296
152	297
174	297
229	297
242	297
280	297
142	299
268	299
149	300
198	300
203	300
274	300
262	301
174	302
254	302
257	303
276	304
288	304
176	305
242	305
190	306
212	306
220	306
270	306
197	307
203	307
248	307
257	307
205	309
248	309
143	310
190	310
231	310
268	310
153	311
175	311
241	311
236	312
272	313
286	313
131	314
151	314
243	315
260	315
262	315
177	316
272	316
279	316
279	318
198	320
254	320
252	321
153	322
177	322
187	324
233	325
132	326
146	326
152	326
233	326
242	326
276	326
140	327
201	327
256	327
260	327
162	328
218	328
287	328
262	329
196	330
166	331
189	331
284	331
155	332
209	332
244	332
160	333
169	333
211	333
254	333
274	333
287	333
143	334
189	334
252	334
144	335
160	335
165	335
184	335
260	335
269	335
274	336
144	338
152	339
248	339
260	339
256	340
158	341
185	341
285	342
192	343
262	343
137	344
185	344
289	345
279	346
256	349
146	351
223	351
256	351
267	351
278	351
156	352
198	352
237	352
240	352
258	352
