558
212	67
221	68
130	70
136	70
136	72
202	73
219	78
116	79
181	79
202	82
206	82
214	82
197	83
205	83
181	85
186	86
154	88
176	89
213	89
145	90
102	91
103	91
215	91
196	93
122	96
189	96
206	96
215	97
231	97
233	97
154	99
156	99
105	100
147	100
174	100
229	100
143	101
215	102
108	104
201	104
113	105
100	106
103	108
156	108
158	108
165	109
144	110
147	111
240	111
123	112
190	112
201	112
233	112
239	112
158	113
217	114
191	115
113	116
172	116
147	117
136	118
172	118
158	119
207	119
139	120
152	120
242	120
160	121
166	121
179	121
201	121
125	123
128	123
176	124
179	124
201	124
139	125
186	125
222	125
109	126
217	126
219	126
131	127
140	127
166	127
192	127
209	127
116	128
160	128
169	128
234	128
107	129
181	129
202	129
209	129
131	130
251	130
140	131
146	132
151	132
181	133
69	134
112	134
152	135
159	135
219	136
75	137
140	137
143	137
169	137
170	137
179	137
190	137
212	137
223	137
152	138
159	142
165	142
248	142
170	143
134	144
165	144
179	145
152	146
154	146
165	147
259	148
120	149
204	149
133	150
213	150
249	151
236	152
80	153
243	153
255	153
122	154
86	155
232	155
266	155
177	156
194	156
86	157
94	157
105	157
186	157
109	158
111	158
159	158
136	159
159	160
170	160
173	160
186	160
68	161
224	161
232	161
190	162
275	162
284	162
75	163
117	163
254	163
109	165
251	165
285	165
116	166
103	167
174	167
213	167
239	167
85	168
93	168
163	168
272	168
167	169
169	169
190	169
209	169
263	169
300	169
129	170
187	170
232	170
158	173
253	173
256	173
280	173
287	174
289	174
305	174
65	175
221	175
115	177
211	177
217	178
257	178
275	178
151	179
157	179
265	180
284	180
122	181
217	181
240	181
85	182
92	182
71	183
167	183
225	183
176	184
245	184
261	184
124	187
269	187
292	187
187	188
195	188
252	188
260	188
294	188
71	189
133	189
53	190
67	190
225	190
237	190
244	190
85	191
229	191
235	191
252	191
91	192
185	192
194	192
300	195
305	195
229	196
166	197
185	197
237	197
238	197
279	197
166	198
174	198
192	198
206	198
263	198
267	198
140	199
153	199
156	199
85	200
91	200
209	200
257	200
280	200
298	200
67	201
74	201
123	201
223	201
227	201
250	201
303	201
115	202
126	203
132	203
133	203
238	203
145	204
146	204
183	205
85	206
92	206
192	206
227	206
190	207
199	207
237	207
252	207
299	207
115	208
173	208
234	208
104	209
152	209
157	209
179	209
210	210
221	210
227	210
67	211
86	211
93	211
142	211
136	212
160	212
164	212
167	212
215	212
227	212
234	212
280	212
257	213
104	214
126	214
136	214
146	214
199	214
204	215
252	216
96	217
238	218
270	218
71	221
78	221
96	221
107	221
187	221
275	221
177	222
185	222
194	222
213	222
247	222
260	222
87	223
139	223
253	223
111	224
238	224
221	225
102	226
117	226
128	226
245	226
274	226
194	227
87	228
117	229
165	229
174	230
87	231
185	231
209	231
228	231
82	232
119	233
169	233
179	233
240	233
247	233
75	234
186	234
105	235
145	235
209	235
67	236
95	236
141	236
90	238
93	238
102	238
186	238
75	239
156	239
219	239
250	239
70	240
149	240
214	240
218	240
119	241
136	241
196	241
199	241
207	241
93	242
162	242
186	242
213	242
201	243
246	243
248	243
87	244
250	244
193	245
122	246
193	247
201	247
175	248
221	248
227	248
237	248
72	249
76	249
230	249
76	250
201	250
211	250
249	250
102	251
68	252
122	252
212	252
186	253
188	253
130	254
135	254
92	255
154	255
230	255
199	256
165	258
207	258
74	259
85	259
108	259
157	260
167	260
225	260
101	261
137	261
171	261
174	261
66	262
198	262
111	263
131	263
174	263
183	263
85	264
101	264
107	264
167	264
108	265
118	265
165	265
215	265
153	266
189	266
78	267
183	268
226	268
99	269
147	270
216	270
150	271
226	272
236	272
108	273
132	273
184	273
224	273
118	274
126	274
234	274
244	274
194	275
176	276
215	276
204	278
75	279
203	279
216	279
189	280
150	281
199	281
72	282
239	282
208	283
186	284
204	285
206	285
216	285
195	287
73	289
231	289
91	290
201	290
195	291
188	292
205	292
207	292
240	293
137	294
147	294
174	294
128	296
185	296
190	296
193	296
204	298
209	298
227	298
90	299
194	300
176	301
137	303
79	305
137	305
218	305
122	306
129	306
131	306
163	308
204	308
215	308
224	309
87	310
224	310
122	311
139	311
156	311
124	312
93	313
115	313
145	313
215	313
139	314
226	316
184	317
87	320
127	320
199	321
211	321
193	322
223	322
226	324
129	326
133	326
189	326
201	326
164	327
114	328
155	331
191	332
93	333
191	334
227	334
112	335
133	335
129	336
192	339
149	343
99	345
130	345
185	345
227	345
150	351
156	351
179	351
185	351
221	351
168	352
177	352
198	352
