840
203	18
217	18
227	24
176	25
197	25
190	26
260	26
261	26
238	27
250	27
239	29
134	30
135	30
145	30
146	30
239	31
233	32
241	32
260	33
266	33
123	35
260	37
218	38
243	38
116	39
206	39
211	40
135	41
147	41
191	42
207	42
180	43
128	45
170	45
221	45
98	47
153	47
200	47
223	47
239	47
263	48
210	49
230	49
191	50
108	52
162	52
262	52
126	53
159	53
200	53
130	54
139	54
190	54
246	54
99	55
137	55
169	55
198	55
240	55
117	56
124	56
191	56
213	56
88	57
116	60
216	60
150	61
166	61
198	61
144	62
234	62
262	62
255	63
268	63
108	65
155	65
174	65
216	65
85	66
115	66
198	66
208	66
211	66
272	66
89	67
128	67
273	67
126	68
192	69
260	69
281	69
214	70
99	71
133	71
141	71
154	72
222	72
273	72
272	73
281	73
233	74
84	75
247	75
84	76
205	76
272	76
183	77
100	78
189	78
200	78
206	78
223	78
210	80
224	80
282	80
84	81
202	81
94	82
165	82
279	82
107	83
247	83
263	83
195	84
254	84
264	84
110	85
185	85
239	86
116	87
182	87
184	87
124	88
96	89
145	89
152	89
190	89
73	91
80	91
85	91
110	91
247	91
277	91
104	92
218	92
269	93
258	94
199	95
169	96
254	96
257	96
284	96
286	96
124	97
174	97
232	97
111	98
71	99
107	99
263	99
269	99
277	99
233	100
270	100
151	101
166	101
187	101
239	101
144	102
190	102
170	103
270	103
273	103
107	104
124	104
284	104
102	105
111	105
113	105
116	105
228	105
76	106
117	106
197	106
260	106
213	107
220	107
165	108
170	108
267	109
151	110
157	110
186	110
257	110
162	111
189	111
240	111
253	111
283	111
119	112
137	112
143	112
238	112
96	113
102	113
199	113
170	114
269	114
270	114
52	115
58	115
189	115
195	115
60	116
42	117
158	117
162	117
110	118
137	118
163	118
169	118
208	118
214	118
215	118
222	118
242	118
258	118
34	119
222	119
298	119
113	120
169	120
184	121
185	121
53	122
93	122
126	122
128	122
145	122
231	122
288	122
45	123
210	123
214	123
242	123
245	123
287	123
77	124
101	125
169	125
178	125
193	125
134	126
138	126
254	126
97	127
257	127
159	128
153	129
210	129
214	129
267	129
269	129
139	130
257	130
35	131
64	131
178	131
263	131
293	131
57	132
87	132
240	132
301	132
46	133
98	133
122	133
228	133
233	133
310	133
80	134
115	134
162	134
176	134
214	134
221	134
254	134
193	135
219	135
225	135
80	136
115	136
129	136
263	136
39	137
278	137
289	139
115	140
219	140
233	140
237	140
222	141
45	142
66	142
105	142
134	142
140	142
187	142
246	142
271	142
307	142
40	143
61	143
187	143
192	143
258	143
271	143
34	144
120	144
126	144
157	144
249	144
251	144
289	144
34	145
111	145
164	145
201	145
253	145
278	145
295	145
116	146
154	146
160	146
280	146
70	147
119	147
51	148
84	148
97	148
130	148
254	148
263	148
101	150
104	150
147	150
242	150
271	150
83	151
168	151
187	151
246	151
287	151
78	152
142	152
143	152
204	152
61	153
63	153
140	153
204	153
69	154
166	154
257	154
46	155
107	155
103	156
131	156
198	156
243	156
279	156
284	156
305	156
147	157
150	157
215	157
232	157
243	157
293	157
299	157
32	158
33	158
40	158
231	158
46	159
132	159
200	159
217	159
221	159
275	159
78	160
92	160
141	160
74	161
77	161
83	161
167	161
192	161
194	161
200	161
223	161
63	162
117	162
160	162
72	163
77	163
121	163
156	163
166	163
247	163
63	164
200	164
281	164
297	164
64	165
101	165
273	165
36	166
87	166
192	166
215	166
246	166
77	167
116	167
234	167
240	167
246	167
45	168
80	168
156	168
183	168
188	168
272	168
54	169
128	169
148	169
259	169
264	169
275	169
157	170
266	170
32	171
47	171
140	171
149	171
33	172
137	172
176	172
200	172
248	172
252	172
100	173
168	173
208	173
209	173
301	173
50	174
164	174
178	174
182	174
189	174
196	174
231	174
293	174
132	175
157	175
254	175
282	175
50	176
154	176
164	176
234	176
278	176
281	176
32	177
43	177
213	177
92	178
148	178
173	178
177	178
196	178
202	178
55	179
164	179
282	179
56	180
87	180
119	180
124	180
154	180
265	180
122	181
50	182
81	182
304	182
150	183
152	183
170	183
173	183
177	183
203	183
208	183
292	183
300	183
159	184
161	184
250	184
267	184
62	185
143	185
187	185
93	186
94	186
134	186
148	186
208	186
213	186
236	186
103	187
142	187
165	187
169	187
182	187
195	187
199	187
220	187
252	187
277	188
135	190
39	191
47	191
182	191
199	191
238	191
47	192
173	192
283	192
74	193
185	193
122	195
172	195
173	195
211	195
67	196
110	196
147	196
81	197
97	197
107	197
114	197
280	198
76	199
137	199
213	199
243	199
288	199
299	199
143	200
62	201
66	201
166	201
172	201
246	201
291	201
84	202
121	202
137	202
188	202
129	203
143	203
53	204
91	204
275	204
127	205
135	205
165	206
213	206
76	207
255	207
244	208
286	209
83	210
113	210
57	211
58	211
67	211
79	211
119	211
120	211
154	211
172	211
195	211
158	212
245	212
257	212
183	213
217	213
219	213
235	213
286	213
111	214
127	214
53	215
271	215
278	215
172	216
195	216
209	216
228	216
236	216
148	217
153	217
205	217
157	218
183	218
219	218
88	219
183	219
205	220
217	220
83	221
130	221
132	221
147	221
229	221
249	221
261	221
282	221
58	223
71	223
106	223
115	223
130	224
250	225
278	225
218	226
262	226
83	227
138	227
179	227
183	227
198	227
199	227
198	228
79	229
204	229
212	229
234	229
260	230
62	231
138	231
161	231
227	231
73	232
102	232
63	233
92	233
179	233
96	234
172	234
213	234
235	234
159	235
182	235
190	235
204	235
119	236
260	236
228	237
233	237
250	237
86	238
132	238
172	238
62	239
79	239
254	239
91	240
179	240
182	240
79	241
284	241
67	242
117	242
130	242
171	242
172	242
234	242
179	244
187	244
198	244
157	245
195	245
254	245
105	246
183	246
187	246
253	246
263	246
63	247
248	247
284	247
88	248
165	248
171	248
276	249
105	250
155	250
240	250
270	250
79	251
182	251
187	252
196	252
234	252
264	252
164	253
280	253
282	253
254	254
224	256
277	256
97	257
277	257
175	258
234	259
272	259
206	260
234	261
126	262
225	263
227	263
174	264
230	264
273	265
270	266
124	267
185	267
206	267
112	269
231	271
262	271
149	273
187	273
230	273
268	275
109	276
110	276
193	276
102	277
145	278
187	278
230	278
261	278
262	278
148	279
193	279
194	279
106	280
230	280
222	282
106	284
230	284
270	284
180	285
259	285
113	287
130	287
194	287
264	287
224	288
206	289
210	290
257	290
175	291
180	291
221	291
255	292
258	293
246	294
200	296
205	296
116	297
210	297
175	298
270	299
183	300
174	301
258	301
200	303
182	305
250	307
245	310
139	312
253	312
259	313
243	314
208	315
232	315
244	315
222	316
144	317
188	317
196	317
270	317
165	318
208	319
252	321
236	323
245	324
264	324
164	325
225	327
261	327
252	329
204	330
236	330
175	331
247	332
215	333
190	334
223	336
238	336
183	337
212	338
203	339
259	339
191	340
220	342
265	342
238	343
220	344
248	344
200	345
211	345
212	345
197	346
257	346
261	347
