898
197	13
196	14
202	16
209	18
197	21
198	21
170	28
162	30
191	30
141	31
178	33
183	33
209	33
113	35
128	35
121	36
133	36
179	36
229	36
130	38
131	38
163	38
103	39
111	39
99	40
101	40
133	40
154	40
205	40
120	41
144	41
205	41
212	41
183	42
197	42
177	45
94	46
128	47
221	47
164	49
208	49
229	49
108	51
122	51
210	51
166	53
85	55
100	55
94	56
222	56
204	57
222	57
127	58
174	58
206	58
214	58
141	59
244	61
122	62
149	62
132	63
187	64
221	64
178	65
196	65
171	66
229	66
104	68
203	68
120	69
132	70
110	71
118	71
141	71
223	71
145	73
184	73
185	73
191	73
192	73
199	73
203	73
135	74
176	74
235	74
250	74
260	74
205	75
94	78
102	78
169	78
193	78
223	78
228	79
235	79
180	80
188	80
203	80
247	80
239	81
247	81
110	82
124	82
174	84
257	84
190	85
94	86
203	86
230	86
248	86
190	87
223	87
244	87
247	87
102	88
169	88
184	88
110	89
122	90
131	90
186	90
83	91
95	92
204	92
235	92
260	92
110	93
222	93
236	93
260	93
88	94
147	94
203	95
209	95
215	95
219	95
254	95
84	96
170	96
97	97
209	97
247	97
242	98
245	98
111	99
222	99
146	100
85	101
159	101
209	101
117	102
72	103
87	103
110	103
130	103
234	103
245	103
60	104
52	105
234	105
230	106
232	106
239	106
149	107
171	107
190	107
198	107
224	107
264	107
144	108
192	108
155	109
247	109
75	110
136	110
167	110
209	110
214	110
48	111
62	111
117	111
130	111
136	111
141	111
178	111
252	111
214	112
224	112
234	113
62	114
112	114
230	114
178	115
224	115
229	115
168	116
186	116
143	117
179	117
187	117
203	117
261	117
78	118
193	118
200	118
207	118
252	118
131	119
136	119
214	119
149	120
154	120
255	120
117	121
193	121
278	121
72	123
193	123
200	123
229	123
250	123
255	123
266	123
277	123
46	124
110	124
163	124
38	125
101	125
222	125
235	125
149	126
155	126
226	126
239	126
243	126
118	127
132	127
137	127
159	127
244	127
75	128
77	128
114	128
172	128
176	128
260	128
186	129
192	129
287	129
138	130
159	130
206	130
115	131
125	131
134	131
172	131
199	131
211	131
239	131
44	132
121	132
204	132
308	132
139	133
250	133
299	133
135	134
147	134
177	134
184	134
122	135
198	135
288	135
52	136
75	136
96	136
203	136
39	137
53	137
68	137
100	137
147	137
184	137
265	137
283	137
287	137
111	138
143	138
189	138
225	138
227	138
288	138
105	139
209	139
299	139
214	140
227	140
189	141
233	141
235	141
273	141
271	142
281	142
309	142
77	143
85	143
115	143
120	143
194	143
196	143
254	143
262	143
302	143
308	143
214	144
257	144
66	145
68	145
150	145
181	146
120	147
147	147
221	147
224	147
291	147
97	148
100	148
137	148
52	149
100	149
102	149
193	149
266	149
310	149
48	150
78	151
178	151
239	151
249	151
264	151
273	151
75	152
116	152
214	152
41	153
61	154
112	154
125	154
127	154
232	154
56	155
66	155
85	155
287	155
155	156
178	156
180	156
196	156
198	156
222	156
300	156
307	156
225	157
39	158
52	158
221	158
82	159
108	159
140	159
288	159
47	160
174	160
307	160
52	161
126	161
248	161
278	161
91	162
204	162
236	162
277	162
123	163
272	163
97	164
116	164
134	164
208	164
224	164
248	164
257	164
299	164
112	165
254	165
125	166
130	166
174	166
179	166
194	166
224	166
242	166
288	166
37	167
39	167
115	167
116	167
177	167
179	167
280	167
42	168
52	168
56	168
59	168
87	168
97	168
196	168
245	168
283	168
288	168
306	168
45	169
65	169
94	169
166	169
190	169
272	169
54	170
60	171
191	171
80	172
181	172
292	172
95	173
104	173
107	173
120	173
218	173
255	173
269	173
283	173
118	174
154	174
178	174
180	174
245	174
299	174
304	174
48	175
144	175
191	175
291	175
61	176
214	176
136	177
221	177
224	177
251	177
48	178
66	178
113	178
125	178
143	178
153	178
193	178
224	178
165	179
181	179
185	179
204	179
229	179
290	179
122	180
260	180
277	180
290	180
37	181
99	181
157	181
72	182
73	182
165	182
138	183
145	183
153	183
155	183
186	183
190	183
225	183
297	183
302	184
173	185
175	185
39	186
42	186
69	186
86	186
129	186
236	186
258	186
78	187
159	187
164	187
288	187
293	187
57	188
63	188
115	188
126	188
127	188
270	188
273	188
297	188
166	189
173	189
259	189
277	189
78	190
303	190
38	191
136	191
140	191
146	191
238	191
44	192
106	192
120	192
122	192
59	193
76	193
120	193
158	193
67	194
135	194
270	194
194	195
288	195
52	196
104	196
259	196
278	196
146	197
269	197
279	197
283	197
111	198
125	198
159	198
161	198
163	198
198	198
77	199
123	199
144	199
194	199
245	199
59	200
109	200
204	200
62	201
74	201
247	203
263	203
66	204
109	204
123	204
169	204
270	205
275	205
99	206
107	206
161	206
194	206
169	207
89	208
92	209
188	210
268	210
278	210
280	210
299	210
300	210
99	212
252	212
65	213
89	213
153	213
291	213
159	214
294	214
67	216
92	216
189	216
193	216
268	216
252	217
71	218
166	218
186	218
164	219
90	220
88	221
107	221
194	221
164	222
282	222
105	223
164	223
73	224
174	224
178	224
210	224
257	224
282	224
170	225
265	225
179	226
231	228
164	229
170	229
199	229
211	229
267	229
179	230
253	230
233	231
180	232
265	233
200	234
292	235
232	236
283	236
153	237
164	238
237	238
262	238
180	239
252	240
276	241
277	241
254	242
284	242
70	243
152	244
238	244
164	245
189	246
270	246
152	247
229	247
233	247
283	247
107	248
262	248
278	248
106	250
146	250
224	250
247	250
255	251
257	251
189	252
233	253
271	253
283	254
288	254
106	255
168	256
207	256
93	257
274	258
257	259
287	259
84	261
93	261
268	261
269	261
278	261
168	262
208	262
257	263
263	263
122	264
210	264
248	265
272	265
102	266
205	267
110	268
241	268
130	269
167	269
173	269
248	270
255	271
115	272
138	272
90	273
100	273
215	273
218	273
262	274
173	275
276	275
99	276
107	276
109	276
115	276
121	276
169	276
274	276
185	277
219	277
245	277
94	278
137	278
216	278
84	279
120	279
169	280
241	280
250	280
288	281
184	282
210	282
266	283
192	284
229	284
280	284
94	285
98	285
114	285
241	285
116	286
219	286
230	286
87	287
134	288
236	288
245	288
247	288
235	289
263	289
277	289
105	290
173	290
95	291
98	291
191	291
272	291
226	292
257	292
267	292
133	293
211	293
275	295
161	296
227	296
243	296
275	296
173	297
139	298
182	298
120	299
188	299
106	300
121	300
129	300
211	300
256	300
106	301
138	301
161	301
268	301
275	301
211	302
219	302
221	302
93	303
243	303
160	304
182	304
188	304
117	305
119	305
230	305
108	307
136	307
197	308
257	308
265	308
144	309
212	309
221	309
235	309
143	310
161	311
168	311
231	311
83	312
191	312
197	312
257	312
83	313
108	313
185	313
260	313
267	313
119	315
121	315
202	315
138	316
199	316
231	316
244	316
253	316
97	317
234	317
128	318
184	318
191	318
138	319
255	319
144	320
190	320
159	321
167	321
150	323
167	323
108	324
150	324
169	324
181	324
212	324
235	324
92	325
201	325
83	326
106	326
163	327
114	328
143	328
189	328
192	328
83	330
93	330
235	330
236	330
169	332
199	332
206	332
115	333
168	333
183	333
206	334
115	335
174	335
191	335
214	335
86	336
106	336
131	336
144	336
219	336
198	337
93	338
177	338
183	338
229	338
95	339
185	339
202	339
203	339
168	340
211	340
212	340
118	341
140	341
164	341
166	341
141	342
156	342
219	342
227	342
193	343
229	343
91	344
148	344
155	344
204	344
212	345
173	346
197	346
157	347
228	347
193	348
219	348
166	349
210	350
