776
212	17
219	20
219	21
204	22
118	28
129	30
130	30
156	30
234	30
147	31
217	32
138	33
147	33
186	33
170	34
179	34
179	35
112	38
247	38
112	39
157	39
213	39
203	40
217	42
185	44
185	45
116	46
176	46
212	46
193	47
256	47
256	48
130	50
119	51
259	51
267	51
221	52
131	53
136	53
110	54
215	54
109	55
268	55
195	58
157	59
195	59
199	60
211	60
141	61
150	62
260	63
266	63
113	65
119	65
180	65
220	65
228	65
259	65
214	66
169	67
112	68
117	68
160	68
207	68
147	69
133	70
265	70
103	71
216	71
237	72
245	72
191	73
219	76
131	77
224	77
196	78
220	78
272	78
246	79
272	79
97	80
159	80
238	81
115	82
121	82
231	83
272	83
223	85
244	85
251	85
258	85
271	86
135	88
199	88
158	90
99	91
147	91
244	91
184	92
246	92
276	92
107	93
238	93
90	94
220	95
230	95
127	96
233	96
238	96
147	97
134	98
156	98
255	98
100	99
200	99
207	99
220	99
126	100
191	100
254	101
227	104
217	105
239	105
242	105
109	106
159	106
265	106
101	107
208	109
100	110
187	110
277	110
282	110
94	111
246	111
254	111
260	111
261	111
110	113
175	113
184	113
220	113
225	113
233	113
270	113
275	113
118	114
158	114
163	115
200	116
196	117
268	117
220	118
274	118
90	119
212	119
233	119
237	119
117	120
123	120
250	120
274	121
163	122
226	122
227	122
281	122
290	122
239	123
279	123
290	123
298	125
182	126
185	127
280	127
153	128
168	128
175	128
179	128
213	128
227	128
165	129
207	129
221	129
262	129
132	130
199	130
248	130
263	130
102	131
125	131
192	131
194	131
257	131
295	131
298	131
214	132
216	132
221	132
246	132
299	132
310	132
87	133
207	133
209	133
234	133
272	133
165	134
202	134
263	134
276	134
285	134
291	134
236	135
160	136
241	136
173	137
295	137
299	137
80	138
107	138
112	138
146	138
159	138
186	138
226	138
148	139
152	139
221	139
222	139
225	139
233	139
95	140
127	140
134	140
139	140
216	140
241	140
203	141
209	141
255	141
92	142
211	142
216	142
152	143
159	143
197	143
203	143
161	144
163	144
274	144
127	145
148	145
152	145
205	145
232	145
120	146
122	146
172	146
93	147
115	147
128	147
221	147
223	147
106	148
186	148
216	148
218	148
246	148
261	148
284	148
310	148
135	149
140	149
179	149
279	149
310	149
76	150
211	150
240	150
244	150
254	150
109	151
61	152
122	152
142	152
147	152
161	152
165	152
197	152
130	153
172	153
178	153
224	153
229	153
203	154
210	154
98	155
129	155
135	155
168	155
252	155
81	156
131	156
210	156
216	156
244	156
256	156
270	156
300	156
68	157
77	157
142	157
155	157
156	157
249	157
106	158
136	158
138	158
282	158
69	159
151	159
195	159
261	159
189	160
191	160
113	161
144	161
168	161
184	161
266	161
119	162
166	162
274	162
94	163
107	163
111	163
153	163
157	163
203	163
206	163
286	163
291	163
102	164
160	164
216	164
218	164
203	165
212	165
253	165
80	166
192	166
242	167
244	167
247	167
250	167
283	167
75	168
98	168
120	168
123	168
134	168
218	168
259	168
264	168
84	169
113	169
117	169
177	169
184	169
268	169
185	170
224	170
227	170
229	170
100	171
102	171
199	171
244	171
250	171
54	172
80	172
87	172
133	172
134	172
136	172
160	172
202	172
298	172
123	173
147	173
175	173
212	173
229	173
253	173
256	173
120	174
142	174
145	174
152	174
155	174
157	174
215	174
233	174
268	174
300	174
139	175
41	176
53	176
125	176
196	176
41	177
107	177
120	177
198	177
271	177
273	177
32	178
102	178
185	178
275	178
62	179
80	179
127	179
133	179
69	180
110	180
117	180
120	180
129	180
241	180
270	180
124	181
201	181
247	181
102	182
214	182
215	182
216	182
227	182
74	183
170	183
230	183
97	184
138	184
140	184
153	185
220	185
69	186
131	186
150	186
168	186
175	186
46	187
62	187
79	187
125	187
138	187
191	187
230	187
30	188
135	188
234	188
236	188
290	188
120	189
150	189
238	190
242	190
259	190
39	191
103	191
145	191
149	191
175	191
213	191
233	191
264	191
43	192
58	192
143	192
251	192
258	192
214	193
66	194
79	194
191	194
254	194
37	195
85	195
122	195
132	195
188	195
224	195
262	195
277	195
75	196
90	196
115	196
118	196
245	196
38	197
46	197
132	197
136	197
167	197
226	197
47	198
280	198
75	199
112	199
199	199
205	199
232	199
77	200
132	201
173	201
303	201
113	202
140	202
144	202
161	202
166	202
180	202
188	202
217	202
262	202
290	202
85	203
138	204
172	204
266	204
155	205
219	205
90	207
101	207
172	207
162	208
227	208
166	209
219	209
118	210
172	210
158	211
217	211
161	212
174	212
229	212
137	213
164	214
187	214
194	214
90	215
290	215
137	216
164	216
181	216
291	216
145	217
85	218
86	218
131	218
135	218
174	218
69	219
142	219
91	220
98	220
129	220
164	220
175	220
181	220
182	221
195	221
200	221
222	221
164	222
294	222
142	223
129	224
203	224
67	225
142	225
175	225
223	225
67	226
162	226
171	226
182	226
188	226
124	228
127	228
188	228
81	229
300	229
73	230
166	230
170	230
188	230
223	230
254	230
233	231
244	231
90	232
130	232
137	232
142	232
173	232
213	232
299	232
135	233
223	233
256	233
246	234
127	235
166	235
234	235
97	236
110	236
293	236
118	237
204	237
172	238
268	238
192	239
183	241
105	242
158	242
260	244
145	245
125	246
135	247
149	247
215	247
262	247
96	248
157	248
177	248
183	248
253	248
298	248
124	249
134	249
144	249
193	249
149	252
204	252
199	253
216	253
255	253
177	255
97	256
194	256
205	256
200	258
251	259
256	261
198	263
203	263
207	263
174	264
195	264
287	264
224	265
245	265
106	266
174	266
264	266
248	269
182	271
185	271
265	271
195	272
225	272
182	273
243	274
276	274
237	276
112	277
169	277
171	277
158	279
106	280
123	280
180	280
182	280
188	280
197	280
204	280
225	281
278	283
231	285
280	285
112	286
122	286
197	286
227	286
237	286
180	287
204	287
285	288
267	289
227	290
113	292
125	292
205	294
274	294
191	295
269	295
245	297
285	297
269	299
111	300
205	300
220	300
115	301
128	301
191	301
205	301
238	301
241	301
195	302
292	302
284	304
189	305
195	305
135	306
204	306
236	306
243	306
112	307
220	307
120	308
131	309
150	309
277	309
258	311
108	313
291	313
113	314
239	316
271	317
285	317
196	321
252	321
280	321
202	322
239	322
265	322
266	325
261	327
191	328
195	328
202	328
252	328
182	330
230	330
241	330
285	330
223	331
271	331
191	333
259	333
193	335
223	335
170	336
204	336
282	336
283	336
288	337
193	341
232	342
209	345
198	346
193	348
219	348
185	350
