1023
90	9
150	14
124	15
103	16
151	17
126	18
135	18
187	18
116	19
118	19
187	19
194	20
200	20
92	21
199	21
101	22
164	23
82	24
156	24
187	24
165	25
107	26
135	26
158	27
195	27
202	27
186	28
153	29
100	30
129	30
188	30
100	31
161	31
175	32
71	33
81	34
156	34
161	34
199	34
97	35
151	35
136	36
110	37
130	38
116	40
146	40
122	41
84	43
135	43
212	43
218	43
225	43
225	44
238	44
110	45
115	45
126	45
72	46
91	46
212	46
78	47
242	47
133	48
242	48
67	50
157	50
164	50
177	50
117	51
143	51
151	51
159	51
218	51
172	52
151	53
198	53
200	53
71	54
91	54
134	54
149	54
153	54
189	54
77	55
211	55
94	56
99	56
185	56
132	57
167	57
180	57
68	58
149	58
193	58
85	59
158	59
204	59
206	59
175	60
185	60
237	60
63	61
220	61
224	61
242	61
138	62
200	62
204	62
112	64
154	64
46	65
128	65
155	65
58	66
250	66
75	67
101	67
178	67
220	67
75	68
207	68
135	69
140	69
224	69
255	69
48	70
62	70
168	70
255	70
119	71
139	71
185	71
33	72
63	72
117	72
167	72
190	72
192	72
41	73
105	73
108	73
226	73
56	74
262	74
56	75
182	75
260	75
63	76
214	76
97	77
132	77
204	77
209	77
152	78
158	78
220	78
82	79
84	79
89	79
90	79
189	79
42	80
153	80
234	80
91	81
104	82
179	82
189	82
219	82
242	82
66	83
259	83
39	84
209	84
64	85
222	85
229	85
95	86
195	86
205	86
254	86
121	87
143	88
182	88
231	88
236	88
262	89
49	91
116	91
133	91
65	92
78	92
84	92
135	92
152	92
207	92
231	92
263	92
57	93
64	93
184	93
192	93
227	93
40	94
103	94
65	95
86	95
132	95
102	96
217	96
242	96
253	96
72	98
180	98
184	98
192	98
215	98
68	99
186	99
192	99
263	99
57	100
120	100
151	100
198	100
66	101
95	101
204	101
247	101
35	102
60	102
49	103
52	103
88	103
129	104
135	104
136	104
170	104
175	104
176	104
222	104
227	104
242	104
275	104
67	105
130	105
199	105
209	105
87	106
113	106
204	106
55	107
60	107
95	107
253	107
80	108
112	108
126	108
239	108
266	108
290	108
96	109
228	109
231	109
275	109
39	110
55	110
157	110
48	111
127	111
151	111
188	111
222	111
244	111
283	111
243	112
164	113
177	113
193	113
161	114
187	114
193	114
199	114
204	114
245	114
252	114
272	114
114	115
183	115
70	116
167	116
84	117
99	117
138	117
199	117
232	117
152	118
177	119
183	119
277	119
149	120
175	120
241	120
246	120
293	120
51	121
252	121
55	122
65	122
72	122
109	122
167	122
215	122
232	122
234	122
31	123
154	123
184	123
194	123
208	123
224	123
288	123
29	124
77	124
87	124
92	124
162	124
198	124
246	124
274	124
219	125
224	125
46	126
162	126
23	127
166	128
208	128
184	129
187	129
160	130
290	130
177	131
235	131
249	131
264	131
34	132
143	132
177	132
197	132
287	132
131	133
144	133
183	133
234	134
263	134
287	134
31	135
223	135
25	136
211	136
217	136
281	136
52	137
67	137
192	137
295	137
39	138
138	138
183	138
196	138
203	138
209	138
101	139
126	139
129	139
298	139
255	140
156	141
39	142
73	142
111	142
188	142
242	142
249	142
254	142
43	143
56	143
182	143
203	143
226	143
285	143
286	143
63	144
69	144
105	144
207	144
209	144
212	144
215	144
219	144
248	145
269	145
291	145
253	146
299	146
57	147
173	147
220	147
79	148
181	148
268	148
76	149
87	149
116	149
136	149
176	149
33	150
51	150
75	150
152	150
184	150
127	151
161	151
206	151
239	152
244	153
103	154
190	154
76	155
86	155
162	155
221	155
259	155
230	156
53	158
115	158
214	158
42	159
207	159
238	159
242	159
282	159
40	160
52	160
86	160
217	160
220	160
267	160
271	160
78	161
201	161
288	161
118	162
204	162
112	163
193	163
272	163
279	163
134	164
165	164
186	164
198	164
288	164
280	165
123	166
210	166
217	166
28	167
65	167
72	167
151	167
155	167
263	167
32	168
36	168
68	168
192	168
199	168
209	168
234	168
239	168
288	168
47	169
53	169
60	169
95	169
165	169
188	169
192	169
301	169
304	169
29	170
79	170
133	170
197	170
212	170
122	171
37	172
263	172
291	172
295	172
102	173
274	173
155	174
190	174
192	174
286	174
137	175
171	175
267	175
274	175
295	175
41	176
60	176
80	176
106	176
152	176
154	176
194	176
41	177
52	177
144	177
181	177
244	178
75	179
79	179
129	179
146	179
163	179
247	179
274	179
56	180
98	181
108	181
188	181
267	181
294	181
71	182
129	182
146	182
184	182
48	183
58	183
138	183
149	183
172	183
81	184
86	184
106	184
281	184
293	184
257	185
29	186
137	186
156	186
159	186
62	187
80	187
118	187
189	187
238	187
266	187
269	187
287	187
245	188
249	188
297	188
257	189
39	191
47	191
88	191
104	191
118	191
171	191
113	192
133	192
146	192
249	192
45	193
247	193
277	193
127	194
287	194
37	195
75	195
84	195
253	195
144	196
146	196
171	196
174	196
281	196
85	197
52	198
99	198
107	198
155	198
159	198
164	198
262	198
46	199
61	199
67	199
75	199
112	199
211	199
241	199
32	200
292	200
55	201
59	201
73	201
121	201
137	201
143	201
176	201
272	201
302	201
85	202
114	202
262	202
274	202
149	203
170	203
205	203
266	203
281	203
155	204
161	204
162	204
224	204
282	204
34	205
90	205
48	206
51	206
97	206
137	206
41	208
173	208
220	208
166	209
97	210
109	210
164	210
277	210
92	211
157	211
132	213
251	213
46	214
65	214
292	214
139	215
284	215
296	215
61	216
100	216
109	216
122	216
157	216
164	216
167	216
200	216
252	217
257	218
86	219
33	220
103	220
85	221
107	221
121	221
186	221
202	221
276	221
84	222
121	222
250	222
56	223
302	223
66	224
77	224
167	224
186	224
254	224
56	225
294	225
102	226
299	226
44	227
190	227
186	229
253	230
278	230
84	231
146	231
168	231
173	231
176	231
284	231
125	232
90	233
255	233
71	235
117	236
141	236
146	236
79	237
110	237
150	237
59	239
80	239
118	239
93	241
101	241
103	241
109	241
131	241
141	241
278	241
185	242
54	243
181	243
225	243
288	243
166	244
260	244
173	245
115	246
133	246
80	247
269	247
274	247
95	248
219	248
244	248
255	248
284	248
71	249
88	249
133	249
151	249
174	251
93	252
283	253
291	253
57	254
143	254
237	254
146	255
287	255
116	256
130	256
95	257
107	258
122	258
135	258
179	258
296	259
54	260
282	260
71	261
144	261
281	262
156	263
238	263
84	264
163	264
164	265
93	266
102	266
130	266
171	266
274	266
71	267
233	267
247	267
121	269
239	269
255	269
153	270
171	270
164	271
173	271
234	271
267	271
277	272
59	273
92	273
229	273
99	274
140	274
141	274
246	274
255	274
72	275
108	275
110	275
125	275
67	276
132	276
148	276
186	276
173	277
77	279
108	279
138	279
295	279
58	280
210	280
58	281
101	281
246	281
247	281
262	281
138	282
186	282
246	282
259	282
287	282
144	283
168	283
249	283
274	283
216	284
229	284
97	285
222	285
67	286
105	286
115	286
127	286
136	286
150	286
153	286
237	287
126	288
245	288
279	288
290	288
289	289
83	290
195	290
199	291
113	292
160	292
183	292
225	292
293	292
108	293
126	293
205	293
211	293
221	293
292	293
140	294
181	294
144	295
154	295
193	295
238	295
268	295
184	296
225	296
284	296
294	296
87	297
221	297
239	297
86	299
191	299
108	300
170	300
194	300
211	300
218	300
100	301
106	301
120	301
129	301
258	301
269	301
292	301
184	302
143	303
175	303
183	303
190	303
135	304
159	304
243	304
94	305
103	305
195	305
112	307
120	307
202	308
212	308
264	308
130	309
149	310
251	310
264	310
101	311
258	311
186	312
253	313
259	313
291	313
112	314
193	314
211	314
216	314
221	314
128	315
133	315
199	315
234	315
239	315
285	315
145	316
105	317
138	318
142	318
174	318
289	318
154	319
185	319
193	319
254	319
270	319
273	319
167	321
199	321
201	321
281	321
290	321
128	322
213	322
239	322
252	322
122	323
127	323
220	323
244	323
163	324
167	324
226	324
235	324
140	325
203	325
122	327
132	327
261	327
178	328
244	329
245	329
252	329
226	330
235	330
238	330
272	330
223	331
230	331
201	332
261	332
116	333
149	333
184	333
141	334
284	334
287	334
116	335
155	335
155	336
164	336
288	336
129	337
130	337
149	337
168	337
183	338
271	338
260	339
134	341
164	341
167	341
193	341
203	341
211	341
272	341
275	341
141	342
188	342
209	342
218	342
283	342
179	343
148	344
127	345
198	345
265	345
267	345
168	346
231	346
254	347
256	347
189	349
225	349
228	349
233	349
238	349
267	349
274	349
174	351
177	351
221	351
224	351
167	352
210	352
238	352
254	352
267	352
