895
135	36
127	38
132	39
119	40
170	40
202	41
208	42
226	42
229	42
165	43
193	43
132	44
136	45
178	45
198	45
212	46
220	46
93	47
184	48
184	49
232	49
119	50
201	50
221	50
234	50
177	51
213	53
158	54
226	54
95	56
101	56
194	56
169	57
82	58
158	58
236	59
111	60
170	60
183	60
80	61
89	61
109	61
149	61
177	62
159	63
161	63
234	65
179	66
231	66
153	67
245	67
235	69
79	70
81	70
109	70
152	70
160	70
162	70
202	70
212	70
155	71
194	72
204	72
108	73
118	74
237	74
238	74
243	74
117	76
178	76
87	77
164	77
232	77
252	77
77	78
168	78
224	78
244	79
251	79
181	80
214	80
86	81
133	81
110	82
143	82
76	83
101	83
124	84
193	84
118	85
185	86
143	87
111	88
221	88
262	88
137	89
128	90
269	90
125	92
126	92
251	92
153	93
258	93
204	94
270	94
89	95
238	95
115	96
117	96
177	96
199	96
265	97
140	98
160	98
237	98
79	99
251	100
275	100
169	101
209	101
275	101
174	102
100	103
151	103
182	103
210	103
224	103
174	104
218	104
263	104
116	106
274	106
128	107
218	107
223	107
237	107
89	108
123	108
232	108
142	109
189	109
245	109
149	110
133	111
219	111
239	111
77	112
204	112
89	113
151	113
164	113
173	113
184	113
185	113
191	113
197	113
206	113
254	113
194	114
234	114
237	114
253	114
179	116
186	116
143	117
150	118
158	118
219	118
144	119
171	119
179	119
228	119
136	120
171	120
278	120
104	121
165	122
240	122
246	122
85	123
94	123
150	123
195	123
196	123
214	123
166	124
91	125
117	125
258	125
297	125
234	126
131	127
158	127
186	127
188	127
228	127
230	127
234	127
139	128
179	128
224	128
145	129
146	129
116	130
170	130
190	131
212	132
288	132
299	132
309	132
231	133
234	133
246	133
200	134
204	134
259	134
99	135
124	135
162	135
174	135
183	135
200	135
78	136
106	136
145	136
152	136
77	137
195	137
202	137
217	137
224	137
225	137
230	137
232	137
236	137
241	137
242	137
247	137
115	138
123	138
140	138
160	138
73	139
85	139
192	139
128	140
161	140
254	140
215	141
309	141
186	142
192	142
225	142
247	142
253	142
185	143
212	143
221	143
293	143
174	144
182	144
208	144
301	145
77	146
107	146
204	146
222	146
226	146
232	146
113	147
168	147
283	147
81	148
126	148
174	148
189	148
191	148
264	148
289	148
310	148
91	149
185	149
237	149
239	149
310	149
171	150
283	150
73	151
191	151
222	151
233	151
288	151
63	152
249	152
252	152
257	153
195	154
282	154
288	154
68	155
114	155
135	155
164	155
189	155
230	155
233	155
308	155
63	156
67	156
150	156
213	156
90	157
273	157
68	158
105	158
143	158
207	158
218	158
257	158
296	158
169	159
202	159
263	159
144	160
195	160
234	160
249	160
192	161
76	162
150	162
230	162
234	162
235	162
89	163
97	163
115	163
209	163
257	163
275	163
279	163
306	163
53	164
84	164
219	164
262	164
294	164
235	165
133	166
138	166
140	166
146	166
199	166
202	166
219	166
34	167
207	167
306	167
44	168
146	168
240	168
54	169
154	169
192	169
193	169
207	169
224	169
250	169
255	169
28	170
44	170
230	170
175	171
212	171
218	171
279	171
37	172
116	172
262	172
93	173
219	173
259	173
87	174
92	174
285	174
77	175
298	175
60	176
79	176
75	177
108	177
149	177
184	177
230	177
266	177
92	178
123	178
219	178
226	178
245	178
157	179
208	179
245	179
246	179
163	180
190	180
259	180
265	180
94	181
148	181
219	181
292	181
73	182
157	182
208	182
255	182
42	183
48	183
58	183
154	183
160	183
277	183
297	183
131	184
272	184
276	184
282	184
135	185
137	185
220	185
225	185
38	186
69	186
208	186
237	186
243	186
255	186
29	187
62	187
84	187
90	187
102	187
227	187
232	187
237	187
91	188
142	188
147	188
154	188
197	188
202	188
249	188
264	188
292	188
83	189
117	189
149	189
178	189
183	189
214	189
198	190
259	190
261	190
304	190
74	191
185	191
266	191
275	191
97	192
243	192
296	192
66	194
185	194
156	195
172	195
187	195
192	195
243	195
34	196
38	196
150	196
166	196
178	196
180	196
214	196
230	196
288	196
295	196
303	196
51	197
175	197
193	197
198	197
199	197
231	197
257	197
259	197
137	198
142	198
269	198
99	199
209	199
219	199
243	199
296	199
55	201
58	201
166	202
188	202
152	204
188	204
137	205
162	205
269	205
54	206
74	206
107	206
117	206
122	206
147	206
172	206
176	206
178	206
198	206
199	206
219	206
240	206
263	206
293	206
102	207
131	207
229	207
231	207
252	207
256	207
81	208
162	208
209	208
71	209
118	209
178	209
217	209
272	209
103	210
158	210
183	210
229	210
263	210
131	211
202	211
205	211
240	211
272	211
95	212
128	212
247	212
217	213
65	214
83	214
235	214
256	215
61	216
197	216
228	216
178	217
200	217
201	217
266	217
269	217
184	218
256	218
258	218
274	218
181	219
215	219
136	220
144	220
168	220
228	220
274	220
277	220
132	221
199	221
233	221
235	221
239	222
245	222
107	223
141	223
268	224
87	225
214	225
152	226
160	226
168	227
218	227
233	227
176	228
197	228
224	228
237	228
245	228
249	228
111	229
156	230
79	231
108	231
159	231
181	231
185	231
199	231
224	231
136	232
229	232
65	233
134	233
185	234
224	234
229	234
71	235
199	235
292	235
163	236
166	236
181	236
199	236
204	236
227	236
234	236
236	236
175	237
180	237
249	237
254	237
75	239
80	239
102	239
234	239
65	240
92	240
201	240
221	240
162	241
222	241
227	241
229	241
231	241
246	241
99	242
166	242
236	242
240	243
180	244
171	245
174	245
115	246
178	246
197	246
289	246
80	247
125	247
150	247
222	247
259	247
293	247
223	248
227	248
233	248
240	248
241	248
245	248
72	249
114	249
149	249
201	249
263	249
123	250
164	250
248	250
213	251
214	251
218	251
232	251
169	252
178	252
209	252
229	252
232	252
293	252
72	253
194	253
219	253
134	255
174	255
82	256
205	256
97	257
156	257
202	257
127	258
128	258
68	259
89	259
202	259
233	259
238	259
212	260
297	260
72	261
140	261
155	261
162	261
178	261
181	261
238	261
259	261
284	261
124	262
170	262
290	262
262	263
287	263
135	264
140	264
162	264
203	264
205	264
104	265
174	265
162	266
255	267
166	268
259	269
280	269
174	270
284	270
161	271
177	271
182	271
188	271
268	271
296	272
104	273
137	273
202	273
242	273
291	273
138	274
162	274
153	275
188	275
245	275
177	276
257	276
284	276
162	277
180	277
182	277
188	277
215	277
286	277
107	278
207	278
259	278
263	278
264	278
295	278
152	279
275	279
278	279
106	280
217	280
168	281
172	281
175	282
196	282
112	283
156	283
280	285
168	286
237	286
139	287
142	288
223	288
255	288
181	289
182	289
147	291
161	291
224	291
238	291
163	293
206	293
166	294
173	295
203	295
294	295
184	296
194	297
196	297
136	298
162	298
165	299
121	300
172	301
204	301
266	302
184	303
195	303
198	303
201	305
121	306
160	306
107	307
201	307
275	308
168	309
175	309
199	309
160	310
180	310
188	310
194	310
277	310
165	312
219	313
234	313
147	314
175	314
180	315
188	315
210	315
183	316
194	316
199	316
205	316
148	318
153	318
164	318
167	318
221	318
235	319
153	320
289	320
131	321
147	321
159	321
161	321
182	321
210	321
251	321
194	322
205	322
163	323
153	324
252	325
275	326
166	328
194	328
195	329
279	329
202	331
272	331
165	335
178	335
188	335
202	335
243	335
287	335
195	336
213	336
281	336
288	336
268	337
151	339
177	339
244	339
274	339
177	341
186	341
213	341
156	342
283	342
168	345
255	345
174	346
177	346
187	346
180	347
265	347
224	351
163	352
167	352
174	352
242	352
272	352
