837
83	48
85	48
120	51
71	65
112	67
61	68
55	70
50	71
72	73
85	75
62	76
84	78
153	79
87	81
120	81
137	83
42	84
44	84
114	86
106	87
145	87
46	88
33	90
92	90
134	90
84	91
157	91
25	92
92	94
109	94
122	94
96	96
77	97
21	99
91	99
25	100
136	100
158	101
52	102
122	102
149	104
151	104
141	105
171	107
53	108
121	108
130	108
108	109
30	111
90	111
154	111
28	112
99	113
146	113
50	114
33	115
112	115
29	118
68	118
76	118
113	118
51	119
62	119
118	120
104	121
23	122
27	122
41	123
150	123
159	123
180	123
142	124
114	125
30	126
82	126
62	127
64	127
141	127
35	128
93	128
160	128
182	128
49	129
30	130
125	130
25	131
29	131
36	132
40	132
48	133
108	133
118	133
94	134
162	134
181	134
119	135
155	135
67	136
30	137
32	137
49	137
25	138
74	138
143	138
194	138
127	139
102	140
87	142
98	142
100	142
138	142
142	142
149	142
42	143
74	143
145	143
32	144
188	144
59	145
122	145
156	145
25	146
117	146
150	146
131	147
145	147
147	148
84	149
126	149
141	149
142	151
147	151
110	152
158	152
187	152
70	153
107	153
167	153
37	154
60	154
142	156
107	157
187	157
30	158
49	159
51	159
104	159
120	159
48	160
159	160
174	160
179	160
139	161
180	161
152	162
106	163
119	165
63	166
53	167
66	167
29	168
36	168
99	168
152	168
161	168
166	168
205	168
125	169
132	169
140	169
148	169
200	169
205	169
105	170
173	170
182	170
133	171
167	171
124	172
125	172
156	172
73	173
117	173
105	175
191	175
89	176
110	176
56	177
76	177
30	178
55	178
102	178
206	178
148	179
156	179
148	180
168	180
139	181
183	181
188	181
63	182
81	182
88	182
216	182
76	183
216	183
127	185
129	185
81	186
139	186
122	187
157	187
163	187
54	188
103	188
114	188
130	188
132	188
140	188
212	188
213	188
146	189
180	189
54	191
74	191
94	191
152	191
153	191
163	191
181	191
46	192
52	193
60	194
68	194
31	195
135	195
142	195
152	195
35	196
102	196
125	196
131	196
146	196
155	196
160	196
164	196
169	196
181	197
52	199
181	199
212	199
35	200
57	200
68	200
145	200
169	200
38	201
45	201
97	201
120	201
142	201
144	201
51	202
137	202
231	202
124	203
129	203
222	203
226	203
130	204
136	204
150	204
55	205
102	205
156	205
160	205
161	206
167	206
177	206
186	206
231	206
241	206
145	207
167	207
218	207
104	208
172	208
177	208
32	209
35	210
45	210
185	210
218	210
65	211
94	211
145	211
155	211
157	211
227	211
249	211
260	211
73	212
80	212
226	212
250	212
257	212
125	213
131	213
257	215
80	216
99	216
113	216
115	216
132	216
192	216
200	216
217	216
227	216
239	216
259	216
45	217
52	217
266	217
107	218
254	218
138	219
143	219
144	219
167	219
178	219
237	219
63	220
125	220
158	220
163	220
68	221
76	221
107	221
120	221
152	221
233	221
244	221
266	221
120	222
167	222
170	222
172	222
102	223
103	223
45	224
52	224
135	224
138	224
152	224
262	224
97	225
269	225
45	226
164	226
37	227
191	227
238	227
178	228
184	228
189	228
194	228
236	228
141	229
70	230
137	230
141	230
153	230
155	230
273	230
178	231
265	231
145	232
149	232
172	232
273	232
122	234
142	234
155	234
252	234
264	234
61	235
116	235
179	235
267	235
66	236
70	236
101	236
149	236
155	236
167	236
226	236
137	237
172	237
178	237
188	237
257	238
94	239
96	239
110	239
114	239
116	239
125	239
178	239
183	239
60	240
70	240
79	240
192	240
193	240
40	241
91	241
106	241
120	241
149	241
161	241
165	241
171	241
198	241
203	241
218	241
247	241
36	242
66	242
127	242
130	242
134	242
209	242
41	243
70	243
171	243
140	245
143	245
91	246
114	246
182	246
193	246
203	246
71	247
77	247
107	247
239	247
244	247
245	247
263	247
264	247
100	248
36	249
102	249
107	249
177	249
187	249
216	249
250	249
57	250
80	250
95	250
197	250
41	251
163	251
170	251
36	252
121	252
127	252
51	253
57	253
96	253
102	253
117	253
209	253
212	253
261	253
67	254
71	254
105	254
108	254
170	254
172	254
185	254
230	254
260	255
87	256
128	256
136	256
160	256
195	256
201	256
145	257
148	257
149	257
195	257
199	257
96	258
110	258
117	258
153	258
165	258
169	258
170	258
241	258
243	258
52	260
47	261
67	261
92	261
153	261
38	262
60	262
117	262
264	262
101	263
105	263
127	263
165	263
169	263
177	263
183	263
199	263
204	263
228	263
92	264
139	264
146	264
159	264
162	264
183	264
190	264
195	264
198	264
60	265
68	265
115	265
190	265
57	266
65	266
79	266
88	266
147	268
204	268
237	268
49	269
127	269
130	269
137	269
138	269
151	269
153	269
209	269
251	269
157	270
158	270
162	270
190	270
57	271
144	271
171	271
197	271
198	271
202	271
41	272
53	272
89	272
164	272
202	273
246	273
106	274
171	274
65	275
86	275
111	275
145	275
150	275
62	276
96	276
164	276
214	276
201	277
77	278
157	279
169	279
170	279
182	279
185	279
62	280
161	280
169	280
179	280
59	282
87	282
95	282
242	282
172	283
41	284
178	284
179	284
185	284
199	284
100	285
142	285
150	285
152	285
221	285
40	286
146	286
161	286
164	286
125	287
194	287
198	288
199	288
127	289
204	289
45	290
66	290
67	290
77	290
164	290
112	291
93	292
175	292
235	292
252	292
75	293
145	293
191	293
239	293
251	293
103	294
107	294
147	294
157	294
224	294
160	295
195	295
218	295
234	295
175	296
181	296
85	297
92	297
239	297
147	298
222	298
120	299
189	299
84	300
95	300
97	300
102	300
150	300
157	300
193	300
106	301
107	301
169	301
172	301
243	301
251	301
129	302
137	302
167	302
42	303
121	304
139	304
143	304
87	305
146	305
57	306
106	306
123	306
126	306
155	306
159	306
167	306
108	307
116	307
139	307
169	307
172	307
257	307
56	308
92	308
94	308
157	308
174	308
257	308
98	309
128	309
142	309
234	309
245	309
82	311
86	311
157	311
132	312
142	312
160	312
218	312
108	313
144	313
67	314
81	314
88	314
90	314
98	314
108	314
113	314
160	314
128	315
130	315
234	315
44	316
91	316
98	317
125	317
64	318
86	318
120	318
60	319
99	319
113	319
209	319
255	319
87	320
90	320
102	320
112	320
132	320
134	320
136	320
215	320
213	321
60	322
61	322
90	322
98	323
126	323
213	323
219	323
82	324
85	324
191	324
192	324
197	324
236	324
249	324
98	325
101	325
90	326
106	326
108	326
81	327
113	327
116	327
44	328
134	328
92	329
96	329
255	329
234	330
242	330
127	331
192	331
226	331
239	331
72	332
98	332
106	332
116	332
84	333
92	333
106	333
115	333
141	333
231	333
72	334
53	335
98	335
135	335
80	336
84	336
96	336
128	336
190	336
246	336
255	336
201	337
205	337
102	338
118	338
124	338
69	341
80	341
91	341
96	341
140	341
180	341
207	341
228	341
248	341
47	342
100	342
174	342
61	343
232	343
81	344
116	344
147	344
61	345
74	345
90	345
180	345
141	346
154	346
64	347
81	347
237	348
223	349
230	350
96	351
116	351
240	351
63	352
70	352
82	352
132	352
149	352
165	352
177	352
190	352
201	352
210	352
221	352
