806
134	60
109	61
111	61
119	61
152	63
153	63
133	64
120	65
157	65
162	66
134	68
139	68
138	69
179	69
143	72
164	72
151	74
105	78
137	78
118	79
179	79
112	81
127	82
79	86
93	86
134	86
159	86
189	86
84	87
101	87
88	88
110	89
174	92
184	93
189	93
175	94
192	94
133	95
142	95
155	95
128	96
66	98
86	98
179	98
66	99
117	99
179	100
199	100
169	101
86	103
189	103
151	104
128	105
66	106
130	106
151	108
141	109
189	109
127	110
136	110
145	110
173	112
74	114
81	114
175	114
208	114
71	116
107	117
141	119
200	119
208	119
216	119
151	121
185	121
209	122
89	123
105	123
161	123
184	123
192	123
219	123
64	124
151	124
175	125
177	125
137	127
180	127
193	128
48	129
207	130
76	131
98	131
112	131
76	133
140	133
155	134
215	134
50	135
204	136
64	137
119	137
39	138
90	138
164	138
175	138
140	139
73	140
77	140
135	140
199	140
187	141
88	142
99	142
127	142
169	142
178	142
164	143
210	143
65	144
43	145
135	145
132	146
142	147
149	147
164	147
201	147
144	148
157	148
217	148
133	149
96	150
187	150
90	151
209	151
75	152
125	152
215	152
119	153
179	153
202	153
220	153
222	153
97	154
68	155
157	155
151	156
165	156
215	156
219	156
41	157
82	157
199	157
208	157
212	157
141	158
158	158
164	159
180	159
186	159
213	159
99	161
112	161
129	161
139	161
146	161
151	161
63	162
147	162
99	163
125	163
173	163
158	164
164	164
205	164
218	164
62	165
172	165
67	167
173	167
178	167
211	167
75	168
51	169
191	169
180	170
58	172
120	172
210	172
228	172
135	173
154	173
244	173
111	174
148	174
153	174
62	175
63	175
173	175
42	176
134	176
186	176
233	176
234	176
31	177
92	177
119	177
120	177
49	178
69	178
125	178
178	178
197	179
220	179
228	179
244	179
62	180
178	180
166	181
172	181
31	182
112	183
149	183
153	183
165	183
37	184
64	184
154	184
190	184
195	184
210	184
76	185
119	186
138	186
196	186
112	187
114	187
140	187
148	187
226	187
235	187
56	188
62	188
83	188
106	188
134	188
178	189
180	189
208	189
127	190
262	190
92	191
120	191
162	191
165	191
172	191
255	191
117	192
120	192
154	192
72	193
236	193
252	193
37	194
165	194
169	194
258	195
62	196
77	196
85	196
139	196
198	196
38	197
69	197
172	197
190	197
242	197
150	198
137	199
46	200
77	200
112	200
117	200
126	200
131	200
193	201
198	201
229	201
262	201
79	202
85	202
256	202
102	203
138	203
246	203
160	204
177	204
243	204
94	205
99	205
67	206
149	206
177	206
32	207
150	207
201	207
237	207
35	208
131	208
138	208
245	208
120	209
126	209
128	209
166	209
169	209
255	209
123	210
159	210
226	210
67	211
75	211
116	211
181	211
260	211
85	212
93	212
177	212
52	213
59	213
144	213
170	213
193	213
256	213
85	214
175	214
197	214
141	215
75	216
81	216
93	216
107	216
131	216
238	216
36	217
43	217
69	217
88	217
101	217
143	217
197	217
254	217
74	218
163	218
169	218
175	218
204	218
248	218
117	219
123	219
117	220
170	220
175	220
214	220
219	220
96	221
101	221
110	221
179	222
241	222
123	223
124	223
130	223
262	223
117	224
197	224
204	225
260	225
110	226
117	226
124	226
139	226
163	226
167	226
169	226
175	226
179	226
210	226
118	227
150	227
177	227
67	228
73	228
106	228
110	228
156	228
131	229
144	230
146	230
46	231
89	231
97	231
110	232
118	232
89	233
131	233
118	234
131	234
143	234
161	234
242	234
243	234
251	234
197	235
201	235
175	236
207	236
97	237
106	237
107	237
125	237
131	237
179	237
130	238
62	239
67	239
75	239
91	239
92	239
135	239
148	239
230	239
257	239
40	240
100	240
106	240
110	240
117	240
143	240
152	240
179	240
197	240
199	240
214	240
70	241
141	241
182	241
191	241
195	241
206	241
237	241
125	242
128	242
164	242
189	242
217	242
117	243
135	245
100	246
140	246
108	247
117	247
152	247
177	247
189	247
199	247
258	247
259	247
58	248
62	248
164	248
167	248
169	248
181	248
192	248
198	248
204	248
233	248
35	249
87	249
128	249
130	249
174	249
235	249
251	249
112	250
125	250
140	250
207	250
236	250
42	251
149	251
156	251
160	251
250	251
82	252
181	252
37	253
72	253
167	253
184	253
187	253
188	253
67	254
93	254
104	254
130	254
140	254
172	254
174	254
177	254
220	254
247	254
259	255
135	256
139	256
206	256
106	257
112	257
125	257
177	257
233	257
83	258
120	258
127	258
152	258
155	258
182	258
184	258
189	258
158	259
187	259
195	259
91	260
127	260
172	260
81	261
132	261
135	261
161	261
165	261
177	261
259	261
57	262
60	262
105	262
117	262
217	262
145	263
178	263
180	263
244	263
114	264
208	264
137	265
140	265
141	265
148	265
215	265
183	266
109	267
132	267
136	267
191	267
212	267
238	267
256	267
41	268
146	268
154	269
193	269
194	269
227	270
117	271
76	272
93	272
109	273
112	273
211	273
160	274
217	274
245	274
74	275
151	275
169	275
188	275
214	275
119	276
163	276
233	276
155	277
194	277
196	277
223	277
47	278
92	278
199	278
44	279
113	279
163	279
222	279
242	279
193	280
78	281
92	281
112	281
167	281
177	281
228	281
238	281
99	282
250	282
254	282
153	284
119	285
179	285
181	285
182	285
40	286
114	286
156	286
166	286
189	286
92	287
194	287
219	287
245	287
87	288
98	288
111	288
113	288
226	288
255	288
99	289
223	289
53	290
229	290
46	291
50	291
85	291
87	291
120	291
43	292
113	292
117	292
144	294
151	294
239	294
83	295
93	295
103	295
106	295
142	295
189	295
66	296
96	296
98	296
205	296
256	296
164	297
239	297
259	297
127	298
152	298
51	299
66	299
119	299
43	300
89	300
92	300
142	300
155	300
48	301
64	301
96	301
106	301
110	301
136	301
103	302
143	302
243	302
251	302
126	303
155	303
199	303
143	304
160	304
237	304
88	305
126	305
153	305
162	306
259	306
90	307
145	307
257	307
103	308
111	308
117	308
119	308
96	310
145	310
82	311
88	312
260	312
261	313
46	314
88	314
93	314
96	314
81	315
97	315
246	315
253	315
254	315
104	316
117	316
235	316
239	316
87	318
257	319
258	319
92	320
229	320
97	321
239	321
62	322
103	322
252	322
217	323
61	324
201	324
91	327
192	327
245	328
75	329
96	329
223	330
253	330
264	330
46	331
108	331
112	331
204	331
91	332
73	333
86	333
94	333
132	333
209	333
234	333
174	334
62	336
94	336
112	336
214	336
218	336
108	337
117	337
259	337
254	338
86	339
167	339
221	339
262	339
89	340
167	340
61	341
72	341
127	341
152	341
231	342
91	343
118	343
179	343
221	343
78	344
182	344
246	344
49	345
51	345
161	345
80	346
264	347
153	348
232	348
238	348
248	349
252	349
182	350
259	350
93	351
101	351
129	351
152	351
52	352
63	352
76	352
79	352
168	352
182	352
193	352
203	352
215	352
231	352
246	352
259	352
