1054
81	22
103	23
131	26
146	27
147	27
152	27
153	27
195	27
212	27
195	28
130	29
173	29
95	31
119	31
80	32
182	34
105	36
109	36
155	36
197	36
205	36
212	36
175	38
213	38
117	39
143	40
87	41
167	41
96	42
126	42
144	42
158	42
93	43
116	43
191	43
197	43
198	43
205	43
225	43
78	45
135	45
213	46
120	47
68	49
172	49
230	49
106	50
143	50
177	50
199	50
130	51
149	51
190	51
204	51
229	51
132	52
138	52
157	52
59	53
115	53
191	53
237	53
74	54
204	54
212	54
219	54
206	56
227	56
87	57
111	57
134	57
179	57
237	57
221	58
226	58
71	59
77	60
99	60
165	60
171	60
110	62
220	63
236	63
237	63
114	64
138	64
186	64
213	64
105	65
114	66
174	66
179	66
213	66
94	67
147	67
152	68
165	68
200	68
201	68
205	68
148	69
220	69
224	69
93	70
156	70
167	70
232	71
83	72
134	72
205	72
189	73
192	73
193	73
201	73
196	74
74	75
109	75
127	75
180	75
175	76
219	76
67	77
226	77
74	78
98	78
150	78
210	78
211	78
169	79
50	80
103	80
202	80
67	81
88	81
89	81
97	81
125	81
168	81
247	81
253	81
170	82
180	82
66	83
78	83
136	83
143	83
157	83
229	84
237	84
235	85
61	87
128	87
143	87
50	88
117	88
126	88
223	88
80	89
87	89
191	89
227	89
73	90
191	90
215	90
212	91
214	91
248	91
158	92
164	92
170	92
176	92
66	93
67	93
71	93
94	93
128	93
62	94
235	94
41	95
42	95
48	95
88	95
136	95
140	95
233	95
242	95
77	96
98	96
158	96
195	96
68	97
147	97
171	97
176	97
120	98
159	98
242	98
202	99
62	100
112	100
117	100
63	101
89	101
103	101
126	101
134	101
182	103
189	103
239	103
50	104
53	104
170	104
213	104
65	105
127	105
245	106
171	107
239	107
255	107
138	108
253	108
66	109
69	109
225	109
230	109
40	110
66	110
177	110
47	111
101	111
151	112
100	113
171	114
204	114
230	114
58	115
146	115
151	115
187	115
224	115
81	116
212	116
252	116
253	116
74	117
115	117
132	117
170	117
152	118
162	118
37	119
177	119
193	119
242	119
259	119
95	120
103	120
170	120
174	120
64	121
66	121
147	121
152	121
224	121
236	121
82	122
185	122
43	123
50	123
69	123
82	123
116	123
210	123
212	123
217	123
228	123
259	123
261	123
48	124
90	124
141	124
164	124
168	124
197	124
199	124
203	124
221	124
41	125
132	125
42	126
77	126
169	126
203	127
234	127
100	128
125	128
148	128
152	128
155	128
209	128
162	129
183	129
174	130
176	130
167	132
190	132
193	132
216	132
218	132
45	133
47	133
62	133
140	133
194	133
203	133
209	133
213	133
57	134
85	134
121	134
126	134
135	134
207	134
71	135
63	136
143	136
146	136
178	136
200	136
201	136
218	136
71	137
82	137
101	137
154	137
162	137
164	137
207	137
59	138
159	138
182	138
190	138
193	138
211	138
82	139
150	139
170	139
172	139
175	139
187	139
38	140
100	140
59	141
108	141
224	141
241	141
243	141
249	141
34	142
122	142
193	142
211	142
227	142
51	143
52	143
55	143
175	143
198	143
205	143
215	143
219	143
247	143
271	143
282	143
283	143
34	144
63	144
69	144
209	144
56	145
112	145
64	146
71	146
169	146
294	146
172	147
245	147
185	148
253	148
82	149
119	149
122	149
133	149
189	149
191	149
157	150
202	150
208	150
219	150
154	151
177	151
178	151
195	151
197	151
223	151
59	152
97	152
199	152
212	152
214	152
67	153
142	153
207	153
159	154
211	154
58	155
95	155
119	155
133	155
135	155
192	155
232	155
52	156
150	156
159	156
167	156
199	156
202	156
95	157
192	157
243	157
33	158
124	158
144	158
163	158
165	158
172	158
257	158
305	158
42	159
176	159
179	159
185	159
197	159
203	159
247	159
249	159
211	160
289	160
94	161
113	161
135	161
168	161
183	161
209	161
265	161
282	161
297	161
124	162
220	162
281	162
294	162
132	163
154	163
217	163
224	163
252	163
62	164
174	165
263	165
282	165
295	165
303	165
113	166
162	166
166	166
224	166
270	166
36	167
182	167
227	167
48	168
236	168
286	168
44	169
87	169
129	169
132	169
150	169
155	169
241	169
116	170
162	170
179	170
213	170
56	171
158	171
59	172
65	172
86	172
163	172
222	172
278	172
298	172
146	173
260	173
291	173
36	174
116	174
299	174
179	175
305	175
97	176
158	176
70	177
181	177
184	177
259	177
52	178
58	178
147	178
228	178
96	179
154	179
158	179
58	180
207	180
258	180
129	181
289	181
72	182
84	182
96	182
110	182
114	182
137	182
148	182
181	182
199	182
75	183
101	183
135	183
152	183
272	183
275	183
129	184
159	184
163	184
223	185
39	186
47	186
58	186
71	186
94	186
128	186
201	186
212	186
55	187
110	187
140	187
155	187
174	187
235	187
241	187
249	187
262	187
215	188
289	188
291	188
297	188
228	189
140	190
243	190
72	191
105	191
128	191
82	192
84	192
268	192
43	193
156	193
160	193
181	193
267	193
111	194
115	194
79	195
259	195
60	196
64	196
67	196
69	196
96	196
117	196
149	196
152	196
154	196
161	196
182	196
286	196
175	197
290	197
37	198
47	198
72	198
91	198
146	198
156	198
223	198
131	199
139	199
224	199
49	200
79	200
87	200
110	200
177	200
229	200
262	200
58	201
110	201
152	201
154	201
211	201
255	201
285	201
290	201
177	202
199	202
281	202
291	202
87	203
122	203
138	203
149	203
166	203
213	203
239	203
141	204
137	205
154	205
243	205
48	206
105	206
110	206
179	206
202	206
51	207
73	207
114	207
150	207
154	207
166	207
168	207
222	207
57	208
149	208
224	208
83	209
165	209
280	209
298	209
81	210
97	210
263	210
57	211
103	211
139	211
155	211
160	211
56	212
131	212
170	212
104	213
141	213
150	213
267	213
95	214
109	214
166	214
169	214
197	214
258	214
63	216
161	216
230	216
279	217
103	218
122	218
197	218
297	218
55	219
84	219
200	219
234	219
55	220
109	220
143	220
170	220
73	221
218	221
245	221
296	221
61	222
63	222
246	222
259	222
267	222
225	223
84	224
211	224
220	224
143	225
159	225
193	225
287	225
72	226
103	226
124	226
287	226
194	227
227	227
145	228
149	228
246	228
259	228
269	228
78	229
108	229
208	229
283	229
61	230
89	230
114	231
124	231
263	231
236	232
84	233
239	233
250	233
89	234
166	234
263	234
108	235
113	235
209	235
211	235
268	236
279	236
76	238
149	238
159	238
183	238
258	238
119	239
229	239
247	239
136	240
193	240
107	241
167	241
183	241
231	241
284	241
201	242
88	243
108	243
111	243
167	243
194	243
283	243
159	244
96	246
136	246
179	246
258	246
261	246
71	247
209	247
68	248
84	248
87	248
168	248
171	248
277	248
279	248
105	249
107	249
179	249
196	249
161	251
203	251
94	252
261	252
277	252
154	253
171	253
266	253
103	254
147	254
152	254
171	255
103	256
137	256
161	256
167	256
82	257
152	258
250	258
117	259
152	259
217	259
240	259
267	259
280	259
68	260
126	260
147	260
172	260
279	260
102	261
168	261
171	261
285	261
134	262
259	262
275	263
153	264
113	265
117	265
134	265
209	265
231	265
73	266
119	266
150	266
226	266
245	266
89	267
131	267
175	267
195	267
217	267
163	269
191	269
270	269
218	270
269	270
277	270
111	271
113	271
196	271
201	271
221	271
234	271
265	271
150	272
154	272
259	272
75	273
116	273
175	273
185	273
127	274
131	274
201	274
206	274
245	274
231	275
245	276
284	276
110	277
256	277
82	278
154	278
230	278
240	278
88	280
173	280
263	280
148	281
99	282
127	282
160	283
233	283
154	284
148	286
151	286
267	286
285	286
113	287
90	288
163	288
259	289
113	290
157	290
78	291
82	291
113	291
151	291
252	292
151	293
177	293
276	293
216	294
245	294
170	295
73	296
145	296
152	296
234	296
238	296
156	297
281	297
178	298
114	299
147	299
224	299
81	300
254	300
269	300
209	301
210	301
245	301
73	302
110	302
102	303
154	303
276	303
237	304
265	304
112	305
170	306
259	306
70	307
77	307
196	307
198	307
217	307
94	308
102	308
236	308
123	309
226	309
161	310
209	310
227	310
112	311
162	311
202	311
152	312
190	312
213	312
80	313
86	313
205	313
72	314
129	315
169	315
190	315
205	315
213	315
240	315
93	316
146	316
235	316
238	316
185	318
195	318
209	318
216	318
139	319
155	320
186	320
197	320
227	320
89	321
124	321
164	321
231	321
119	322
209	322
238	322
72	325
82	325
89	325
160	325
166	325
212	325
92	326
137	326
139	326
176	326
182	326
205	326
176	327
181	327
189	327
232	327
234	327
212	328
154	329
153	330
161	330
92	331
134	331
137	331
89	332
196	332
74	333
171	333
121	334
187	334
144	335
155	335
173	335
190	335
81	336
88	336
165	336
166	336
213	336
178	338
221	338
126	339
192	339
197	339
199	340
72	341
73	341
91	341
126	341
151	341
91	342
160	342
175	342
142	343
210	343
187	345
195	345
103	346
127	346
169	347
185	348
97	351
103	351
142	351
144	351
187	351
189	351
113	352
164	352
176	352
202	352
