890
174	51
179	57
166	61
171	63
172	63
184	63
177	64
185	64
166	68
159	69
145	70
122	72
132	72
159	72
175	74
162	76
113	78
94	79
103	79
179	79
76	82
84	82
155	82
163	83
170	83
113	85
79	88
138	88
164	90
186	90
201	90
82	91
118	91
149	91
171	92
199	92
104	93
164	93
76	95
127	95
164	95
92	96
121	97
193	97
199	97
88	98
121	98
174	99
178	99
185	100
57	101
152	101
160	101
187	101
65	103
96	103
100	103
152	103
201	103
208	103
51	104
109	104
147	104
133	105
83	106
55	107
181	108
182	108
153	109
199	109
121	110
147	110
148	110
167	110
174	110
207	110
155	111
106	112
142	112
161	113
54	114
78	114
50	115
135	115
142	115
204	115
87	116
125	116
144	116
150	116
176	117
59	118
61	118
125	118
156	118
204	118
162	119
112	120
192	120
53	122
155	122
173	122
162	123
52	124
168	124
199	124
113	125
170	125
183	125
204	125
67	126
76	126
82	126
132	126
206	126
150	127
101	128
102	128
178	128
54	129
131	129
172	129
177	129
178	130
97	131
111	131
134	131
141	132
145	132
127	133
191	133
84	134
96	134
53	135
183	135
190	135
60	136
177	136
65	137
73	137
215	137
39	138
170	138
176	138
148	139
195	139
89	140
109	140
110	140
155	140
183	140
190	140
208	140
112	141
141	141
142	141
145	141
188	141
214	141
54	142
123	142
183	142
202	142
177	143
35	144
271	144
281	144
303	144
191	145
272	145
291	145
81	146
74	147
138	147
142	147
147	147
163	147
97	148
109	148
119	148
234	148
277	148
103	149
131	149
158	149
161	149
207	149
299	149
50	150
89	150
227	150
272	150
27	151
81	151
158	151
37	152
65	152
137	152
177	152
206	152
212	152
219	152
271	152
81	153
211	153
217	154
273	154
281	154
288	154
65	155
202	155
95	156
120	156
147	156
181	156
238	156
265	156
289	156
30	157
68	157
158	157
159	157
237	157
142	158
305	158
129	159
177	159
211	159
96	160
106	160
193	160
243	160
275	160
39	161
87	161
109	161
229	161
241	161
246	161
288	161
291	161
101	162
187	162
275	162
287	162
292	162
73	163
129	163
131	163
235	163
268	163
62	164
68	164
69	164
154	164
156	164
233	164
282	164
87	165
117	165
146	165
192	165
303	165
81	166
137	166
204	166
157	167
267	168
47	169
81	169
88	169
100	169
116	169
170	169
191	169
197	169
208	169
237	169
53	170
58	170
167	170
281	170
100	171
109	171
131	171
136	171
227	171
295	171
299	171
44	172
104	172
153	172
174	172
270	172
77	173
138	173
244	173
131	174
147	174
213	174
247	174
260	174
157	175
163	175
174	175
305	175
117	176
189	176
207	176
270	176
276	176
50	177
72	177
77	177
174	177
197	177
207	177
226	177
259	177
60	178
85	178
138	178
212	178
266	178
95	179
100	179
104	179
138	179
142	179
146	179
172	180
189	180
191	180
266	180
286	180
50	181
146	181
257	181
31	182
60	182
150	182
153	182
156	182
205	182
273	182
275	182
295	182
72	183
125	183
219	183
229	183
280	183
120	184
156	184
290	184
50	185
62	185
108	185
110	185
204	185
97	186
128	186
136	186
138	186
199	186
202	186
144	187
192	187
194	187
208	187
262	187
42	188
46	188
91	188
250	188
68	189
160	189
167	189
172	189
238	189
49	190
91	190
150	190
224	190
286	190
288	190
43	191
80	191
82	191
108	191
136	191
144	191
174	191
196	191
268	191
95	192
114	192
190	192
200	192
59	193
87	193
142	193
152	193
155	193
254	193
189	195
200	195
253	195
126	196
152	196
167	196
204	196
227	196
46	197
80	197
87	197
174	197
189	197
195	197
196	197
287	197
174	198
180	198
217	198
260	198
292	198
84	199
155	199
290	199
31	200
32	200
55	200
94	200
106	200
114	200
119	200
142	200
204	200
212	200
250	200
277	200
285	200
47	201
57	201
60	201
72	201
113	201
132	201
164	201
182	201
187	201
209	201
215	201
271	201
281	201
290	201
40	202
128	202
241	202
139	203
145	203
188	203
215	203
84	204
174	204
246	204
269	204
298	204
81	205
87	205
181	205
49	206
105	206
120	206
126	206
145	206
105	207
113	207
220	207
93	208
156	208
172	208
187	208
194	208
231	208
199	209
280	209
33	210
80	210
127	210
181	210
184	210
212	210
235	210
275	210
89	211
207	211
208	211
244	211
252	211
100	212
104	212
205	212
47	213
105	213
167	213
267	213
44	214
94	214
113	214
118	214
139	214
158	214
169	214
191	215
224	215
277	215
38	216
58	216
88	216
99	216
140	216
142	216
148	216
163	216
177	216
132	217
240	217
248	217
125	218
160	219
197	219
62	220
107	220
123	220
169	220
173	220
239	220
154	221
155	221
200	221
243	221
132	222
134	222
167	222
274	222
38	223
45	223
111	223
113	223
146	223
186	223
54	224
263	224
106	225
143	225
260	225
269	225
52	226
110	226
128	226
137	226
162	227
191	227
250	227
166	228
216	228
37	229
43	229
128	229
176	229
274	229
284	229
89	230
137	230
142	230
166	230
182	230
266	230
273	230
299	230
123	231
133	231
171	231
179	231
223	231
282	231
89	232
116	232
58	233
125	233
255	233
67	234
195	234
231	234
100	235
143	235
145	235
233	235
211	236
247	236
109	237
125	237
90	238
92	238
147	238
40	239
83	239
100	239
139	239
176	239
239	239
71	240
110	240
112	240
122	240
125	240
168	240
179	240
226	240
248	240
36	241
257	241
194	242
58	243
70	243
78	243
82	243
140	243
145	243
162	243
169	243
100	244
214	244
206	245
145	246
213	246
62	247
101	247
158	247
245	247
257	247
131	248
232	248
107	249
110	249
127	249
236	249
62	250
85	250
96	250
100	250
115	250
122	250
155	250
131	251
138	251
163	251
261	251
39	252
42	252
108	253
128	253
155	253
203	254
115	255
164	255
224	255
140	256
97	257
100	257
103	258
152	258
242	258
81	259
231	259
108	260
114	260
115	260
122	260
140	260
50	261
87	261
182	261
260	261
153	262
171	262
40	263
81	263
97	263
108	263
102	264
191	264
104	265
172	265
182	265
227	265
73	266
87	266
186	266
257	267
224	270
79	271
81	271
44	272
56	272
103	272
248	273
87	274
106	274
126	274
62	275
112	275
143	275
257	275
119	276
92	277
95	277
106	279
209	279
228	279
254	279
107	280
112	280
143	280
214	280
89	281
91	281
223	281
94	282
158	283
45	284
255	284
236	285
256	285
106	286
142	286
63	287
88	287
101	287
166	287
214	287
158	288
63	290
41	291
47	291
98	291
101	291
166	291
168	291
149	293
163	293
205	293
47	294
111	294
248	294
44	295
149	296
175	296
209	296
234	296
238	296
98	297
180	297
175	298
52	300
108	300
111	300
141	300
158	300
136	302
123	303
170	303
59	304
229	304
237	304
141	305
204	305
102	306
108	306
123	306
136	306
144	306
130	307
207	307
210	307
59	308
123	308
43	309
67	309
83	309
145	309
227	309
235	309
227	310
201	311
102	312
123	312
192	312
45	313
74	314
83	314
66	315
65	316
146	316
159	316
200	316
214	316
58	317
216	317
240	317
175	318
170	319
227	320
231	321
63	322
77	322
65	323
177	323
209	323
90	324
213	324
141	326
171	326
195	326
205	326
100	327
160	327
132	328
189	329
147	331
161	331
201	331
73	332
97	332
186	332
191	334
197	334
217	334
128	335
156	335
223	335
81	336
88	336
149	336
214	336
97	337
117	337
168	337
108	338
197	338
85	339
95	339
192	339
87	340
177	340
199	340
129	341
178	341
140	342
158	342
192	342
118	343
131	343
132	343
210	343
106	344
108	344
121	344
139	344
148	344
104	345
114	345
195	345
82	346
82	348
131	348
156	348
184	348
93	349
168	349
140	351
144	351
179	351
108	352
113	352
164	352
188	352
190	352
202	352
