739
205	64
213	64
199	70
213	71
195	72
229	73
190	78
207	78
173	79
176	79
186	79
229	79
250	79
177	81
223	81
229	81
186	84
223	84
197	86
252	86
212	88
232	88
180	89
206	89
251	89
175	90
177	90
239	91
162	92
213	92
199	95
206	95
225	95
201	96
219	96
240	97
252	97
218	98
227	98
180	99
238	99
159	101
155	103
190	103
221	103
258	104
209	105
258	106
211	107
274	107
233	108
250	108
147	109
179	109
235	109
242	109
246	109
248	109
262	109
140	111
257	111
270	112
179	113
212	113
157	114
175	114
228	114
181	115
205	115
188	116
206	116
211	116
233	116
250	116
163	118
267	118
194	120
197	120
237	120
220	121
257	121
202	122
206	122
250	122
151	123
189	123
255	123
128	124
262	124
172	125
220	125
230	125
232	125
267	125
163	126
244	126
270	126
183	127
189	127
255	127
261	127
143	130
268	130
286	130
209	131
214	131
262	131
152	132
203	132
237	132
249	133
274	134
170	135
201	136
224	136
284	136
192	138
195	138
214	138
186	139
219	139
160	140
170	140
269	140
220	141
242	141
262	141
279	141
152	142
166	142
270	142
276	143
292	143
208	144
212	144
242	145
248	145
203	147
215	147
224	147
182	148
219	148
220	148
167	149
254	149
271	149
122	150
179	150
184	150
237	150
163	151
203	151
274	151
276	151
151	152
157	152
169	152
150	153
230	153
270	153
274	153
135	154
163	154
252	154
184	155
191	155
264	155
299	155
124	156
130	156
131	156
179	156
215	156
258	156
262	156
179	157
204	157
206	157
138	158
230	158
172	159
175	159
241	159
247	159
252	159
118	160
161	160
192	160
197	160
199	160
241	160
245	160
289	161
292	162
146	163
151	163
176	163
179	163
192	163
219	163
245	163
280	163
163	164
172	164
225	164
227	164
251	164
252	164
258	164
259	164
267	164
140	165
209	165
214	165
304	165
172	166
267	166
214	167
229	167
127	169
133	169
178	169
188	169
194	169
129	170
199	170
201	170
208	170
234	170
241	170
243	170
147	171
195	171
239	171
247	171
250	171
299	171
208	172
293	172
212	173
281	173
115	174
117	174
119	174
227	174
299	174
136	175
137	175
178	175
305	175
254	176
270	176
130	177
170	177
182	177
187	177
258	177
260	177
261	177
267	177
274	177
299	177
217	178
222	178
231	178
234	178
237	178
190	179
195	179
197	179
201	179
248	179
254	179
281	179
205	180
207	180
267	180
140	181
243	181
293	181
182	182
215	182
217	182
221	182
231	182
119	183
170	183
236	183
281	183
197	184
272	184
273	184
284	184
175	185
221	185
272	185
129	186
144	186
225	186
257	186
261	186
263	186
186	187
209	187
107	188
213	188
215	188
256	188
106	189
217	189
219	189
236	189
133	190
145	190
240	190
248	190
122	191
175	191
224	191
227	191
237	191
238	191
300	191
204	192
174	193
111	194
157	194
208	194
258	194
279	196
217	197
261	197
264	197
243	198
246	198
265	198
146	199
155	199
189	199
208	199
226	199
276	199
175	200
217	200
169	201
190	201
208	201
285	201
146	202
229	202
232	202
254	202
144	203
209	203
260	203
213	204
217	204
264	204
265	204
284	204
182	205
274	205
289	205
111	206
167	206
169	206
188	206
208	206
240	206
232	207
244	207
299	208
170	209
227	209
261	209
112	210
213	210
250	210
165	211
166	211
170	211
188	211
193	211
232	211
169	212
247	212
248	212
175	213
201	213
218	214
261	214
193	215
195	215
146	216
241	216
268	216
165	217
168	217
208	217
292	217
165	219
173	219
232	219
237	219
240	219
277	219
144	220
281	220
284	220
152	221
179	221
228	221
242	221
197	222
287	222
298	222
127	224
221	224
267	224
152	225
175	225
179	225
193	226
224	226
269	226
296	226
166	227
179	228
183	228
185	228
113	229
132	229
166	229
192	229
239	230
153	231
156	231
171	231
173	231
255	231
204	232
257	232
135	233
242	233
206	235
268	235
269	235
284	235
290	235
171	236
186	236
191	236
274	236
113	237
142	237
173	237
206	237
133	238
179	238
185	238
142	239
164	239
169	239
201	239
207	239
224	239
274	239
195	240
279	240
281	240
290	240
173	241
224	241
246	241
269	241
292	241
138	242
192	242
219	242
272	242
285	242
159	243
173	243
179	243
181	243
201	243
250	244
300	244
189	245
191	245
201	245
173	246
195	246
220	246
122	247
258	247
264	247
278	247
114	248
158	248
181	248
185	248
269	248
271	248
282	248
102	249
125	249
130	249
181	249
188	249
262	249
274	249
121	250
168	250
212	250
282	250
196	251
181	252
262	252
274	252
172	253
180	253
188	253
204	253
279	253
287	253
253	255
128	256
157	256
190	256
197	256
203	256
262	256
186	258
216	258
228	258
241	258
242	258
169	259
251	259
257	259
247	260
267	260
269	260
156	261
203	261
285	261
179	262
198	262
217	262
289	262
180	263
189	263
230	263
254	263
273	264
275	264
297	264
164	265
169	265
134	266
214	266
278	266
282	266
175	267
178	267
153	268
284	268
126	269
140	269
158	270
200	270
163	271
164	271
215	271
174	273
229	273
276	273
284	273
111	274
184	274
207	274
211	275
212	275
279	275
288	275
162	276
246	276
256	276
230	277
234	277
167	279
205	279
259	279
115	281
182	281
184	281
189	281
224	281
235	281
247	281
295	281
131	282
195	283
200	283
166	284
126	286
131	286
168	286
175	286
224	286
227	286
175	287
184	287
189	287
194	287
221	288
206	289
209	289
227	289
210	290
212	290
233	290
239	290
166	291
175	293
221	293
227	293
233	294
239	294
201	295
220	295
187	296
193	296
195	296
210	296
214	296
215	296
266	296
273	296
201	297
228	297
241	297
292	297
207	298
210	298
201	299
267	299
220	300
251	300
215	301
218	301
211	302
267	302
275	302
150	303
207	303
210	303
253	303
256	303
202	304
204	304
274	304
269	305
134	306
197	306
218	306
181	307
257	307
285	307
140	308
224	308
274	308
150	309
210	309
204	310
213	310
267	310
278	310
198	311
213	312
244	313
268	313
181	314
145	316
210	316
246	316
151	317
288	317
223	318
268	318
158	319
229	320
169	321
271	321
273	321
150	322
210	322
279	322
228	323
156	325
158	325
216	328
220	328
230	328
288	328
204	332
272	332
200	333
220	333
216	334
225	334
283	335
194	336
205	336
208	336
225	336
281	336
259	337
267	337
255	338
261	340
267	340
272	341
204	342
208	342
210	342
240	342
268	342
215	344
161	345
266	346
190	347
255	347
176	350
229	351
206	352
250	352
259	352
