616
258	43
262	43
268	48
237	50
267	50
289	53
278	54
278	55
228	56
244	56
263	57
259	58
215	60
236	62
266	62
235	63
296	63
281	64
218	65
273	65
296	65
260	67
214	69
212	70
268	70
290	70
308	70
318	70
241	71
237	72
276	72
283	72
298	72
271	73
219	74
246	74
264	75
256	76
305	78
215	79
225	79
266	79
286	79
292	79
307	79
279	80
209	81
297	81
293	82
260	83
251	84
220	85
254	85
259	85
287	85
316	85
233	86
247	86
261	86
274	86
294	86
307	86
224	87
195	88
203	89
306	89
212	90
283	91
289	91
314	91
241	92
250	92
254	92
200	93
235	93
218	94
274	94
292	94
306	94
312	94
282	95
289	95
191	97
289	97
282	98
238	99
312	99
208	100
225	100
258	101
299	101
205	102
243	102
293	102
298	102
264	103
281	103
307	105
311	106
196	107
229	107
235	107
265	107
271	107
282	107
194	108
288	109
206	110
255	111
272	111
277	111
299	111
214	112
257	112
261	112
230	114
294	115
248	116
270	116
299	116
238	117
243	117
282	117
177	119
270	119
280	119
239	120
294	120
305	120
307	120
194	122
200	122
239	122
294	122
209	123
233	123
212	125
252	125
258	125
265	125
193	129
300	130
302	130
250	132
309	132
267	133
243	134
244	134
236	136
221	137
195	138
210	138
289	138
297	138
216	139
259	140
263	140
300	140
248	141
194	142
254	142
272	142
185	143
271	143
289	144
304	144
172	145
194	145
304	146
236	147
229	148
304	148
187	150
219	150
277	150
215	151
242	151
282	151
288	151
200	152
244	152
249	152
288	152
187	153
231	154
256	154
292	154
295	154
180	155
182	155
174	156
190	156
250	156
256	156
211	157
215	157
257	157
174	158
246	159
250	159
260	159
292	159
202	160
267	160
271	160
177	161
196	161
288	161
292	161
166	162
168	162
218	162
222	162
238	162
281	162
223	163
282	163
287	163
214	164
216	164
226	164
256	164
271	164
287	164
251	165
260	165
291	165
179	166
239	166
246	166
271	168
168	169
202	170
208	170
210	170
267	170
279	170
167	171
190	172
192	172
229	172
260	172
264	172
174	173
203	173
221	173
279	173
223	174
234	174
236	174
287	174
290	174
300	174
301	174
304	174
252	175
166	176
243	176
257	176
182	177
268	177
284	177
287	177
300	177
272	178
275	178
185	180
234	180
243	180
282	180
249	181
172	182
218	182
223	182
291	182
165	183
195	183
272	183
297	183
303	183
229	184
239	184
279	185
165	186
205	186
176	187
229	187
185	188
199	188
302	189
199	190
219	190
229	190
172	193
272	193
279	193
164	194
277	194
219	195
246	195
264	195
283	195
287	195
296	195
299	196
206	197
230	197
241	197
174	199
269	199
202	200
264	200
293	200
170	201
211	201
255	202
282	202
217	203
299	204
165	205
211	205
264	205
277	206
203	207
211	207
216	207
249	207
273	207
184	208
256	208
191	209
282	209
283	209
165	210
249	210
273	210
170	211
210	211
259	211
279	211
299	212
249	214
213	215
237	215
174	216
202	216
234	216
291	217
224	218
211	219
199	220
250	220
253	220
276	220
211	221
290	221
297	221
302	221
199	222
240	222
278	222
293	222
300	222
247	223
272	223
203	224
221	225
197	226
207	226
211	226
257	226
274	226
229	227
240	228
167	229
188	229
199	229
202	229
213	229
236	229
219	230
203	231
248	231
251	231
262	232
198	233
213	233
229	233
242	233
281	233
283	233
236	234
241	234
262	234
296	234
192	235
219	235
187	236
199	236
202	236
205	236
220	237
225	238
170	239
192	239
194	239
199	239
229	239
234	239
235	239
261	239
281	239
179	240
255	240
271	240
274	240
215	241
220	241
242	241
248	241
225	242
252	242
261	242
283	242
177	243
226	243
239	244
234	245
260	245
254	246
168	247
179	247
212	247
214	247
239	247
292	247
299	247
225	248
260	248
229	250
294	250
178	251
254	251
260	251
212	252
253	252
273	252
180	253
170	254
216	254
260	256
266	256
274	256
203	257
222	257
225	257
297	257
226	258
253	258
258	258
176	260
179	260
215	260
273	260
296	260
215	261
245	261
247	261
267	261
202	262
222	262
284	262
183	263
265	263
178	264
258	264
273	264
182	266
214	266
238	266
251	266
254	266
284	266
229	267
237	267
283	267
195	268
237	268
223	269
265	269
278	269
203	270
224	271
228	271
247	271
273	271
289	271
173	273
215	273
255	274
264	274
288	274
224	275
263	275
227	276
247	276
273	276
280	276
289	276
227	277
236	277
252	278
286	278
289	278
180	281
211	281
263	281
269	281
226	282
269	284
291	284
203	285
229	285
232	285
211	286
268	287
264	288
259	289
268	290
201	291
232	291
240	291
272	291
276	291
187	293
201	293
245	293
267	293
258	294
262	294
276	295
279	295
226	296
227	296
273	296
294	296
200	297
240	297
244	297
262	298
268	298
259	300
206	301
279	301
290	301
193	302
244	302
250	302
225	303
275	303
221	304
242	304
281	304
284	304
235	305
236	305
268	305
202	306
206	306
275	308
279	308
221	309
250	309
288	309
221	310
228	310
234	310
238	310
243	310
269	310
269	312
208	314
261	314
283	314
212	315
217	315
220	315
279	315
227	316
270	317
288	318
227	319
212	320
262	320
217	322
261	322
222	323
274	323
279	323
266	325
262	327
279	328
258	331
262	331
230	335
258	336
287	336
283	337
256	338
225	339
225	341
256	346
239	349
248	350
248	352
258	352
