883
241	72
242	77
238	78
213	79
247	81
162	83
189	84
197	86
234	86
204	87
209	87
197	88
230	88
151	89
174	90
212	90
161	91
175	91
204	93
177	96
220	96
146	97
154	97
170	97
177	97
222	97
244	97
234	98
207	99
207	100
236	100
201	101
217	101
140	103
190	103
207	103
248	103
224	104
183	106
214	106
202	108
255	108
266	108
267	108
303	108
218	109
224	109
274	109
311	109
190	110
208	110
134	111
183	111
215	111
158	112
191	112
303	113
50	114
120	114
134	114
245	114
272	114
50	115
72	115
149	115
149	116
224	116
120	117
142	117
220	117
254	117
61	118
66	118
141	118
179	118
116	119
127	119
277	119
33	120
156	120
189	120
195	120
307	120
54	122
127	122
162	122
276	122
287	122
45	123
54	123
66	123
116	123
167	123
220	123
275	123
281	123
117	124
148	124
163	124
169	124
253	124
259	124
265	124
38	125
78	125
133	125
189	125
259	125
262	125
304	125
61	126
42	127
132	127
149	127
297	127
69	128
91	128
98	128
99	128
177	128
203	128
209	128
211	128
248	128
252	128
265	128
136	129
197	129
231	129
241	129
287	129
33	130
106	130
143	130
159	130
162	130
219	130
65	131
276	131
289	131
36	132
82	132
177	132
197	132
46	133
241	133
244	133
269	133
309	133
123	134
186	134
199	134
299	134
49	135
58	135
80	135
231	135
40	136
65	136
111	136
234	136
239	136
276	136
106	137
131	137
143	137
152	137
165	137
270	137
109	138
126	138
139	138
160	138
219	138
294	138
61	139
68	139
179	139
194	139
88	140
175	140
208	140
246	140
279	140
251	141
252	141
309	141
132	142
156	142
217	142
280	142
195	143
198	143
240	143
262	143
272	143
126	144
127	144
299	144
52	145
73	145
91	145
97	145
142	145
208	145
217	145
220	145
291	145
307	145
81	146
186	146
217	146
263	146
104	147
169	147
182	147
288	147
174	148
200	148
191	149
194	149
206	149
263	149
66	150
103	150
129	150
169	150
198	150
243	150
48	151
51	151
62	151
113	151
267	151
277	151
131	152
144	152
215	152
237	152
241	152
274	152
227	153
258	153
37	154
155	154
169	154
27	155
166	155
198	155
215	155
230	155
33	156
70	156
75	156
110	156
172	156
204	156
206	156
214	156
236	156
297	156
306	156
85	157
119	157
59	158
214	158
262	158
259	159
44	160
137	160
218	160
274	160
78	161
163	161
165	161
227	161
247	161
252	161
30	162
145	162
292	162
72	163
87	163
101	163
238	163
259	163
306	163
51	164
167	164
172	164
194	164
204	164
244	164
267	164
269	165
148	166
52	167
64	167
286	167
300	167
306	167
35	168
43	168
57	168
106	168
190	168
211	168
219	168
227	168
238	168
244	168
272	168
282	168
98	169
156	169
158	169
166	169
224	169
107	170
212	170
224	170
231	170
242	170
278	170
216	171
263	171
192	172
290	172
297	172
70	173
77	173
149	173
36	174
61	174
70	174
216	174
43	175
48	175
203	175
254	175
305	175
164	176
204	176
219	176
259	176
103	177
154	177
75	178
77	178
86	178
147	178
170	178
183	178
259	178
96	179
174	179
197	179
270	179
83	180
112	180
138	180
265	180
273	180
174	181
219	181
224	181
231	181
252	181
31	182
43	182
191	182
204	182
211	182
221	182
153	183
183	183
198	183
202	183
232	183
243	183
296	183
129	184
170	184
209	184
255	184
50	186
61	186
90	186
97	186
128	186
232	186
242	186
255	186
48	187
160	187
195	187
221	187
240	187
39	188
67	188
109	188
113	188
148	188
167	188
224	188
232	188
246	188
248	188
260	188
79	189
289	189
291	189
56	190
180	190
295	190
119	191
197	191
202	191
31	192
200	192
79	193
100	193
224	193
276	194
159	195
226	195
50	196
66	196
96	196
100	196
200	196
213	196
260	196
264	196
128	197
187	198
188	198
214	198
57	199
168	199
179	199
195	199
153	200
204	200
206	200
301	200
58	201
134	201
156	201
174	201
280	201
73	202
74	202
144	202
214	202
148	203
156	203
158	203
231	203
272	203
273	203
280	203
113	204
195	204
217	204
97	205
178	205
207	205
233	205
255	205
60	206
67	206
139	206
143	206
190	206
87	207
207	207
257	207
259	207
86	208
297	208
72	209
78	209
99	209
273	209
75	210
135	210
163	210
209	210
262	210
297	210
125	211
152	211
171	211
218	211
273	212
63	213
93	213
157	213
179	213
69	214
75	214
58	215
148	215
184	215
256	215
57	216
152	216
171	216
175	216
196	216
208	216
259	216
260	216
58	217
90	217
91	217
132	217
167	217
297	217
181	218
184	218
274	218
286	218
265	219
267	219
53	220
82	220
102	220
219	220
271	220
278	220
118	221
167	221
90	222
135	222
74	223
125	224
177	224
220	224
301	224
67	225
89	225
126	225
207	225
270	225
91	226
127	226
265	226
274	226
284	226
289	226
252	227
82	229
96	229
110	229
162	229
170	230
299	231
178	232
74	233
161	233
90	234
99	235
99	236
163	236
291	236
105	237
130	237
241	237
259	237
124	238
151	239
180	239
205	239
241	239
75	240
196	240
222	240
261	240
290	240
95	241
96	241
104	241
106	241
162	241
201	241
298	241
70	242
71	242
82	242
101	242
118	242
151	243
164	243
224	243
286	244
179	245
211	245
216	245
190	246
219	246
78	247
112	247
294	247
83	248
86	248
113	248
118	248
164	248
202	248
236	248
172	250
174	250
244	250
191	251
200	251
237	251
252	251
112	252
181	252
219	252
224	252
245	253
127	256
163	256
216	256
224	256
297	256
169	257
172	257
211	257
252	257
85	258
189	258
198	258
244	259
109	260
217	260
223	260
240	260
254	260
295	260
86	261
92	261
127	261
160	261
162	261
94	262
169	262
217	262
198	263
208	263
223	263
289	263
205	264
95	265
104	266
217	266
238	266
267	266
290	266
115	267
159	267
175	267
210	267
119	268
187	268
193	268
284	268
193	269
205	269
218	269
222	269
223	269
175	270
197	270
167	271
204	271
240	271
278	271
129	272
170	272
271	272
100	273
270	273
295	273
278	274
290	274
111	275
204	275
209	275
211	275
259	275
263	275
153	276
166	276
248	276
271	276
170	277
193	277
197	277
223	277
127	278
219	279
226	279
231	279
251	279
260	279
271	279
108	280
110	280
153	280
213	280
274	280
209	281
213	281
110	283
232	283
252	283
169	284
219	284
143	285
174	285
188	285
180	286
214	286
218	286
104	287
148	288
154	288
241	288
160	289
280	290
174	291
218	291
223	291
225	291
233	291
236	291
269	291
286	291
148	293
153	293
180	293
184	293
246	293
275	293
159	294
266	294
269	295
168	296
230	296
238	296
276	296
293	296
204	297
224	297
247	297
221	298
141	299
197	299
231	299
184	300
189	300
191	300
210	300
259	300
273	300
172	301
231	301
205	302
208	302
280	302
204	304
221	304
274	304
197	305
199	305
217	305
218	305
209	306
191	307
251	307
287	307
291	308
147	309
200	309
204	309
264	309
286	309
132	310
156	310
205	310
140	311
270	311
279	311
219	313
238	314
239	314
244	314
254	314
255	314
261	314
278	315
289	315
286	316
288	316
158	318
167	318
272	320
205	321
264	322
132	323
148	323
161	323
185	324
238	324
191	325
288	325
182	326
272	326
144	327
178	327
154	328
258	328
282	329
242	330
283	330
238	331
264	331
175	332
194	332
198	332
207	332
219	332
259	332
132	333
215	333
230	333
137	334
249	334
252	334
191	336
281	336
264	337
224	338
260	338
265	338
144	339
167	339
170	339
178	339
202	339
239	339
242	339
143	341
224	342
232	343
139	344
242	344
148	345
160	345
216	345
217	345
174	346
223	347
256	347
265	347
182	348
174	349
181	349
248	349
220	350
193	351
226	351
230	351
248	351
142	352
164	352
174	352
203	352
240	352
