966
238	10
221	19
232	19
234	19
245	19
245	20
222	21
176	22
185	22
187	22
197	22
186	23
215	23
213	24
246	25
147	27
157	28
169	28
238	28
255	28
153	29
172	30
228	30
181	31
219	31
198	32
210	34
253	34
166	35
209	35
138	36
185	36
222	37
239	37
187	38
203	38
134	39
238	39
123	41
174	41
153	42
213	42
230	42
190	43
252	43
142	44
224	45
184	46
207	46
198	48
255	48
256	48
158	50
186	50
190	50
115	51
215	51
249	51
126	52
216	53
242	54
259	54
179	56
181	56
227	56
208	57
234	57
175	58
202	58
252	58
254	58
115	59
150	59
168	59
118	60
151	60
168	60
176	60
226	60
160	62
184	62
257	63
203	64
211	64
185	65
235	65
157	66
170	66
142	67
114	68
146	68
174	68
209	68
121	69
130	70
141	70
263	70
131	71
236	71
190	72
219	72
228	72
242	72
261	74
153	75
162	75
183	75
145	78
237	79
242	79
249	79
164	80
170	81
193	81
259	81
159	82
186	82
221	83
138	84
242	84
168	85
214	85
220	85
230	86
231	86
113	87
133	88
199	88
169	89
188	90
103	91
119	92
174	92
248	92
255	92
104	93
113	93
249	93
209	94
214	94
262	94
184	95
188	95
236	95
239	95
135	96
144	97
198	97
204	97
224	98
129	100
163	100
178	100
224	100
106	101
131	101
140	101
153	101
217	101
223	101
258	101
156	102
166	102
179	102
185	102
236	103
240	103
102	104
200	104
218	104
146	105
200	105
140	106
143	106
229	106
242	106
173	107
267	107
168	108
224	108
229	108
160	109
202	109
248	109
260	109
264	109
153	110
177	110
136	111
177	111
213	112
229	112
120	113
125	113
208	113
246	113
208	114
254	114
257	114
270	114
218	115
150	116
229	117
235	117
238	117
171	118
177	118
183	118
217	118
163	119
165	119
229	119
235	119
247	119
277	119
128	120
242	120
246	120
293	120
184	121
154	122
272	122
276	122
288	122
197	123
210	123
90	124
135	124
192	124
212	124
230	124
234	124
148	125
155	125
200	125
262	126
280	126
298	126
242	127
246	127
225	128
169	129
219	129
224	129
93	130
126	130
176	130
180	130
248	130
308	130
287	131
291	131
158	132
183	132
163	133
169	133
275	133
149	134
224	134
230	134
283	135
200	136
218	136
253	136
283	136
161	137
163	137
170	137
192	137
202	137
218	137
224	137
248	137
89	139
293	139
261	140
95	141
97	141
143	141
253	141
259	141
274	141
309	141
74	142
179	142
184	142
47	143
121	143
127	143
218	143
224	143
236	143
240	143
281	143
91	144
134	144
173	144
186	144
229	144
274	144
280	144
308	144
68	145
196	145
267	145
291	145
246	146
247	146
55	147
252	147
281	147
37	148
75	148
87	148
137	148
190	148
192	148
290	148
66	149
171	149
233	149
50	150
60	150
164	150
209	150
213	150
51	151
115	151
187	151
37	152
273	152
213	153
74	154
180	154
185	154
69	155
76	155
157	155
186	155
286	155
63	156
210	156
213	156
197	157
60	158
117	158
132	158
259	158
29	159
252	159
277	159
45	160
108	160
153	160
147	161
224	161
230	161
236	161
289	161
51	162
116	163
224	163
250	163
175	164
252	164
272	164
277	164
148	165
157	165
304	165
116	166
215	166
52	167
209	167
215	167
286	167
35	168
43	168
58	168
202	168
109	169
164	169
166	169
169	169
230	169
233	169
143	170
145	170
172	170
177	170
51	171
129	171
160	171
219	171
223	171
252	171
262	171
298	171
86	172
124	172
137	172
152	172
177	172
179	172
291	172
36	173
69	173
118	173
36	174
109	174
71	175
172	175
304	175
135	176
202	176
209	176
219	176
93	177
96	177
112	177
151	177
168	177
209	177
214	178
244	178
261	178
268	178
50	179
77	179
78	179
192	179
273	179
284	179
235	180
286	180
118	181
125	181
31	182
91	182
178	182
118	183
182	183
192	183
292	183
147	184
154	184
169	184
175	184
193	184
285	185
50	186
61	186
67	186
208	186
209	186
212	186
228	186
243	186
259	186
48	187
98	187
131	187
137	187
249	187
40	188
79	188
183	188
212	188
218	188
107	189
249	189
266	189
288	189
292	189
56	190
103	190
122	190
156	190
237	190
259	190
119	191
31	192
145	192
147	192
157	192
160	192
169	192
174	192
187	192
234	192
253	192
264	192
266	192
75	193
187	193
218	193
166	194
202	194
49	195
205	195
207	195
211	195
264	195
269	195
174	196
227	196
259	196
275	196
288	196
67	197
94	197
157	197
221	197
252	197
291	197
302	197
57	198
92	198
234	198
241	198
243	198
100	199
192	199
217	199
239	199
80	200
120	200
140	200
145	200
163	200
181	200
188	200
195	200
214	200
101	201
118	201
129	201
204	201
257	201
298	201
72	202
73	202
134	202
153	202
246	202
248	202
226	203
254	203
261	203
263	203
286	203
127	204
233	204
267	204
275	204
289	204
221	205
237	205
282	205
68	206
204	206
254	206
140	207
103	208
127	208
153	208
208	208
259	208
295	208
120	209
197	209
201	209
212	209
214	209
231	209
93	210
148	210
187	210
217	210
220	210
118	211
126	211
135	211
168	211
242	212
94	213
135	213
294	213
223	214
295	214
161	215
169	215
171	215
198	215
207	215
209	215
148	216
149	216
157	216
302	216
134	217
279	217
302	217
204	218
284	218
286	218
298	218
209	219
211	219
95	220
98	220
102	220
127	220
136	220
162	220
166	220
174	220
297	220
89	221
192	221
195	221
233	221
240	221
264	221
268	221
141	222
158	222
161	222
174	222
149	223
188	223
132	224
135	224
211	224
291	224
301	224
88	225
168	225
182	225
224	225
268	225
110	226
141	226
176	226
204	226
211	226
274	226
161	227
184	227
187	227
224	227
240	227
289	227
243	228
99	229
218	229
229	229
95	230
174	230
84	231
116	232
147	232
154	232
182	232
197	232
243	232
166	233
183	233
199	233
217	233
293	233
90	234
175	234
249	234
252	234
116	235
220	235
222	235
259	235
83	236
175	236
229	236
273	236
104	237
129	237
140	237
277	237
279	237
83	238
93	238
192	238
225	238
233	238
266	238
132	239
160	239
178	239
192	239
271	239
138	240
167	240
170	240
97	241
212	241
277	241
299	241
101	242
128	242
173	242
214	242
283	242
130	243
145	243
184	243
200	243
118	245
255	245
149	246
158	246
179	246
154	247
197	247
229	247
244	247
249	247
294	247
90	248
113	248
121	248
133	248
135	248
162	248
165	248
173	248
178	248
283	248
138	249
147	249
190	249
234	249
84	250
106	250
186	250
249	250
154	251
162	251
252	251
262	251
179	252
242	252
266	252
276	252
279	252
112	253
246	253
143	254
146	254
123	255
154	255
150	256
153	256
186	256
252	256
297	256
96	257
128	257
257	257
288	257
180	258
180	259
239	259
110	260
121	260
123	260
190	260
246	260
247	260
84	261
111	261
125	261
128	261
146	261
149	261
153	261
170	261
227	261
191	263
230	263
234	263
271	263
285	263
296	263
94	264
135	264
264	264
274	264
116	265
230	265
108	266
146	266
189	266
234	266
267	266
290	266
94	267
153	267
158	268
170	270
99	271
190	271
239	271
244	271
100	272
158	272
159	272
259	272
109	273
139	273
228	273
295	273
144	274
246	274
263	274
265	274
291	274
156	275
171	275
178	275
269	275
194	277
220	278
140	280
143	280
110	281
178	281
156	282
173	282
206	282
132	283
202	283
219	285
179	286
139	287
214	287
151	288
173	288
196	288
292	288
160	289
161	289
168	289
293	289
189	290
139	291
223	291
207	292
187	293
232	293
285	293
129	294
253	294
275	294
204	295
262	295
159	296
167	296
172	296
192	296
223	296
225	296
257	296
267	296
276	296
293	296
187	297
199	297
196	298
205	298
226	299
142	300
143	300
186	300
269	300
187	301
203	301
262	301
154	302
159	302
195	303
211	304
261	304
275	304
203	305
205	305
234	305
188	307
192	307
252	307
287	307
290	307
129	308
180	308
212	308
252	308
280	308
169	309
175	309
237	309
241	309
136	310
212	310
243	310
205	311
271	311
155	312
188	313
252	313
175	314
180	314
203	314
199	315
213	315
243	315
289	315
288	316
245	317
204	318
220	319
272	319
182	320
184	320
257	320
199	321
264	322
279	322
185	324
191	324
215	324
288	325
177	327
203	327
276	327
218	328
248	329
253	329
242	330
238	331
264	331
210	333
206	334
264	337
260	338
275	338
283	338
242	341
273	341
268	342
242	343
275	343
210	345
206	346
222	346
256	347
215	349
239	349
229	351
