891
104	10
114	10
122	11
134	13
95	15
112	18
83	21
89	22
97	22
99	22
112	22
89	24
140	25
133	27
122	28
77	31
150	31
157	31
125	32
151	32
89	33
170	33
132	34
118	36
125	40
183	40
185	41
75	42
81	42
175	42
104	43
130	43
132	43
155	43
111	44
172	44
118	45
163	46
87	49
94	50
102	50
112	51
133	51
156	51
68	52
112	52
155	53
85	54
160	56
175	57
182	58
68	60
182	63
171	64
82	66
122	68
147	68
79	69
115	69
135	69
191	69
139	71
53	72
165	73
176	74
179	74
172	75
197	75
91	76
94	76
191	76
84	77
102	77
192	78
70	79
152	80
120	81
137	81
29	82
29	83
91	84
95	84
87	85
39	86
34	88
50	89
67	89
141	89
75	90
108	90
146	90
63	91
189	91
100	92
120	92
88	93
181	94
41	96
128	96
160	97
172	97
206	97
31	98
101	98
107	98
144	98
152	98
164	98
20	99
21	99
73	99
190	99
199	100
45	101
54	102
58	102
184	102
135	103
208	103
24	104
59	104
69	104
82	105
141	105
169	105
63	106
93	107
99	107
133	107
21	108
30	108
45	108
55	108
73	108
152	108
120	110
210	111
144	112
55	113
162	113
30	114
51	114
62	114
142	114
125	115
165	115
177	115
32	116
98	116
172	116
71	118
106	118
114	118
203	118
77	120
42	121
92	121
94	122
162	122
187	122
194	122
24	123
42	123
51	123
62	123
124	123
173	123
179	123
210	123
52	124
58	124
220	124
70	125
77	125
78	126
87	127
159	127
96	128
108	128
187	128
46	129
52	129
160	129
168	129
119	130
130	130
101	132
139	132
223	132
56	133
59	133
63	133
206	133
213	134
223	135
25	136
66	136
78	136
163	136
169	136
174	136
86	137
99	138
129	138
196	138
204	138
49	139
102	139
131	139
162	139
220	139
72	140
156	140
114	141
120	141
143	142
164	143
169	143
58	144
123	144
171	144
211	144
216	144
102	145
110	145
150	145
183	145
204	145
211	146
139	147
157	147
218	147
87	148
183	148
185	148
66	149
70	149
102	149
196	149
198	149
121	150
178	150
42	151
112	151
78	152
121	152
209	152
80	153
172	154
223	154
37	155
54	155
61	155
62	155
66	155
30	157
153	157
209	157
214	157
174	158
178	158
185	158
87	159
93	159
110	159
133	160
192	160
198	160
42	161
45	161
61	161
56	162
124	162
128	162
136	162
85	163
93	163
62	165
158	165
56	166
214	166
142	167
167	167
169	167
174	167
213	167
37	168
139	168
174	168
192	168
198	168
219	168
95	169
102	169
151	169
164	169
186	169
75	170
206	170
50	171
52	171
56	171
76	171
77	171
124	173
125	173
43	174
44	174
66	174
70	174
76	174
142	174
174	174
186	174
224	175
217	176
204	177
72	178
79	178
98	178
104	178
118	178
174	178
51	179
52	179
157	179
174	179
191	179
197	179
222	179
230	179
151	180
157	180
60	181
66	181
117	181
126	181
157	181
205	181
210	181
57	182
161	182
111	183
141	183
145	183
173	183
191	183
196	183
134	184
138	184
143	184
210	184
228	184
75	185
105	185
126	185
79	186
84	186
98	186
99	186
119	186
184	186
77	187
86	187
90	187
92	187
203	187
50	188
61	188
129	188
133	188
149	188
214	188
226	188
43	189
106	189
109	189
119	189
156	189
57	190
59	190
114	190
53	191
172	191
184	191
67	192
73	192
188	192
177	193
182	193
34	194
74	194
77	194
122	194
62	195
66	195
106	195
137	195
92	196
171	196
202	196
70	197
122	197
156	197
176	197
45	198
117	198
137	198
142	198
202	198
42	199
58	199
148	199
32	200
34	200
143	200
220	200
84	201
117	201
153	201
96	202
129	202
211	202
66	203
172	204
175	204
72	205
99	205
110	205
112	205
135	205
179	205
181	205
186	205
191	205
70	206
194	206
202	206
34	207
108	207
153	207
123	208
127	208
135	208
158	208
161	208
164	208
186	208
207	208
209	208
217	209
222	210
94	211
134	211
177	211
192	211
212	211
216	211
219	212
228	212
80	213
122	213
199	215
47	216
191	216
202	216
230	216
87	217
102	217
219	217
35	218
99	218
134	218
195	218
44	219
122	219
77	220
84	220
130	220
153	221
181	221
122	222
184	223
77	224
171	224
194	224
72	225
134	225
214	225
226	225
44	226
92	226
174	226
197	226
36	227
110	227
87	228
208	228
227	228
231	228
108	229
191	229
211	229
94	230
87	231
134	231
194	231
147	232
88	233
146	233
219	234
171	235
123	236
185	236
201	237
211	237
102	238
146	238
172	238
188	238
214	239
216	239
45	240
134	240
203	240
224	240
72	241
94	241
122	241
188	241
83	242
191	243
68	244
125	246
133	246
89	247
81	248
115	248
133	248
144	248
210	248
226	248
47	249
125	249
174	249
181	249
59	250
108	250
115	250
52	251
82	251
212	251
97	252
107	252
175	252
183	252
232	252
117	253
132	253
97	255
144	255
147	255
222	255
39	256
107	256
143	256
212	256
222	256
42	257
67	257
124	257
134	257
96	258
66	259
72	259
106	259
133	260
134	260
149	260
152	260
156	260
232	260
51	261
39	262
50	262
91	262
156	263
60	265
86	265
64	266
72	266
104	266
127	266
152	266
156	266
230	266
57	267
167	267
218	267
73	268
96	268
135	268
222	269
48	270
84	270
233	270
91	271
127	271
156	271
161	271
85	272
168	272
172	272
204	272
42	273
45	273
132	273
99	274
107	274
215	274
88	275
97	275
138	275
162	275
165	275
180	275
40	276
57	276
99	276
108	276
174	276
189	276
217	276
81	277
180	277
198	277
68	279
86	279
146	279
165	279
52	280
56	280
107	280
138	280
190	280
217	280
127	281
135	281
165	281
199	281
201	281
212	281
110	283
115	283
86	284
120	284
153	285
236	285
243	285
51	286
87	286
127	286
210	286
121	287
135	287
147	287
166	287
168	287
47	288
115	288
137	288
213	288
43	290
86	290
113	290
121	290
156	290
229	290
175	291
198	291
56	292
147	292
169	292
200	292
218	292
229	292
137	293
140	293
114	294
165	294
203	295
205	295
209	295
237	295
62	297
70	297
87	297
122	297
124	297
156	297
176	297
227	297
245	297
69	298
113	298
140	299
147	299
53	300
118	300
166	300
169	301
118	302
210	302
217	302
45	303
158	303
160	303
227	303
97	304
148	304
153	304
49	305
71	305
77	305
147	305
116	306
118	306
169	306
170	306
197	306
218	306
70	307
75	307
88	307
122	307
127	307
130	307
133	307
241	307
162	308
165	308
49	309
158	309
201	309
210	309
44	310
88	310
154	310
158	310
222	310
80	311
107	311
148	311
166	311
196	311
216	311
80	312
115	312
237	312
56	313
92	313
102	313
115	313
121	313
130	313
132	313
197	313
158	314
164	314
246	315
78	316
184	316
85	317
114	317
225	317
49	318
204	318
132	319
165	319
213	319
105	320
54	321
164	321
195	321
199	321
65	322
198	322
218	322
232	322
237	322
242	322
65	323
245	323
110	324
165	324
208	324
225	324
231	324
46	325
113	325
118	325
120	325
152	325
144	326
177	327
215	327
109	328
134	328
191	328
198	328
199	328
51	329
64	329
77	329
92	329
113	329
152	329
160	329
194	329
74	330
242	330
70	331
115	331
117	331
121	331
151	331
172	331
179	331
45	332
51	332
128	332
134	332
145	332
175	332
213	332
97	333
49	334
58	335
89	335
74	336
114	336
177	336
191	336
69	337
84	337
151	337
152	337
199	337
51	338
136	338
192	338
238	339
129	340
214	340
237	340
56	341
58	341
141	341
144	341
98	342
162	342
224	342
86	343
77	344
103	344
178	344
214	344
216	344
82	345
91	345
186	345
66	346
68	346
113	346
60	347
83	347
99	347
119	347
134	347
91	348
96	348
178	348
185	348
114	349
188	351
191	351
215	351
226	351
229	351
175	352
202	352
