806
157	41
148	42
157	42
116	43
136	43
128	46
172	48
158	51
107	52
171	53
184	53
90	55
134	55
198	55
123	56
222	56
92	57
89	61
221	61
135	62
190	62
148	63
229	64
179	66
180	66
206	66
229	66
110	68
111	68
143	68
196	69
197	70
134	71
144	72
232	72
240	73
251	73
275	73
103	74
242	74
251	74
275	74
88	76
102	76
127	76
85	77
294	77
115	78
262	78
106	79
303	79
304	79
247	80
229	81
84	82
262	82
270	82
84	83
208	83
270	83
287	83
106	84
200	85
222	85
248	85
93	86
189	86
174	87
210	87
310	87
136	88
165	88
243	88
302	88
102	89
180	89
192	89
239	89
112	90
122	90
227	91
106	92
269	92
89	93
137	93
186	93
198	93
295	93
313	93
310	94
260	95
287	95
166	96
220	96
309	96
73	97
77	97
295	97
97	98
239	98
260	98
295	98
58	100
273	101
287	101
234	102
66	103
272	103
252	104
59	105
165	105
296	105
53	106
215	106
74	107
126	107
184	107
302	107
274	108
302	108
237	110
248	110
253	110
54	111
62	111
254	111
282	111
40	112
69	112
229	112
68	113
258	113
260	113
76	114
50	115
192	115
56	116
57	116
116	116
213	116
122	117
240	118
257	118
206	119
257	119
138	121
280	121
294	121
37	122
49	122
66	122
153	122
287	122
292	122
46	123
116	123
122	123
130	123
225	124
269	125
277	125
38	126
210	126
76	127
82	127
204	128
150	129
139	131
279	131
46	132
129	132
63	133
269	133
118	134
299	134
304	134
53	135
63	135
109	136
199	136
25	137
216	137
192	138
245	138
25	139
44	139
298	139
28	140
210	140
284	140
40	142
186	142
192	142
63	143
288	145
34	146
71	146
94	146
280	146
76	147
79	148
95	148
103	148
109	148
283	148
292	148
49	149
127	149
133	149
197	149
216	149
51	150
184	150
270	150
275	150
184	152
246	153
260	153
269	153
35	154
274	154
48	155
141	155
199	155
239	155
253	155
259	155
305	155
90	156
96	156
147	156
275	156
53	157
44	158
66	158
118	158
127	158
132	158
112	159
189	159
239	159
292	159
82	160
89	160
233	160
241	160
181	161
299	161
308	161
76	162
90	162
95	162
29	163
38	163
83	163
185	163
201	163
209	163
234	163
258	163
163	164
192	164
203	164
287	164
119	165
169	165
196	165
179	166
184	167
134	169
147	169
246	169
303	169
305	169
92	170
97	170
295	170
196	171
239	171
293	171
30	172
191	172
254	172
42	173
92	173
121	173
227	173
232	173
264	173
219	174
225	174
239	174
270	174
285	174
245	175
39	176
95	176
99	176
281	177
81	178
142	178
155	178
161	178
169	178
190	178
197	178
305	178
148	179
290	179
141	180
156	180
161	180
185	180
254	180
73	181
50	183
89	183
259	183
274	184
223	185
75	186
137	186
142	186
158	186
162	186
219	186
231	186
240	186
244	186
286	186
83	187
99	187
185	187
194	187
267	187
281	187
304	187
37	188
59	188
92	188
144	188
149	188
30	189
38	189
166	189
168	189
282	190
219	191
67	192
101	192
179	192
185	192
194	192
222	192
229	192
74	193
94	194
132	194
150	194
207	194
128	195
267	195
272	195
290	195
185	196
112	197
138	197
170	197
194	197
244	197
248	197
88	198
109	198
216	198
229	198
301	198
130	199
180	199
221	199
234	199
52	200
98	200
273	200
199	201
208	201
297	201
64	203
212	203
214	203
293	203
150	204
219	204
287	204
184	205
41	206
93	206
106	206
110	206
197	206
248	206
41	207
135	207
284	207
299	207
95	208
98	208
150	208
219	208
252	208
49	209
62	209
224	209
294	209
146	210
182	210
290	211
197	212
224	212
237	213
228	214
284	214
70	215
224	215
239	215
103	216
227	216
258	216
91	217
251	217
265	217
48	218
55	218
75	218
248	218
227	219
274	219
295	219
63	220
181	220
253	221
101	222
134	222
246	222
255	222
87	225
147	225
180	225
53	226
98	226
53	227
144	227
104	228
185	228
247	228
61	229
190	229
198	229
223	229
138	230
110	231
112	231
172	231
237	231
71	232
93	232
121	232
56	233
63	233
88	233
143	233
144	233
209	233
226	233
63	234
85	234
185	234
116	235
119	235
158	235
190	235
191	235
198	235
204	235
149	236
166	236
170	236
197	236
216	236
225	236
137	238
163	238
210	238
292	238
112	239
143	239
147	239
156	239
228	239
287	239
68	240
108	240
143	240
158	240
205	240
218	240
249	240
55	241
71	241
112	241
199	241
253	242
282	242
170	243
114	246
142	246
223	246
178	247
52	248
62	248
73	248
79	248
81	248
232	248
290	248
110	249
224	249
283	249
166	250
207	251
213	251
232	251
269	251
80	252
206	253
73	254
256	254
58	255
63	255
114	255
179	255
64	256
160	256
165	256
183	256
190	256
196	256
214	256
287	256
59	257
282	257
122	258
131	258
170	259
178	259
207	259
225	259
280	259
282	259
50	260
131	260
264	260
159	261
182	261
184	261
196	261
246	261
291	261
72	263
226	263
291	263
169	264
212	264
169	265
135	266
176	266
203	266
208	266
225	266
91	267
182	267
218	267
184	268
190	268
191	268
70	270
230	270
50	271
169	271
208	271
212	271
226	271
237	271
205	273
57	274
83	274
82	275
264	275
291	275
49	276
138	276
92	277
130	277
212	277
67	278
206	278
244	278
249	278
266	278
280	278
199	281
249	282
263	282
289	282
107	283
115	284
215	284
275	284
64	285
89	285
280	285
63	286
90	286
200	286
210	287
257	287
291	287
99	288
214	288
215	288
54	289
85	289
94	290
118	290
97	291
237	292
83	294
116	294
280	294
57	295
163	295
228	295
273	295
237	296
63	297
97	297
155	297
290	297
255	298
76	299
118	299
76	300
267	300
80	301
140	301
162	301
229	301
101	303
115	303
207	303
257	303
271	303
128	304
200	304
282	304
160	305
173	305
223	306
49	307
102	307
115	307
138	307
271	307
58	309
126	309
223	310
248	310
96	311
101	312
113	312
277	312
55	313
86	313
100	313
67	314
72	314
91	314
240	314
210	317
248	317
95	319
51	320
53	320
79	320
241	320
242	320
128	321
223	321
271	321
180	322
73	324
210	324
93	325
49	326
233	326
243	326
248	326
108	327
180	327
257	327
278	327
99	328
110	328
124	328
126	328
185	328
225	328
52	329
78	329
83	329
95	330
234	330
240	330
265	330
52	331
73	331
248	331
74	332
213	332
225	332
141	333
208	333
212	333
240	333
86	334
186	334
199	334
122	335
157	335
159	335
80	336
148	336
150	336
238	336
265	336
252	337
85	338
128	338
129	339
201	339
229	339
117	340
183	340
55	341
109	341
118	341
168	341
170	341
174	341
188	341
223	341
97	342
272	342
86	343
217	343
243	343
268	343
75	344
91	344
103	344
149	344
231	344
67	345
257	345
82	346
193	346
201	346
129	347
203	347
60	348
65	348
120	348
149	348
171	348
188	348
190	348
225	348
114	350
174	350
179	350
217	350
91	351
133	351
151	351
212	351
217	351
243	351
249	351
82	352
104	352
114	352
142	352
165	352
190	352
203	352
207	352
263	352
