645
203	31
185	33
196	33
215	34
194	38
175	39
204	39
235	39
216	40
228	40
203	42
233	42
198	45
209	46
173	47
213	47
241	47
165	48
232	48
236	50
241	50
225	52
208	53
249	53
192	54
231	54
236	54
167	55
186	55
161	56
149	57
215	60
168	61
230	62
142	63
209	63
261	63
265	64
221	65
264	65
150	66
213	66
229	66
254	67
220	69
274	69
231	70
241	70
266	70
206	71
224	71
198	72
212	72
275	73
167	74
260	75
134	76
245	76
132	77
151	77
127	78
168	78
221	78
294	79
223	80
209	81
238	81
286	82
145	83
267	83
130	84
162	85
166	85
288	85
302	85
127	86
236	86
154	91
269	91
159	92
192	92
258	92
260	92
295	92
315	92
250	94
244	96
184	97
295	97
157	99
225	100
288	100
282	102
230	103
231	103
142	104
147	104
180	104
296	104
258	105
187	106
251	106
162	107
274	108
282	108
284	108
147	109
152	109
161	109
245	109
293	109
269	110
141	111
153	111
237	111
142	113
229	115
301	115
181	116
302	116
288	117
152	118
162	118
226	118
254	118
178	120
281	120
234	121
272	121
142	122
179	122
188	122
228	122
294	122
112	123
129	123
133	123
212	123
287	123
194	125
248	125
308	126
227	127
310	127
206	128
280	128
293	128
177	129
240	129
128	130
168	131
174	131
279	131
281	131
251	132
274	132
299	133
245	134
304	134
282	135
160	136
220	136
153	137
129	138
137	139
259	139
146	140
253	140
275	140
287	140
304	140
183	141
189	142
309	142
224	143
262	143
267	143
161	144
269	144
288	144
97	145
98	145
145	145
152	145
244	145
137	146
236	146
238	146
107	148
231	148
293	148
309	148
198	149
206	150
174	151
181	151
205	151
154	152
212	152
214	152
219	152
227	152
174	154
140	155
176	155
298	155
97	156
106	156
97	157
262	157
267	157
212	159
219	159
227	159
231	159
102	160
226	160
255	160
301	160
128	161
141	161
221	161
177	162
183	163
190	163
268	164
274	164
114	165
134	165
221	165
226	165
162	166
247	166
252	166
164	167
239	167
247	167
97	168
253	168
281	168
287	168
157	170
227	170
231	170
232	170
239	170
287	170
98	171
111	171
124	171
152	171
222	171
293	171
138	172
198	172
200	172
205	172
103	173
194	173
274	173
260	174
265	174
279	174
239	175
245	175
96	176
98	176
174	177
178	177
231	177
237	177
253	177
254	177
135	178
265	178
279	178
116	179
119	179
197	179
257	179
264	179
271	179
272	179
284	179
164	180
167	180
231	180
278	180
134	181
237	181
244	181
117	182
174	182
278	182
143	183
222	183
244	184
248	184
264	185
305	185
98	186
111	186
125	186
142	186
257	186
269	186
105	187
232	187
262	187
284	187
300	187
105	188
167	188
249	188
254	188
289	188
232	189
277	189
118	190
283	190
300	190
128	191
254	191
147	192
172	192
260	192
105	193
136	193
218	193
204	194
275	194
289	194
218	195
294	195
200	196
233	196
254	196
268	196
114	197
155	197
258	197
260	197
115	198
183	198
264	199
286	199
98	200
103	200
147	200
87	201
212	201
216	201
277	201
112	203
231	204
92	205
190	205
210	205
76	207
152	207
273	208
298	208
76	209
274	209
171	210
240	210
84	211
165	211
231	211
252	211
109	212
137	212
218	212
81	213
125	213
136	213
251	213
285	213
256	214
288	214
178	216
218	216
240	216
252	217
90	218
94	218
105	218
201	218
137	219
228	219
235	219
82	220
131	220
196	220
200	220
297	220
177	222
244	224
267	224
144	225
177	225
227	225
235	225
146	226
254	226
269	226
102	228
177	229
208	229
245	229
255	229
260	229
243	230
268	230
117	231
238	231
234	232
88	233
208	234
273	234
88	236
261	236
294	236
104	237
107	237
253	237
275	237
235	238
238	238
115	239
261	239
162	240
100	241
102	241
200	241
246	241
206	242
283	242
154	243
161	243
209	243
238	243
236	245
174	246
199	246
229	246
256	246
269	246
158	247
277	247
294	247
98	248
102	248
111	248
121	248
206	248
256	248
265	248
271	248
247	249
286	249
164	250
174	251
213	251
236	251
234	252
266	252
255	253
279	253
247	254
249	254
282	255
294	255
245	256
168	257
182	257
213	257
262	257
107	258
131	258
235	258
238	258
256	258
190	259
282	259
289	259
250	260
246	261
262	261
121	262
167	262
181	262
246	262
290	262
114	263
126	263
239	263
168	264
181	264
236	264
189	265
214	265
230	265
256	265
127	268
136	268
117	269
165	269
181	269
246	270
154	271
279	271
293	271
153	272
213	272
244	274
137	275
127	276
129	276
250	276
281	277
295	277
202	279
245	279
249	279
243	280
293	281
172	282
250	283
289	283
201	284
255	284
244	286
202	287
291	287
232	289
255	289
214	290
173	291
202	291
255	291
270	293
143	294
214	294
181	295
244	295
175	296
256	296
294	296
173	298
204	298
228	298
271	298
244	299
179	301
292	304
149	305
231	305
146	306
280	306
290	307
127	308
153	308
231	308
138	309
236	309
285	309
226	311
260	311
276	312
201	313
277	313
286	313
290	313
271	314
131	315
167	315
133	316
237	316
226	317
244	317
279	317
234	318
256	318
264	318
202	319
212	319
264	321
270	321
234	323
238	323
220	326
248	327
289	328
242	329
284	329
241	330
232	331
283	331
218	332
210	333
213	333
257	333
188	334
203	334
289	334
176	335
179	335
200	335
233	336
242	336
243	336
271	336
285	336
257	337
268	338
230	339
251	339
261	339
223	340
188	341
200	341
212	341
243	342
178	343
231	344
223	346
230	346
243	346
282	346
173	347
256	347
252	348
284	348
213	349
214	349
220	349
263	350
200	351
206	351
232	352
241	352
252	352
258	352
261	352
