861
232	14
233	15
221	16
220	18
230	22
240	23
213	24
238	24
250	24
279	25
210	27
233	29
259	29
266	30
273	30
280	30
292	31
222	32
198	33
279	33
227	34
259	34
175	35
266	35
218	37
174	38
209	38
248	38
271	38
233	39
312	39
240	40
279	40
280	40
195	41
230	41
235	44
237	44
238	45
166	46
287	46
180	47
297	48
186	49
229	49
285	50
200	51
199	52
206	52
305	52
165	53
287	53
300	57
317	57
236	58
309	58
226	59
185	60
289	62
224	63
232	63
304	63
186	64
234	64
199	65
211	65
158	66
317	66
200	67
165	68
299	68
312	68
314	68
240	69
185	71
222	72
192	73
230	73
242	73
317	73
178	74
207	74
284	74
299	74
174	75
293	75
153	76
220	76
278	76
293	76
185	77
206	77
242	77
186	78
192	78
198	78
206	78
303	78
235	79
280	79
214	80
227	81
317	81
192	82
219	82
285	83
265	84
226	85
286	85
219	86
224	87
233	87
294	87
199	88
203	88
210	88
258	88
169	89
174	89
252	89
208	90
182	91
295	91
301	91
182	92
238	93
217	95
224	95
268	95
271	95
309	95
230	96
244	96
250	96
155	97
176	97
169	98
171	98
237	98
279	98
242	99
193	100
302	100
145	101
205	101
140	102
200	102
279	102
171	103
184	103
121	104
122	104
130	105
150	105
157	106
219	106
222	106
229	106
54	107
67	107
194	107
239	107
248	107
296	107
109	108
200	108
204	108
252	108
110	109
133	109
165	109
245	109
196	110
206	110
54	111
75	111
31	112
41	112
173	112
282	112
294	112
295	112
63	113
65	113
152	113
160	113
252	113
136	114
217	114
277	114
50	115
182	115
285	115
305	115
56	116
57	116
188	116
22	117
69	117
237	117
266	117
42	118
203	118
222	118
229	118
99	119
147	119
204	119
217	119
50	122
146	122
196	122
65	123
69	123
75	123
99	123
149	123
184	123
189	123
198	123
243	123
249	123
22	124
77	124
190	124
217	124
222	124
23	125
229	125
279	125
308	125
280	126
229	127
231	127
269	127
310	127
205	128
293	128
123	130
190	130
218	130
33	131
138	131
184	131
236	131
249	131
287	131
47	132
64	132
87	132
92	132
144	132
43	133
115	133
170	133
293	133
305	133
79	134
123	134
127	134
205	134
298	134
172	135
218	135
305	135
256	136
259	136
274	136
205	137
279	137
34	138
43	138
72	138
180	138
207	138
250	138
273	138
286	138
298	138
25	139
53	139
135	139
187	139
197	139
199	139
224	139
262	139
302	139
95	140
110	140
194	140
213	140
219	140
47	141
155	141
174	141
225	142
236	142
242	142
248	142
302	144
307	144
143	145
182	145
188	145
225	145
249	145
262	145
279	145
286	145
42	146
56	146
83	146
90	146
130	146
219	146
227	146
239	146
257	146
264	146
270	146
282	146
25	147
60	147
113	147
195	147
270	147
126	148
161	148
213	148
219	148
49	149
114	149
153	149
189	149
249	149
275	149
51	150
104	150
239	150
61	151
170	151
208	151
289	151
299	151
75	152
48	153
69	153
185	153
189	153
207	153
213	153
239	153
257	153
288	153
28	154
202	154
209	154
253	154
264	154
294	154
56	155
111	155
233	155
235	155
264	155
269	155
274	155
77	156
195	156
227	156
230	156
69	157
194	157
223	157
275	158
165	159
285	159
85	161
88	161
308	161
93	163
140	163
219	163
223	163
284	163
37	164
47	164
78	164
234	164
235	164
244	164
264	164
287	164
179	166
93	167
242	167
51	168
84	168
138	168
152	168
157	168
170	168
172	168
174	168
199	168
287	168
29	169
138	169
189	169
195	169
296	169
305	169
202	170
291	170
120	171
252	171
30	172
86	172
121	172
234	172
42	173
176	173
185	173
189	173
195	173
232	173
271	173
35	174
171	174
192	174
178	175
250	175
232	176
280	176
288	176
63	178
76	178
88	178
103	178
166	178
228	178
271	178
301	178
304	178
103	179
117	179
124	179
198	179
200	179
251	179
295	179
151	180
195	180
271	180
51	181
145	181
228	181
237	181
239	181
241	181
300	181
30	182
109	182
153	182
212	182
176	183
208	183
69	184
226	184
251	184
45	185
77	185
97	185
208	185
256	185
258	185
84	186
166	186
282	186
288	186
163	187
184	187
189	187
202	187
253	187
274	187
38	188
45	188
60	188
88	188
105	188
146	188
199	188
218	188
30	189
268	189
52	191
206	192
252	192
275	192
288	192
305	192
204	194
286	194
291	194
57	195
67	195
75	195
254	195
268	195
273	195
301	195
94	196
194	196
242	196
264	196
45	197
78	197
137	197
138	197
207	197
52	198
95	198
100	198
108	198
226	198
128	199
280	199
301	199
102	200
146	200
254	200
273	200
59	201
186	201
163	202
169	202
273	202
286	202
90	203
130	203
155	203
212	203
283	203
57	204
207	204
211	204
264	204
67	205
112	205
205	205
174	206
264	206
287	206
49	207
99	207
234	207
255	207
175	208
211	208
299	208
49	209
62	209
168	209
213	209
231	209
152	210
161	210
210	210
222	211
225	211
276	211
162	212
182	212
211	213
55	214
114	214
178	214
252	214
255	214
257	214
264	214
57	215
68	215
91	215
121	215
180	215
81	216
82	216
157	216
214	216
215	216
231	216
286	216
221	217
166	218
109	219
128	219
52	220
53	220
63	220
133	220
230	220
264	220
269	220
275	220
287	220
292	220
91	221
114	221
248	221
251	221
257	221
93	222
126	222
203	223
72	224
78	225
194	225
219	225
275	225
293	225
298	225
77	226
99	226
119	226
229	227
248	227
187	228
148	229
250	229
173	230
209	230
254	230
284	231
297	232
217	234
246	234
250	234
254	234
270	234
169	235
177	235
192	235
230	235
260	235
262	235
138	237
161	237
194	239
225	239
298	239
245	240
280	240
131	241
180	241
260	241
296	241
166	242
175	242
288	242
236	243
261	244
267	244
268	244
219	245
239	246
284	246
191	247
195	247
269	247
296	247
126	248
133	248
194	248
218	248
226	248
180	249
203	249
285	249
291	249
171	250
185	250
135	251
238	251
225	252
247	253
275	253
194	254
292	254
176	255
251	255
269	255
132	256
214	256
260	256
185	257
265	257
294	257
156	258
235	258
239	258
181	259
286	259
152	260
213	260
189	261
225	261
247	261
251	261
265	261
235	263
261	263
235	264
252	264
253	264
296	264
126	265
225	265
152	266
187	266
198	266
293	266
155	267
244	267
247	267
129	268
213	268
273	268
286	268
235	269
267	269
268	269
187	270
204	270
244	270
260	270
235	271
254	271
255	271
146	272
155	272
182	272
195	272
220	272
243	272
295	272
293	273
150	275
149	276
233	276
163	277
195	278
244	278
255	278
197	280
169	282
290	282
183	283
191	283
131	284
195	284
130	285
202	285
187	286
203	286
190	287
262	287
253	288
290	288
246	289
295	289
279	291
213	292
260	292
262	292
234	293
240	293
270	293
172	295
203	297
270	298
241	299
229	300
275	300
278	300
293	300
198	302
208	302
245	304
250	305
253	305
267	305
275	305
279	305
284	305
254	306
262	306
270	306
278	306
228	307
284	308
290	308
191	309
208	309
177	310
179	311
278	311
253	312
270	312
185	313
213	313
263	313
202	316
222	316
241	316
238	318
285	318
177	319
174	320
186	320
246	320
211	321
221	322
193	323
181	324
286	324
177	325
208	325
234	325
193	326
197	326
201	326
226	326
246	326
254	326
189	327
198	327
278	328
199	330
216	330
236	331
242	331
263	331
186	332
209	333
213	333
221	333
204	335
221	338
258	338
214	342
236	342
213	344
229	344
246	344
207	345
265	345
266	345
230	349
