1133
121	37
131	40
141	43
146	43
152	43
180	47
183	48
157	49
166	50
121	51
140	51
139	53
150	54
175	56
182	58
186	58
103	59
192	59
198	60
101	61
149	61
116	62
120	63
127	63
204	63
108	64
147	65
185	65
134	68
121	71
185	72
151	73
212	73
241	73
252	73
275	73
293	73
149	74
275	74
262	75
134	76
186	76
91	77
194	77
213	77
95	78
128	78
172	78
178	78
219	78
258	78
278	78
94	79
239	79
261	79
164	80
110	81
154	81
231	81
261	81
280	81
286	81
145	82
102	83
107	83
314	84
131	85
135	86
142	86
172	87
301	87
310	87
78	88
205	88
240	88
78	89
115	89
142	89
165	89
211	89
213	89
147	90
172	90
86	91
214	91
264	91
270	91
287	91
65	92
269	92
132	93
222	93
311	93
253	94
254	94
281	94
115	95
141	95
189	95
197	95
65	96
127	96
122	97
218	97
202	98
122	99
162	99
166	99
238	99
58	100
92	100
133	100
210	100
250	100
302	100
127	101
139	101
190	101
274	101
302	101
226	102
66	103
95	103
107	103
189	103
234	103
185	104
191	104
228	104
243	104
295	104
111	105
73	106
133	106
136	106
218	106
145	107
152	107
173	107
121	108
156	108
258	108
274	109
120	110
150	110
173	110
63	111
86	111
92	111
119	111
126	111
136	111
144	111
229	111
234	111
257	111
269	111
284	111
301	111
191	112
244	112
256	112
295	113
299	113
120	114
107	115
202	115
301	115
270	116
59	117
73	117
80	117
92	117
100	117
106	117
164	117
229	117
238	117
60	118
63	118
87	118
94	118
100	118
173	118
264	118
66	119
223	119
35	120
260	120
277	121
34	122
215	122
223	122
231	122
260	122
294	122
53	123
66	123
69	123
124	123
139	123
145	123
242	123
300	123
28	124
112	124
118	124
152	124
290	124
164	125
37	127
78	128
152	128
205	128
101	129
32	130
73	130
119	130
138	130
240	130
259	130
284	130
300	130
286	131
228	132
246	132
42	133
46	133
213	133
221	133
239	133
268	133
276	133
62	134
150	134
291	134
108	135
299	135
305	135
143	136
209	136
241	136
32	137
135	137
147	137
213	137
24	138
102	138
108	138
134	138
154	138
174	138
200	139
234	139
253	139
96	140
229	140
292	140
81	141
89	141
161	141
165	142
147	143
242	143
270	143
280	143
152	144
174	144
60	145
75	145
82	145
235	145
263	145
32	146
42	146
207	146
217	146
229	146
284	146
288	146
152	147
160	147
163	147
242	147
157	148
49	149
90	149
224	149
229	149
284	149
309	149
51	150
61	150
129	150
302	150
152	151
157	151
171	151
269	151
254	152
26	153
82	153
106	153
225	153
48	154
112	154
229	154
55	155
63	155
124	155
157	155
218	155
243	155
248	155
253	155
77	156
91	156
129	156
132	156
140	156
144	156
158	156
288	156
237	157
59	158
70	158
98	158
275	158
280	158
134	159
184	159
226	159
228	159
78	160
217	160
229	160
243	160
57	161
211	161
212	161
243	161
308	161
85	162
92	162
97	162
105	162
112	162
166	162
205	162
247	162
254	162
30	163
38	163
256	163
73	164
218	164
275	164
206	165
264	165
126	166
126	167
146	167
187	167
295	167
94	168
99	168
107	168
112	168
130	168
199	168
247	168
252	168
269	168
274	168
286	168
85	169
138	169
242	169
253	169
264	169
287	169
291	169
305	169
156	170
162	170
184	171
276	171
281	171
294	171
300	171
30	172
42	173
75	173
80	173
127	173
151	173
182	173
207	173
35	174
88	174
94	174
113	174
138	174
155	174
199	175
191	176
193	176
198	176
206	176
247	176
281	176
283	176
63	178
89	178
94	178
108	178
113	178
212	178
219	178
285	178
294	178
151	179
154	179
244	179
257	179
276	179
224	180
225	180
257	180
127	181
247	181
50	182
120	182
144	182
303	182
145	183
294	183
45	185
101	185
95	186
97	186
139	186
285	186
77	187
83	187
91	187
115	187
127	187
130	187
138	187
150	187
155	187
175	187
181	187
185	187
200	187
206	187
210	187
229	187
240	187
257	187
281	187
289	187
29	188
38	188
45	188
59	188
74	188
84	188
146	188
156	188
173	188
192	188
197	188
205	188
211	188
251	189
257	189
122	190
127	190
92	192
97	192
67	193
140	193
156	193
297	193
116	194
150	194
68	195
147	195
149	195
181	195
183	195
229	195
234	195
35	196
84	196
157	196
163	196
205	196
208	196
210	196
221	196
275	196
288	196
44	197
192	197
244	197
94	198
122	198
127	198
194	198
141	199
31	200
152	200
157	200
163	200
165	200
169	200
244	200
275	200
285	200
100	201
110	201
159	201
262	201
294	201
59	202
296	202
72	203
86	203
226	203
232	203
287	203
58	204
124	204
148	204
183	204
207	204
215	204
291	204
82	205
117	205
172	205
196	205
100	206
142	206
144	206
148	206
184	206
190	206
273	206
99	207
137	207
259	207
32	208
41	208
166	208
205	208
257	208
62	209
68	209
115	209
240	209
246	209
100	210
131	210
51	211
139	211
157	211
238	212
293	212
69	213
109	213
233	213
244	214
249	214
282	214
284	214
157	215
184	215
240	215
42	216
70	216
146	216
148	216
34	217
81	217
97	217
134	217
271	217
291	217
47	218
92	218
103	218
98	219
100	219
110	219
207	219
216	219
55	220
63	220
82	220
218	220
262	220
34	221
93	221
112	221
118	221
121	221
171	221
194	221
209	221
296	221
136	222
152	222
154	222
237	222
128	223
94	224
260	224
266	224
283	224
124	225
153	225
169	225
42	226
48	226
88	226
137	226
196	226
222	226
75	227
108	227
132	227
227	227
270	227
120	228
124	228
147	228
279	228
61	229
157	230
160	230
217	230
220	230
35	231
120	231
158	231
222	231
44	232
132	232
202	232
274	232
53	233
75	233
102	233
117	233
122	233
127	233
129	233
255	233
63	234
261	234
278	234
50	235
203	235
257	235
275	235
285	235
59	236
110	236
197	236
229	236
37	237
79	237
107	237
118	237
121	237
244	237
270	237
275	237
194	238
211	238
60	239
160	239
236	239
94	240
114	240
134	240
199	240
294	240
36	241
55	241
71	241
151	241
207	241
224	241
284	241
286	241
195	242
142	243
82	245
85	245
101	245
98	246
153	246
174	246
190	246
237	246
269	246
115	247
142	247
161	247
183	247
202	247
229	247
245	247
255	247
273	247
45	248
63	248
110	248
113	248
141	248
282	248
295	248
103	249
107	249
165	249
197	249
231	249
128	250
174	250
190	250
283	250
45	251
101	251
124	251
130	251
159	251
76	252
78	253
164	253
179	253
240	253
42	254
73	254
197	254
202	254
270	254
58	255
92	255
283	255
114	256
179	256
189	256
268	256
112	257
153	257
168	257
263	257
269	257
58	258
130	258
148	258
203	258
237	259
48	260
195	260
239	260
244	260
281	260
49	261
120	261
148	261
190	261
252	261
72	262
112	262
167	262
212	262
284	262
291	263
41	264
109	264
117	264
135	264
264	264
136	265
176	265
183	265
214	265
270	265
143	266
239	266
82	267
50	268
278	268
147	269
194	269
257	269
280	269
41	270
139	271
148	271
176	271
183	271
188	271
205	271
49	272
64	272
103	272
171	272
223	272
67	273
100	273
271	273
56	274
138	274
203	274
264	274
293	274
224	275
251	275
91	276
189	276
147	277
171	277
189	277
223	277
67	278
76	278
86	278
88	278
100	278
204	278
56	279
146	279
64	280
108	280
273	280
81	281
218	281
249	281
270	281
106	282
128	282
164	282
294	282
48	283
120	283
139	283
245	283
279	283
291	283
41	284
92	284
115	284
173	284
64	285
270	285
61	286
73	286
99	286
100	286
133	286
70	288
238	288
258	288
163	289
169	289
200	289
215	289
278	289
150	290
181	290
43	291
55	291
72	291
80	291
82	291
83	291
96	291
104	291
188	292
193	292
250	292
283	292
232	293
201	294
204	294
47	295
57	295
115	295
171	295
218	295
235	295
138	296
181	296
187	296
200	296
63	297
104	297
194	297
211	297
226	297
98	298
152	298
219	298
223	298
95	299
102	299
194	299
52	300
218	300
80	301
84	301
116	301
159	301
201	301
236	301
255	301
256	301
264	301
274	301
115	302
194	302
213	302
224	302
62	303
127	304
145	304
194	304
223	304
63	305
101	305
279	305
127	306
136	306
159	306
255	306
275	306
145	307
183	307
217	307
249	307
292	307
48	308
168	308
194	308
211	308
237	308
262	308
286	308
58	309
123	309
136	309
224	309
44	310
109	310
183	310
186	311
79	312
138	312
217	312
219	312
229	312
249	312
284	312
55	313
212	313
262	313
285	313
89	314
117	314
255	314
72	315
90	315
169	315
170	315
208	315
64	316
135	316
145	316
228	316
291	316
154	317
187	317
220	317
49	318
187	318
290	318
51	319
79	320
155	320
164	320
175	320
244	320
256	320
116	321
230	321
235	321
271	321
279	321
114	322
128	322
208	322
242	322
79	323
101	323
185	323
200	323
268	323
63	324
76	324
135	324
137	324
228	324
47	325
93	325
153	325
185	325
289	325
83	326
91	326
125	326
106	327
161	327
222	327
255	327
184	328
214	328
52	329
63	329
77	329
229	329
244	329
279	329
135	330
146	330
153	330
205	330
270	330
73	331
96	331
119	331
129	331
148	331
263	331
279	331
123	332
139	332
224	332
239	332
264	332
269	332
118	333
155	333
191	333
177	334
100	335
58	336
74	336
144	336
147	336
176	336
258	336
50	337
85	337
258	337
278	337
282	337
117	339
237	339
125	340
152	340
155	340
167	340
57	341
93	341
119	341
187	341
269	341
85	342
96	342
175	342
179	342
237	342
218	343
229	343
266	343
76	344
91	344
103	344
127	344
211	344
69	345
81	345
106	346
145	346
152	346
193	346
201	346
256	347
175	348
176	348
179	348
238	348
60	349
118	349
179	349
187	349
188	349
66	350
83	350
114	350
164	350
218	350
89	351
91	351
158	351
188	351
225	351
229	351
246	351
249	351
104	352
114	352
143	352
201	352
211	352
218	352
