1066
156	15
173	15
198	16
108	18
119	18
163	18
167	18
177	20
169	21
134	22
126	24
217	25
188	27
191	27
89	28
91	28
147	28
155	28
99	29
174	29
108	30
156	30
198	30
81	31
117	31
120	31
126	33
137	33
222	33
80	35
150	35
177	38
86	39
144	39
102	40
158	40
78	41
113	41
133	42
110	43
122	43
187	43
148	45
205	45
178	46
110	47
127	49
139	49
136	50
83	51
110	51
167	51
237	54
230	56
78	57
179	57
221	57
107	58
162	58
68	59
131	59
145	60
222	60
128	61
143	61
151	61
186	62
194	62
137	63
142	63
236	63
247	63
78	65
165	65
114	66
137	66
235	67
107	68
177	68
229	68
234	68
256	68
220	69
78	70
182	70
71	71
64	72
127	73
128	73
177	73
184	73
231	73
275	73
293	73
113	74
262	74
275	74
147	75
83	76
140	76
152	76
160	76
172	77
97	78
99	78
106	78
181	78
259	78
72	79
111	79
260	79
303	79
76	80
220	80
72	81
199	81
286	81
139	82
239	82
262	82
72	83
83	83
113	83
126	83
132	83
142	83
209	84
235	84
250	85
90	86
119	87
310	87
132	88
142	88
98	89
164	89
228	89
105	90
112	90
294	90
69	92
269	92
98	93
169	94
252	94
300	95
63	97
117	97
246	97
254	97
160	98
82	99
150	99
58	100
70	100
112	100
116	100
136	100
157	100
159	100
58	101
77	101
118	101
223	101
225	101
238	101
240	101
263	101
166	102
263	102
77	104
136	104
157	104
212	104
287	104
295	104
72	105
106	107
256	107
267	107
282	107
118	108
274	108
149	110
155	110
78	111
100	111
153	111
162	111
216	111
229	111
41	112
75	112
83	112
173	112
237	112
250	112
135	113
228	113
146	114
152	114
254	114
262	114
295	114
113	115
118	115
128	115
50	116
77	116
209	116
287	116
301	116
100	117
140	118
152	118
160	118
181	118
42	119
164	119
173	119
182	119
35	120
99	120
196	120
277	120
34	121
60	121
201	121
294	121
51	122
53	122
194	122
77	123
107	123
164	123
243	123
263	123
270	123
282	123
289	123
300	123
28	124
169	124
201	124
224	124
249	124
116	126
134	126
177	126
201	126
38	127
86	127
145	127
40	128
144	128
232	128
238	128
256	128
294	128
33	129
73	129
94	129
131	129
163	129
207	129
238	129
137	130
283	130
57	131
123	131
176	131
225	131
244	131
249	131
286	131
179	132
269	132
46	133
167	133
144	134
149	134
156	134
238	134
250	134
255	134
305	134
43	135
57	135
142	135
164	135
267	135
116	136
237	137
244	137
33	138
58	138
101	138
108	138
189	138
193	138
249	138
131	139
217	139
238	139
96	140
101	140
142	140
148	140
287	140
298	140
47	141
219	141
224	141
263	141
267	141
83	142
123	142
136	142
141	142
148	142
306	142
309	142
198	143
204	143
280	143
77	144
82	144
156	145
220	145
279	145
288	145
33	146
42	146
116	146
177	146
142	147
182	147
238	147
244	147
249	147
250	147
254	147
25	148
49	148
187	148
188	148
233	148
237	148
259	148
130	149
270	149
298	149
85	150
161	150
166	150
238	150
260	150
136	151
142	151
155	151
193	151
297	151
303	151
116	152
125	152
92	153
97	153
111	153
275	153
284	153
28	154
36	154
122	154
149	154
166	155
35	156
58	156
80	156
173	156
218	156
273	156
281	156
72	157
193	157
275	157
65	158
142	158
146	158
289	159
292	159
308	160
86	161
92	161
173	161
179	161
186	161
77	162
80	162
250	162
30	163
82	163
86	163
142	163
149	163
153	163
185	163
198	163
30	164
65	164
132	164
160	164
166	164
202	164
210	164
212	164
229	164
234	164
264	164
38	165
46	165
95	165
101	165
227	165
62	166
160	166
265	166
273	166
295	166
155	167
223	167
241	167
41	168
79	168
112	168
144	168
149	168
161	168
167	168
168	168
172	168
286	168
131	169
137	169
185	169
194	169
305	169
173	170
181	170
202	170
100	172
162	172
206	172
209	172
258	172
276	172
281	172
295	172
300	172
41	173
62	173
173	173
219	173
226	173
35	174
107	174
155	174
169	174
212	174
281	174
285	174
102	175
126	175
131	175
137	175
132	176
146	176
181	176
287	176
90	177
114	177
174	177
176	177
102	178
157	178
159	178
169	178
250	178
293	178
104	179
110	179
114	179
151	179
153	179
196	179
237	179
265	179
276	179
281	179
188	180
193	180
54	181
147	181
163	181
167	181
275	181
33	182
116	182
121	182
154	182
218	182
50	183
160	183
231	183
269	183
231	184
45	185
60	185
105	186
265	186
304	186
37	187
45	187
116	187
135	187
156	187
194	187
245	187
252	187
285	187
288	187
29	188
111	188
187	188
259	188
280	188
31	189
122	189
124	189
157	189
160	189
111	190
72	191
81	191
106	191
118	191
263	191
264	191
65	192
43	193
114	193
274	193
297	193
106	194
157	194
301	194
103	195
228	195
276	195
49	196
130	196
229	196
237	196
94	197
125	198
126	198
116	199
122	199
184	199
262	199
254	200
53	201
203	201
257	201
70	202
102	202
233	202
264	202
77	203
82	203
98	203
164	203
211	203
267	203
292	203
60	204
71	204
110	204
157	204
221	204
89	205
106	205
117	205
120	205
122	205
184	205
205	205
85	206
112	206
227	206
256	206
205	207
264	207
38	208
48	208
112	208
219	208
260	208
98	209
108	209
266	209
278	209
94	210
138	210
223	210
276	210
56	211
124	211
199	211
207	211
209	211
135	212
179	212
125	213
153	213
182	213
190	213
195	213
277	213
211	214
231	214
283	214
290	214
36	216
56	216
200	216
265	216
272	216
159	217
178	217
240	217
283	217
195	218
277	218
52	219
225	219
239	219
277	219
139	220
158	220
185	220
192	220
289	220
133	221
67	222
112	222
36	223
85	223
109	223
128	223
204	223
213	223
125	224
133	224
260	224
282	224
61	225
62	225
132	225
176	225
192	225
215	225
271	225
47	226
53	226
183	226
185	226
205	226
209	226
247	227
226	229
37	230
155	230
210	230
253	230
255	230
58	231
131	231
176	231
261	231
285	231
45	232
74	232
141	232
149	232
86	233
200	233
227	233
241	233
263	233
149	234
249	234
70	235
99	235
285	235
60	236
94	236
216	236
150	237
239	238
246	238
42	239
213	239
239	239
260	239
87	240
219	240
247	240
257	240
268	240
294	240
82	241
120	241
148	241
207	241
284	241
140	242
38	243
214	243
45	244
149	245
63	246
112	246
177	246
188	246
208	246
212	246
240	246
244	246
269	246
56	247
108	247
146	247
149	247
273	247
282	247
294	247
40	248
45	248
53	248
60	248
90	248
121	248
158	248
87	249
118	249
127	249
188	250
246	250
95	251
126	251
177	251
197	251
213	251
48	252
157	253
282	253
265	254
270	254
126	255
224	255
266	255
81	256
90	256
123	256
99	257
164	257
198	257
151	258
183	258
217	258
114	259
182	259
215	259
251	259
56	260
157	260
124	261
211	261
278	261
120	262
163	262
244	262
97	265
173	265
181	265
182	265
200	265
60	266
80	266
100	266
101	266
139	266
246	266
266	266
51	267
211	267
269	267
69	268
192	268
118	269
137	269
181	269
173	271
201	271
49	272
51	272
63	272
200	272
218	272
251	272
67	273
156	273
243	273
188	274
212	274
263	274
60	275
110	275
115	275
256	275
288	275
148	276
165	276
200	276
219	276
221	276
243	276
97	279
108	279
188	279
50	280
155	280
157	280
223	280
57	281
93	281
102	281
131	281
270	281
273	281
121	282
146	282
219	282
257	282
274	282
283	282
294	282
42	283
163	283
170	284
206	284
254	284
71	285
270	285
61	286
62	286
183	286
192	286
214	286
274	286
115	287
155	287
171	287
254	287
283	287
141	288
53	289
75	289
107	289
163	289
225	289
133	290
171	290
73	291
153	291
215	291
293	291
47	292
99	292
213	292
247	292
288	292
59	293
187	293
205	293
234	293
282	293
180	294
226	294
75	295
113	295
114	295
140	295
164	295
175	295
50	296
226	296
64	297
143	297
82	298
106	298
220	298
236	298
252	300
280	300
228	301
234	301
264	301
142	302
158	302
165	302
45	303
182	303
118	304
221	304
255	305
279	305
75	306
128	306
236	307
246	307
248	307
116	308
128	308
158	308
262	308
291	308
292	308
49	309
58	309
44	310
80	311
89	311
82	312
248	312
284	312
55	313
122	313
132	314
260	314
269	314
118	315
66	316
154	316
167	316
291	316
95	317
59	318
244	318
285	318
289	318
123	319
51	320
279	320
236	321
154	322
222	322
232	322
270	322
65	323
68	323
160	323
166	323
263	323
268	323
88	324
131	325
173	325
195	325
200	325
206	325
225	325
232	325
256	327
284	327
98	328
160	328
272	328
52	329
65	329
83	329
270	329
279	329
96	331
171	331
173	331
188	331
194	331
111	332
153	332
264	332
269	332
200	333
204	333
214	333
47	334
48	334
118	335
156	335
161	335
58	336
257	336
103	337
171	337
189	337
285	337
91	338
258	338
52	339
126	339
177	339
118	340
127	340
140	340
202	340
57	341
107	341
110	341
156	341
235	341
86	342
97	342
140	342
230	342
275	342
286	342
166	343
178	343
267	343
277	343
76	344
127	344
190	344
212	344
246	344
82	345
197	345
212	345
218	345
258	345
67	346
131	347
66	348
91	348
123	348
114	349
202	349
211	349
143	350
191	350
229	351
66	352
165	352
174	352
184	352
191	352
