1014
118	14
96	18
109	18
101	20
100	24
119	24
126	24
134	24
98	29
80	32
101	32
133	32
87	33
130	33
143	33
80	35
112	35
177	38
171	39
149	42
88	44
120	44
129	44
80	45
102	45
79	46
107	46
175	46
196	46
166	47
206	47
133	51
81	53
163	54
173	54
111	55
189	55
199	57
207	58
129	59
68	60
125	60
68	61
135	61
163	61
181	62
183	62
189	63
190	63
76	65
198	65
215	65
85	66
96	66
125	66
105	67
112	67
167	67
131	69
163	69
185	71
200	71
146	75
126	77
158	77
63	78
136	78
145	78
227	78
238	79
177	82
232	82
239	83
204	84
108	86
170	86
129	87
309	87
78	88
82	88
112	88
127	88
302	88
310	88
62	89
140	89
147	89
155	89
164	89
167	89
202	89
287	89
294	89
178	90
163	91
287	91
268	92
295	92
77	94
112	94
224	94
134	95
147	95
212	95
226	95
231	95
239	95
254	95
259	95
301	95
303	95
105	96
152	96
309	96
311	96
179	97
219	97
74	98
76	98
178	99
58	100
125	101
126	101
179	101
88	102
244	102
273	102
301	102
302	102
131	103
137	103
151	103
231	103
257	103
262	103
142	104
156	104
169	104
178	104
295	104
97	105
217	105
226	105
258	106
59	107
58	108
98	108
266	108
196	109
263	109
274	109
131	110
205	110
283	110
82	111
136	112
162	112
140	113
147	113
149	113
153	114
224	114
270	114
294	114
123	115
140	115
301	115
235	116
270	116
43	117
130	117
110	118
97	119
105	121
294	121
34	122
234	122
301	122
228	123
264	123
290	123
116	125
30	126
62	126
144	126
157	126
220	126
308	126
77	127
82	127
142	127
155	127
196	127
228	127
310	127
110	128
135	128
188	128
212	128
231	128
254	128
116	129
163	129
34	130
137	130
260	130
283	130
300	130
56	132
246	132
47	133
77	133
143	133
147	133
161	133
178	133
276	133
291	133
43	134
105	134
234	134
299	135
304	135
116	136
51	137
55	137
258	137
25	138
127	138
143	138
234	138
262	138
52	139
78	139
105	139
116	139
143	139
146	139
219	139
226	139
240	139
298	139
75	140
160	140
217	140
233	140
264	140
287	140
122	141
150	141
227	141
40	142
83	142
133	142
206	142
304	142
310	142
76	143
110	143
280	143
121	144
40	145
164	145
221	145
257	145
279	145
169	146
34	147
157	147
162	147
179	147
235	147
279	147
86	148
143	148
176	148
180	148
58	149
106	149
68	150
99	150
121	150
192	150
221	150
308	150
54	151
63	151
77	151
105	151
275	151
298	151
100	152
222	152
132	153
77	154
112	154
235	154
242	154
304	154
101	155
198	155
236	155
248	155
250	155
252	155
114	156
174	156
84	157
93	157
281	157
39	158
63	158
147	158
153	158
161	158
30	159
32	159
55	159
121	159
137	159
82	160
173	160
229	160
236	160
109	161
177	161
236	161
242	161
258	162
307	162
100	163
166	163
243	164
248	164
274	164
31	166
38	166
47	166
115	166
215	166
236	166
268	166
57	167
59	167
75	167
107	167
109	167
114	167
209	167
259	167
42	168
100	168
102	168
155	168
223	168
230	168
234	168
266	168
270	168
274	168
286	168
52	169
96	169
147	169
160	169
305	169
42	170
116	170
132	170
137	170
141	170
218	170
293	170
300	170
70	171
83	171
123	171
147	171
152	171
203	171
211	171
30	172
190	172
219	172
258	172
269	172
78	173
82	173
168	173
249	173
35	174
55	174
60	174
256	174
261	174
176	175
276	175
110	176
143	176
147	176
235	176
242	176
248	176
47	177
160	177
236	177
242	177
97	178
102	178
165	178
184	178
305	178
40	179
135	179
210	179
276	179
281	179
193	180
203	180
285	180
35	182
85	182
174	182
31	183
34	183
45	183
92	183
97	183
111	183
135	183
166	183
172	183
179	183
203	183
301	183
153	184
157	184
210	184
248	184
252	184
306	184
71	185
149	185
153	185
294	185
66	186
99	186
102	186
159	186
197	186
241	186
246	186
122	187
129	187
260	187
289	187
37	188
45	188
104	188
111	188
142	188
59	189
81	189
87	189
92	189
122	189
180	189
182	189
252	189
99	190
131	190
229	190
234	190
258	190
94	191
118	191
184	191
202	191
203	191
238	191
66	192
123	192
165	192
296	193
77	194
275	194
50	195
266	195
35	196
143	196
246	196
288	196
282	197
130	198
150	198
180	198
184	198
265	199
101	200
111	200
174	200
179	200
202	200
209	200
233	200
267	200
96	201
155	201
160	201
196	201
205	201
212	201
222	201
226	201
275	201
70	202
219	203
246	203
287	203
66	204
90	205
102	205
130	205
98	206
102	206
120	206
126	206
133	206
136	206
181	206
263	206
150	207
155	207
158	207
162	207
169	207
174	207
176	207
187	207
205	207
237	207
254	207
262	207
286	207
32	208
59	208
187	208
210	208
232	208
234	208
99	209
105	209
115	209
116	209
148	209
150	209
219	209
254	209
276	210
128	211
133	211
167	211
264	211
111	212
210	213
33	214
213	214
259	214
283	214
289	214
290	214
156	215
158	215
258	215
245	216
259	216
58	217
187	217
251	217
48	218
277	218
71	220
122	220
161	220
263	220
291	220
157	221
202	221
263	221
33	222
72	222
115	222
119	222
157	223
174	223
277	223
277	224
155	225
196	225
204	225
236	225
41	226
47	226
186	227
83	228
126	228
173	228
270	228
70	229
91	229
116	229
204	229
286	229
82	230
111	230
227	230
233	230
118	231
197	231
249	231
274	231
45	232
164	232
100	233
104	233
162	233
221	234
256	234
90	235
135	235
181	235
184	235
186	235
213	235
37	236
130	236
132	236
87	237
161	237
169	237
213	237
218	237
221	237
275	237
112	238
118	238
125	238
44	239
115	239
140	239
201	239
224	239
56	240
125	240
151	240
180	240
109	241
169	241
184	241
214	241
285	241
87	242
104	242
157	242
186	242
190	242
202	242
251	242
144	243
257	243
83	244
67	245
174	246
201	246
62	247
83	247
117	247
162	247
239	247
268	247
275	247
38	248
44	248
45	248
129	248
185	248
190	248
192	248
218	248
266	248
52	249
79	249
87	249
90	249
185	249
283	249
110	250
112	250
174	251
202	251
220	251
88	252
208	252
240	252
49	253
50	253
55	253
178	254
39	255
183	255
269	255
265	256
117	258
198	258
57	259
74	259
114	259
155	259
82	260
92	260
132	260
151	260
178	260
80	261
250	261
72	262
123	262
140	263
145	263
198	263
284	263
151	264
88	265
169	265
255	265
265	265
270	265
129	266
214	266
241	267
279	267
281	267
138	268
286	268
42	270
91	270
148	270
48	271
49	271
103	271
169	271
215	271
199	272
121	273
141	273
190	273
197	273
271	273
122	274
213	274
264	274
286	274
140	275
241	275
92	276
89	277
159	277
201	277
52	278
58	278
198	278
103	279
190	279
191	279
214	279
97	280
132	281
147	281
157	281
231	281
260	281
105	282
173	282
226	282
250	282
260	282
280	282
46	283
120	283
283	283
286	283
41	285
173	285
105	286
165	286
191	286
199	286
142	287
184	287
218	287
282	287
259	288
159	289
231	289
55	291
165	291
200	291
246	291
47	292
102	292
149	292
165	292
189	292
99	293
200	293
113	294
248	294
140	295
218	295
224	295
225	295
278	295
146	296
193	296
165	297
139	298
203	298
218	298
244	298
174	299
235	300
127	301
151	301
193	301
228	301
254	301
256	301
264	301
279	301
105	302
116	302
123	302
132	302
286	302
45	303
60	303
61	303
115	303
126	303
159	303
212	303
49	304
145	304
150	304
202	304
196	305
254	305
173	306
190	306
235	306
248	306
58	308
159	308
188	308
262	308
49	309
61	309
102	309
145	309
222	309
44	310
58	310
110	310
135	310
150	312
172	312
207	312
284	312
56	313
70	313
219	313
238	313
285	313
155	314
188	314
236	314
262	314
156	315
175	315
109	316
143	316
255	316
78	317
119	317
134	317
59	318
174	319
221	319
239	319
242	319
245	319
50	320
77	320
107	320
155	320
164	320
219	320
74	321
188	321
251	321
55	322
97	322
209	322
231	322
270	322
64	323
138	323
176	323
72	324
117	324
115	325
230	326
85	327
136	327
236	327
49	328
252	328
257	328
284	328
51	329
61	329
64	329
116	329
206	329
244	329
246	329
279	329
187	330
127	331
137	331
263	331
45	332
104	332
167	332
175	332
214	332
236	332
239	332
264	332
269	332
51	333
144	333
216	333
213	334
49	335
257	335
58	336
60	336
81	336
155	336
287	336
159	337
184	337
200	337
263	337
278	337
63	338
258	338
87	339
98	339
131	339
144	339
177	339
192	339
85	340
112	340
116	340
54	341
57	341
123	341
225	341
269	341
85	342
97	342
131	342
59	343
103	343
229	343
236	343
130	344
177	344
212	344
246	344
77	345
166	345
174	345
239	345
81	346
184	346
52	347
191	347
238	347
91	348
144	349
66	352
83	352
89	352
102	352
113	352
132	352
149	352
166	352
175	352
228	352
