1080
157	8
158	8
138	9
115	10
148	10
150	10
184	10
191	10
131	11
181	13
206	13
130	17
189	18
197	18
123	19
146	20
125	22
205	22
104	23
133	23
162	24
177	24
199	24
143	25
145	25
134	27
191	27
199	27
121	30
147	30
206	30
129	31
139	31
162	31
140	33
147	34
161	34
170	34
198	36
212	36
108	38
116	38
184	38
225	38
99	39
102	40
175	40
161	41
200	44
219	44
263	44
90	45
105	46
186	46
209	46
158	47
240	47
271	47
214	48
265	48
129	49
228	49
99	50
136	50
175	50
128	51
133	51
164	51
126	52
191	53
127	54
142	54
184	54
199	54
237	54
95	55
260	55
261	56
83	57
111	57
176	58
179	58
230	59
234	59
264	59
86	62
125	62
122	63
273	63
86	64
123	64
132	64
152	64
267	64
187	65
236	65
243	65
267	65
219	66
258	66
149	67
175	68
187	68
102	69
117	69
131	69
163	69
257	69
110	70
223	70
266	70
87	71
102	71
122	71
262	71
287	71
190	73
79	74
130	74
180	75
187	75
214	75
241	75
162	76
129	77
145	77
161	77
136	78
259	78
87	79
233	79
261	79
294	79
102	80
115	80
285	81
102	82
108	82
114	82
191	82
237	82
264	82
269	82
235	83
269	83
185	84
250	85
114	86
219	86
301	87
121	88
164	88
178	88
181	88
120	90
128	90
155	90
115	91
170	91
287	91
222	92
228	92
231	92
244	92
260	92
75	93
82	93
87	93
152	93
169	93
260	93
268	93
254	94
281	94
102	95
215	95
247	95
160	96
150	98
239	98
77	99
82	99
102	99
121	99
151	99
120	100
287	100
165	101
220	101
274	101
82	102
87	102
142	102
186	102
263	102
65	103
116	103
139	103
236	103
228	104
234	104
250	104
255	104
290	104
296	104
309	104
79	105
162	105
214	105
116	106
59	107
66	107
103	107
256	107
308	107
156	108
162	108
177	108
263	108
266	108
275	108
89	109
142	109
149	109
185	109
274	109
40	110
102	110
203	110
234	110
263	110
125	111
201	111
229	111
244	111
120	112
65	113
73	113
295	113
162	114
285	114
81	115
104	115
257	115
50	116
180	116
256	116
263	116
271	116
301	116
213	117
59	118
89	118
152	118
159	118
97	119
131	120
179	120
66	121
167	121
170	121
185	121
295	121
77	122
136	122
160	122
284	122
309	122
85	123
104	123
229	123
243	123
291	123
301	123
265	124
68	125
112	125
195	125
308	126
91	127
112	127
291	127
310	127
183	128
205	128
217	128
229	128
257	128
290	128
132	129
152	129
133	130
209	130
224	130
258	130
283	130
300	130
203	131
232	131
286	131
166	132
238	132
86	133
160	133
181	133
218	133
269	133
172	134
195	134
226	134
265	134
299	134
304	134
85	135
251	135
50	136
80	136
187	136
193	136
245	137
255	137
71	138
106	138
240	138
244	138
26	139
100	139
146	139
199	139
244	139
281	139
164	140
250	140
292	140
154	141
40	142
172	142
211	142
266	142
61	143
66	143
82	143
114	143
52	144
100	144
217	144
224	144
302	144
97	145
139	145
146	145
244	145
289	145
35	147
134	147
254	147
279	147
90	148
126	148
135	148
51	149
60	149
84	149
103	149
116	149
179	149
184	149
236	149
284	149
309	149
165	150
171	150
186	150
191	150
204	150
209	150
267	150
310	150
155	151
157	151
165	151
202	151
224	151
236	151
302	151
275	153
97	154
111	154
135	154
116	155
172	155
178	155
305	155
58	156
191	156
229	156
283	156
70	157
115	157
186	157
200	157
233	157
269	157
30	158
39	158
87	158
110	158
142	158
147	158
209	158
257	158
275	158
212	159
222	159
282	159
80	160
105	160
233	160
72	161
75	161
174	161
178	161
205	161
218	161
239	161
308	161
100	162
206	162
66	163
161	163
166	163
181	163
186	163
62	164
111	164
113	164
117	164
218	164
267	164
274	165
58	166
203	166
295	166
31	167
93	167
106	167
195	167
257	167
42	168
86	168
153	168
155	168
239	168
286	168
114	169
119	169
173	169
287	169
305	169
108	170
209	170
225	170
53	171
121	171
160	171
165	171
182	171
281	171
30	172
57	172
212	172
215	172
300	172
176	173
35	174
285	174
294	174
276	175
286	175
48	176
162	176
195	176
61	177
240	177
103	178
109	178
116	178
102	179
110	179
118	179
121	179
167	179
229	179
247	179
257	179
276	179
294	179
66	180
123	180
129	180
165	180
209	180
238	180
287	180
304	180
83	181
180	181
232	182
76	183
135	183
204	183
211	183
215	183
222	183
31	184
150	184
294	185
54	186
69	186
97	186
147	186
157	186
158	186
179	186
216	186
268	186
131	187
204	187
208	187
262	187
268	187
38	188
115	188
119	188
45	189
63	189
167	189
233	189
240	189
225	190
49	191
53	191
80	191
164	191
140	192
255	192
164	193
296	193
75	194
137	194
266	194
301	194
80	195
122	195
275	195
49	196
66	196
75	196
90	196
93	196
118	196
126	196
176	196
224	196
227	196
254	196
145	197
261	197
51	198
217	198
229	198
31	199
186	199
294	199
190	200
195	200
201	200
256	200
172	201
174	201
211	201
218	201
220	201
275	201
130	202
161	202
229	202
264	202
294	202
298	202
54	203
63	204
66	204
91	204
93	204
151	204
246	204
280	204
80	205
83	205
87	205
170	205
185	205
214	205
222	205
269	205
272	205
190	206
195	206
199	206
232	206
248	206
255	206
48	207
63	207
285	207
40	208
47	208
259	208
96	210
138	210
207	210
277	210
48	211
88	211
204	211
215	211
218	211
295	211
55	212
115	212
133	212
136	212
184	212
204	212
131	213
187	213
192	213
283	214
43	216
97	216
158	216
209	216
219	216
261	216
292	216
55	217
137	217
195	217
232	217
269	217
270	217
294	217
126	218
139	218
183	218
188	218
277	218
103	219
134	219
262	219
47	220
52	220
60	220
210	220
68	221
94	221
134	221
234	221
249	221
291	221
80	222
139	222
292	222
34	223
147	223
248	223
132	224
147	224
175	224
182	225
248	225
84	226
100	226
219	226
277	226
281	226
257	227
295	228
154	229
165	229
174	229
213	229
93	230
147	230
60	231
125	231
181	231
204	231
220	231
76	232
214	233
70	234
102	234
121	234
246	234
260	234
278	234
60	235
98	235
145	235
263	235
204	236
230	236
270	236
274	236
155	237
60	238
275	238
105	239
136	239
222	239
287	239
164	240
294	240
70	241
284	241
95	245
204	245
258	245
85	246
179	246
269	246
40	247
257	247
267	247
275	247
42	248
52	248
54	248
68	248
81	248
89	248
219	248
274	248
283	248
295	248
61	249
162	249
285	249
194	250
117	251
178	251
210	251
260	251
275	251
161	252
204	252
229	252
250	252
125	253
196	253
219	253
223	253
42	254
93	254
285	254
268	255
286	255
82	256
118	256
211	256
216	256
252	256
254	256
262	256
265	256
57	257
118	257
294	257
110	258
178	258
207	258
224	258
80	259
155	259
180	259
50	260
108	260
280	260
278	261
292	261
71	262
128	262
164	262
213	262
257	262
284	262
121	263
153	263
206	264
226	264
228	264
83	265
177	265
179	265
57	266
266	266
269	266
57	267
164	267
50	268
193	268
58	269
71	269
229	269
89	270
248	270
279	270
63	271
108	271
155	271
172	271
177	271
211	271
46	272
193	273
272	273
77	274
264	274
293	274
249	275
123	276
170	276
286	276
46	277
114	277
140	277
170	277
174	277
248	277
65	278
76	278
54	279
220	279
97	280
158	280
161	280
213	280
273	280
147	281
191	281
270	281
295	281
170	282
173	282
181	282
249	282
295	282
122	283
290	283
46	284
118	284
110	285
270	285
42	286
61	286
75	286
89	286
104	286
139	286
152	286
157	286
225	286
275	286
160	288
55	289
145	289
191	289
243	289
268	289
75	290
166	290
173	290
245	290
292	290
57	291
63	291
84	291
152	291
134	292
136	292
235	292
288	292
118	293
225	293
268	294
47	295
129	295
164	295
224	295
277	295
57	296
247	296
256	296
148	297
237	298
245	299
52	300
80	300
129	300
253	300
280	300
105	301
130	301
139	301
151	301
247	301
254	301
256	301
264	301
273	301
87	302
225	302
44	303
168	304
186	305
205	305
254	305
280	305
67	306
103	306
150	306
236	306
273	306
275	306
292	306
246	307
248	307
50	308
131	308
234	308
262	308
292	308
92	309
139	310
82	311
166	311
167	311
262	311
187	312
205	312
275	312
278	312
98	313
170	313
211	313
248	313
111	314
177	314
262	314
267	314
260	315
170	316
290	316
65	317
78	317
93	317
103	317
177	317
77	318
290	318
210	319
239	319
243	319
245	319
51	320
107	320
118	320
256	320
53	321
225	321
251	321
231	322
271	322
128	323
164	323
169	323
63	324
127	324
178	325
210	325
289	325
88	326
117	326
215	326
219	326
98	327
225	327
50	328
61	328
114	328
115	328
255	328
52	329
84	329
244	329
162	331
164	331
263	331
269	331
216	332
54	333
119	333
172	333
146	334
184	334
192	334
209	334
127	335
190	335
198	335
202	335
252	335
257	335
77	336
82	336
130	336
201	336
150	337
64	338
155	338
192	338
71	339
110	339
111	339
202	339
217	339
237	339
258	339
285	339
267	340
286	341
95	342
97	342
148	342
275	342
86	343
163	343
229	343
104	344
208	344
212	344
246	344
68	345
77	345
91	345
129	345
212	345
219	345
281	345
82	346
185	346
199	346
106	347
238	347
91	348
101	348
120	348
131	348
146	348
96	349
113	350
185	350
229	351
174	352
190	352
200	352
214	352
219	352
