881
133	34
126	36
148	42
149	42
158	45
109	47
122	47
152	47
157	50
165	50
143	51
115	52
128	52
150	52
115	54
123	54
198	54
130	55
142	55
122	56
102	58
110	58
136	59
165	59
173	59
180	59
87	60
152	60
163	60
189	60
108	61
109	63
116	63
120	63
200	65
173	66
167	68
184	68
86	69
168	69
114	70
152	70
103	71
191	71
100	72
93	74
100	76
175	76
205	76
168	77
212	77
143	78
152	78
117	79
76	80
128	80
116	81
90	85
82	86
97	88
104	88
146	88
219	88
102	89
160	89
120	90
133	91
140	91
147	91
82	92
111	92
117	92
155	92
73	93
172	93
181	94
132	95
155	95
230	95
231	95
103	96
137	96
222	96
239	96
214	98
110	101
157	101
72	103
117	103
210	103
122	104
127	104
170	104
233	104
72	105
165	105
227	105
59	107
66	107
67	107
79	107
101	107
128	107
142	107
148	108
159	108
88	109
207	110
229	111
32	112
40	112
127	113
186	113
102	114
222	114
72	115
130	115
196	115
23	116
50	116
57	116
79	117
58	118
113	118
130	118
139	118
100	119
93	121
225	122
231	122
47	123
93	123
95	123
149	123
233	123
239	123
65	124
158	124
210	125
234	127
239	127
79	128
253	128
72	129
106	129
112	129
227	130
100	131
112	131
117	131
127	131
133	131
138	131
218	132
47	133
245	133
72	134
169	134
221	134
160	135
112	136
152	136
200	137
25	138
52	139
128	139
133	139
135	139
101	140
88	141
40	142
59	143
62	143
117	143
125	143
142	143
156	143
203	143
216	143
51	144
147	144
149	144
209	144
32	145
47	145
49	145
65	145
105	145
208	145
40	146
116	146
161	146
81	148
117	148
251	148
51	149
211	149
36	150
75	150
133	150
140	150
169	150
82	151
141	151
59	152
111	153
28	154
58	154
101	154
237	154
152	155
67	156
101	156
212	156
225	156
230	156
90	157
219	157
225	157
39	158
60	158
244	158
247	158
68	159
104	159
243	159
111	160
137	160
143	160
82	161
76	162
81	162
54	163
62	163
144	163
168	163
29	164
70	164
220	164
224	164
89	165
98	165
155	165
184	165
258	165
82	166
238	166
242	166
76	167
158	167
104	168
111	168
97	169
103	169
177	169
225	169
231	169
264	169
168	170
197	170
205	170
117	171
220	171
135	172
166	172
237	172
30	173
71	173
103	173
123	173
232	173
35	174
57	174
63	174
97	174
150	174
198	174
42	175
111	175
143	175
180	175
193	175
243	175
111	176
247	176
208	177
118	178
225	178
40	179
59	179
243	179
265	179
149	180
54	181
154	181
174	181
175	181
224	181
248	181
35	182
31	183
34	183
45	183
181	184
100	185
117	185
120	185
79	186
113	186
174	186
214	186
272	186
61	187
117	187
181	187
206	187
224	187
38	188
81	188
86	188
130	188
136	188
179	188
45	189
87	189
92	189
99	189
275	189
236	190
239	190
167	191
172	191
252	191
259	191
94	192
154	192
240	192
56	193
81	193
149	193
161	193
173	193
179	193
212	193
222	193
250	193
87	194
199	194
49	195
137	195
142	195
143	195
148	195
190	195
276	195
66	196
119	196
124	196
198	196
228	196
267	196
50	197
95	197
260	197
264	197
95	198
238	198
112	199
216	199
251	199
31	200
37	200
75	200
101	200
184	200
246	200
57	201
66	201
67	201
138	201
142	201
173	201
174	201
182	201
238	201
88	202
188	202
210	202
214	202
244	202
148	203
160	203
182	203
57	204
144	204
156	204
84	205
200	205
207	205
219	205
101	206
118	206
149	206
237	206
103	207
144	207
39	208
138	208
262	208
275	208
32	209
54	209
85	209
135	209
138	209
162	209
174	209
92	210
157	210
207	210
219	210
232	210
275	210
174	211
210	211
212	211
224	211
234	211
107	212
141	213
81	214
110	214
156	214
147	215
98	216
205	216
240	217
258	217
147	218
248	218
57	219
122	219
174	219
221	219
251	219
277	219
34	220
136	220
139	220
143	220
52	221
81	221
94	221
100	221
101	221
106	221
231	221
66	222
132	222
234	222
254	222
70	223
52	224
71	224
106	224
199	224
102	225
145	225
244	225
281	225
43	226
90	226
162	226
216	226
225	226
276	226
53	227
142	227
202	227
217	227
288	227
82	228
108	229
110	229
112	229
159	229
37	230
63	230
97	230
102	230
247	230
105	231
85	232
191	232
199	232
273	232
71	233
96	233
213	233
221	233
93	234
117	234
120	234
148	234
150	234
63	235
251	235
254	235
285	235
270	236
75	237
76	237
117	237
182	237
212	237
275	237
109	238
110	238
171	238
214	238
260	238
275	238
87	239
148	239
192	239
43	240
82	240
200	240
125	241
248	241
284	241
286	241
90	242
122	242
127	242
137	242
184	242
194	242
251	242
101	243
171	243
202	243
257	243
38	244
97	244
173	245
82	246
97	247
113	247
122	247
143	247
201	247
244	247
250	247
269	247
273	247
282	247
52	248
55	248
77	248
104	248
143	248
197	248
202	248
207	248
258	248
290	248
100	249
227	249
247	249
285	249
77	250
167	250
237	250
72	251
100	252
136	252
49	253
50	253
96	253
120	253
208	253
42	254
117	254
188	254
189	254
265	254
270	254
227	255
266	255
180	256
181	256
163	257
42	258
170	258
196	258
260	258
82	259
168	259
50	260
84	260
139	260
191	260
266	260
278	260
137	261
168	261
197	261
72	262
163	262
170	262
285	262
129	264
192	264
229	264
284	264
56	265
113	265
121	265
137	265
266	265
270	265
67	266
89	266
149	266
185	266
130	267
237	267
239	267
252	267
51	268
157	268
165	269
280	269
42	271
134	271
148	271
49	272
72	272
118	272
194	273
263	274
287	274
285	275
41	276
72	276
103	276
114	276
136	276
194	276
228	276
245	276
279	276
56	281
75	281
137	281
265	281
270	281
45	282
46	282
84	282
118	282
286	282
287	282
201	283
61	285
76	285
131	285
144	285
241	285
42	286
90	286
194	286
270	286
240	287
268	287
88	288
138	288
160	288
182	288
243	288
258	288
277	288
54	289
170	289
164	290
56	291
62	291
132	292
145	292
197	292
152	293
212	293
232	293
152	294
76	295
92	295
57	296
170	296
205	297
92	298
127	298
176	298
181	298
88	299
233	299
235	299
152	300
205	300
252	300
255	300
53	301
127	301
160	301
170	301
264	301
176	302
255	302
259	302
45	303
81	303
90	303
181	304
112	305
255	305
48	306
145	306
195	306
268	306
279	306
58	307
209	307
234	307
246	307
248	307
93	308
182	308
261	308
88	309
122	309
158	309
195	309
201	309
44	310
48	310
97	310
145	310
211	310
120	311
180	311
90	312
173	312
207	312
284	312
56	313
98	313
107	313
194	313
248	313
285	313
132	314
134	314
158	314
262	314
195	315
105	316
142	316
239	317
130	318
210	319
130	320
155	320
239	320
243	320
248	320
54	322
77	322
194	322
201	322
231	322
270	322
290	322
64	323
174	323
268	323
72	324
210	324
289	325
97	326
154	326
156	326
121	327
202	327
225	327
255	327
283	327
51	329
64	329
95	329
113	329
244	329
279	329
193	330
270	330
71	331
133	331
290	331
45	332
126	332
154	332
164	332
174	332
238	332
263	332
269	332
281	332
51	333
48	335
102	335
133	335
57	336
75	336
118	336
201	336
253	336
258	337
259	337
280	337
117	339
156	339
149	340
164	340
54	341
57	341
175	341
266	341
269	341
285	341
47	343
86	343
229	343
76	344
140	344
246	344
46	345
68	345
81	345
149	345
202	345
212	345
219	345
258	345
102	346
115	346
128	346
143	347
165	347
91	348
105	348
185	348
189	348
275	348
60	349
65	349
120	349
211	349
276	349
189	351
229	351
52	352
59	352
65	352
102	352
104	352
110	352
120	352
131	352
143	352
165	352
174	352
219	352
