941
126	30
134	30
171	30
119	31
161	31
143	33
200	35
176	37
185	37
208	38
133	39
169	39
165	40
115	41
194	41
114	42
122	42
141	42
201	44
107	45
128	49
174	50
199	50
230	52
121	53
216	53
133	54
186	54
236	54
237	54
110	57
170	57
151	58
102	59
128	60
214	60
222	61
100	62
121	62
145	62
236	64
149	66
110	67
139	69
207	71
135	72
186	72
200	72
214	72
104	73
130	73
146	73
168	73
182	73
205	73
157	74
159	74
139	76
88	77
206	77
95	79
217	80
78	81
118	81
222	81
225	81
132	82
152	82
101	83
212	83
85	84
188	85
107	88
82	89
195	89
225	89
234	89
115	91
196	91
218	92
209	93
228	93
131	94
133	95
74	97
105	97
200	97
151	98
173	98
112	99
157	99
238	99
74	100
121	100
132	101
80	102
200	102
211	102
66	103
202	103
152	104
228	104
235	104
80	105
211	105
87	106
138	106
66	107
140	107
221	107
237	107
108	108
116	108
125	108
173	108
95	109
102	109
40	110
87	110
93	111
190	111
62	113
63	113
140	113
156	113
179	114
87	115
102	115
51	116
56	116
57	116
107	116
176	117
207	117
222	117
100	119
122	119
163	119
70	120
94	120
127	120
128	120
137	120
158	120
67	122
134	122
184	122
47	123
59	123
164	123
178	123
241	123
26	126
136	126
38	127
32	128
41	128
76	128
172	128
189	129
153	130
214	130
220	130
89	131
153	131
142	132
210	132
212	132
47	133
243	133
214	134
106	135
112	135
164	135
98	136
104	136
40	137
51	137
76	137
98	137
174	137
191	137
228	137
25	138
76	138
129	138
147	138
160	138
162	138
183	138
190	138
81	139
137	140
135	141
208	141
220	141
62	142
177	142
76	143
98	143
102	143
118	143
207	143
48	144
53	144
153	144
221	144
128	145
164	145
227	145
134	146
143	146
225	146
63	147
87	148
122	148
75	149
81	149
184	149
52	150
87	150
177	150
122	151
132	151
206	151
210	151
63	152
120	152
188	152
225	152
27	153
70	153
75	153
231	153
120	154
199	154
55	155
57	155
80	155
232	155
92	156
140	156
199	156
204	156
58	157
132	157
151	157
219	157
92	158
103	159
131	159
137	159
138	159
158	159
141	160
30	161
53	161
172	161
188	161
29	162
81	162
91	162
244	162
38	163
70	163
192	163
199	163
231	163
66	164
98	164
147	164
158	164
200	164
206	164
225	164
164	165
72	166
130	166
33	167
192	167
194	167
109	168
164	168
199	168
216	168
121	169
157	169
162	169
167	169
182	169
225	169
228	169
253	169
146	170
175	170
52	171
72	171
229	171
269	171
268	172
103	173
107	173
128	173
157	173
253	173
35	174
54	174
58	174
155	174
160	174
193	174
242	174
247	174
67	175
83	175
93	175
121	175
124	175
245	175
258	175
48	176
141	176
146	176
41	177
175	178
180	178
272	179
232	180
256	180
280	181
140	182
148	182
60	183
67	183
117	183
182	183
97	185
203	185
209	185
254	185
84	186
88	186
93	186
95	186
100	186
107	186
139	186
147	186
160	186
191	186
231	186
244	186
260	186
58	187
60	187
69	187
84	187
88	187
105	187
123	187
127	187
166	187
195	187
252	187
63	188
109	188
148	188
151	188
220	188
220	189
224	189
236	189
52	191
180	191
255	191
127	192
133	192
139	192
81	193
134	193
224	193
52	194
58	194
31	195
86	195
116	195
127	195
66	196
81	196
142	196
148	196
82	197
85	197
106	197
111	197
129	197
149	197
200	197
37	198
101	198
103	198
178	198
184	198
228	198
241	198
62	199
95	199
97	199
124	200
129	200
204	201
208	202
86	203
90	203
149	203
216	203
245	203
62	204
84	204
111	204
124	204
225	204
227	204
90	205
104	205
118	205
176	205
57	206
65	206
76	206
95	206
97	206
107	206
139	206
179	206
248	206
71	207
100	207
165	207
198	207
215	207
41	208
153	208
158	208
208	208
33	209
125	210
96	211
107	211
120	211
129	211
132	211
167	211
170	211
254	211
265	211
103	212
233	212
236	212
48	213
110	213
90	214
151	214
213	214
43	215
81	215
85	215
86	215
120	215
205	215
98	216
117	216
151	216
171	216
189	216
69	217
72	217
252	217
96	218
251	218
124	219
58	220
117	221
120	221
145	221
151	221
159	221
166	221
210	221
217	221
239	221
255	221
77	222
81	222
115	222
176	222
52	223
158	223
255	223
70	224
136	224
177	224
65	225
43	226
46	226
144	226
167	226
207	226
209	226
240	226
65	227
118	227
120	227
133	227
252	227
60	228
62	228
103	228
107	228
167	228
250	228
148	229
172	229
222	229
37	230
194	230
222	230
231	230
57	231
70	232
72	232
182	232
196	232
42	233
88	233
82	234
172	234
264	234
70	235
184	235
66	236
79	236
112	236
118	236
128	236
144	236
148	236
195	236
255	236
157	237
227	237
242	237
37	238
71	238
109	238
158	238
50	239
121	239
127	239
135	239
182	239
222	239
47	240
55	240
68	240
92	240
97	240
163	240
166	240
198	240
238	240
143	241
99	242
182	242
208	242
251	242
133	243
143	243
46	244
232	245
113	246
180	246
195	246
136	247
263	247
83	248
111	248
143	248
191	248
242	248
72	249
83	249
173	249
250	249
181	250
195	250
198	250
66	251
192	251
135	252
149	252
158	252
39	253
204	253
160	254
161	254
174	254
61	255
66	255
74	255
199	255
245	255
246	255
48	256
68	256
124	257
186	257
226	257
233	257
149	258
197	258
214	258
42	259
61	259
124	259
142	259
153	259
214	259
243	259
253	259
57	260
187	260
192	260
130	261
175	262
63	263
142	263
208	263
60	264
130	264
185	264
214	264
220	264
147	265
153	265
228	265
240	265
264	265
175	266
191	266
193	266
199	266
238	267
154	268
229	268
194	269
213	269
252	269
42	270
154	270
204	270
49	271
79	271
147	271
141	272
148	272
164	272
95	273
152	273
184	273
220	273
222	273
263	273
62	275
134	275
178	275
184	275
188	275
245	275
41	276
58	276
137	276
141	276
189	276
254	276
264	276
42	277
148	277
152	277
164	277
232	277
199	278
203	278
46	279
100	279
101	280
179	280
182	280
204	280
136	281
217	281
240	281
54	282
195	282
46	283
106	283
138	283
147	284
77	285
219	285
50	286
131	286
196	286
42	287
100	287
182	287
184	287
228	287
135	288
205	288
219	288
261	288
74	289
141	289
151	289
157	289
196	289
53	290
195	290
220	290
150	291
205	291
223	291
43	293
81	293
128	293
185	293
42	295
47	295
67	295
232	295
76	296
79	296
196	296
142	297
147	297
171	297
172	297
224	297
253	297
259	297
64	298
115	298
126	298
162	298
191	298
194	298
51	299
75	300
155	300
244	300
55	301
115	301
216	301
219	301
107	302
132	302
263	302
45	303
121	303
172	303
195	303
202	303
229	303
138	304
140	304
115	305
146	305
147	305
209	305
102	306
105	306
187	306
202	306
208	306
115	307
119	307
131	307
220	307
246	307
249	307
47	308
133	309
138	309
236	309
45	311
145	311
146	311
175	311
208	311
88	312
113	312
93	313
249	313
73	314
153	314
103	315
133	315
236	315
239	315
145	316
220	316
265	316
106	317
138	317
148	317
153	317
176	317
220	317
228	317
230	317
200	318
212	318
46	319
80	319
102	319
123	319
239	319
242	319
210	320
49	321
114	321
54	322
137	322
148	322
153	322
154	322
201	322
142	324
167	324
223	324
111	325
161	325
164	325
166	325
210	325
113	326
128	326
194	326
98	327
154	327
174	327
65	328
90	328
256	328
51	329
142	329
186	329
244	329
117	330
120	330
138	330
203	330
82	331
183	331
233	331
242	331
263	331
175	332
262	332
46	333
133	333
217	333
234	333
97	334
116	334
224	334
48	335
137	335
209	335
213	335
81	336
153	336
116	337
123	337
162	337
60	338
95	338
130	339
131	339
137	339
162	339
172	339
178	339
259	339
110	340
58	341
146	341
169	341
191	341
234	342
150	343
230	343
47	344
95	344
104	344
123	344
213	344
238	344
68	345
78	345
150	345
171	345
173	345
207	345
213	345
47	346
140	346
142	346
167	346
245	346
53	347
150	347
83	348
96	348
111	348
157	348
239	348
65	349
88	351
116	351
131	351
189	351
229	351
65	352
93	352
102	352
140	352
173	352
200	352
212	352
