1062
197	10
203	10
208	10
201	18
182	19
211	22
168	25
203	25
180	28
108	31
137	32
191	32
220	32
115	33
123	33
222	33
122	34
109	35
155	37
183	37
102	38
142	39
150	39
107	40
134	40
205	40
228	40
236	40
163	41
226	41
233	41
154	42
162	42
180	43
169	45
203	48
212	48
103	49
110	49
127	50
136	50
173	50
191	50
210	50
151	51
165	51
175	51
91	53
96	53
211	53
219	53
100	56
101	56
116	56
222	57
228	57
176	58
139	59
159	59
165	60
195	60
204	60
206	60
92	61
149	61
217	61
218	63
230	64
246	64
90	65
107	65
245	65
258	65
97	66
112	66
141	66
199	67
148	68
158	68
166	68
186	68
200	68
211	68
90	69
130	69
212	69
222	69
96	70
130	70
139	71
246	71
137	72
240	73
205	74
149	75
231	75
158	76
192	78
253	78
254	78
259	78
138	79
215	79
247	80
133	81
173	81
205	81
261	81
145	82
190	82
87	83
156	83
200	83
208	83
231	83
154	84
216	84
225	84
180	86
226	86
171	87
250	87
180	88
234	89
102	90
84	91
161	91
171	91
254	92
259	92
260	92
75	93
94	93
178	93
87	94
122	95
127	95
246	95
254	95
76	97
143	97
101	98
169	98
100	99
163	100
169	100
87	101
242	101
243	101
255	101
66	103
93	103
108	104
113	104
131	105
82	106
184	106
53	107
93	107
202	107
47	108
58	108
76	108
186	108
259	108
214	109
219	109
99	110
148	110
239	110
249	110
53	111
220	111
249	111
40	112
63	112
76	112
82	112
65	113
119	113
105	114
106	114
112	114
170	114
203	114
225	114
257	114
125	115
180	115
196	115
256	115
82	116
123	116
136	116
167	116
204	116
50	117
152	117
65	119
124	119
77	120
95	120
128	120
210	120
212	120
225	120
34	122
65	122
110	122
183	122
59	123
110	123
117	123
204	123
230	123
237	123
258	123
259	123
89	124
94	124
100	124
150	124
167	124
182	124
77	125
95	125
98	125
117	125
124	125
132	125
174	125
198	125
204	125
38	126
60	127
83	127
224	128
33	129
236	129
253	129
84	130
116	130
206	130
260	130
63	131
72	131
77	131
86	131
95	131
99	131
198	131
262	131
78	132
105	132
152	132
161	132
200	132
101	133
104	133
116	133
230	133
50	134
105	134
128	134
130	134
139	134
145	134
224	134
160	135
206	135
210	135
63	136
130	136
33	137
72	137
123	137
212	137
218	137
254	137
259	137
77	138
149	138
164	138
218	138
223	138
262	138
178	139
88	140
93	140
143	141
235	141
72	142
77	142
241	142
48	143
83	143
206	143
211	143
224	143
63	144
97	145
178	145
68	147
116	148
123	148
127	148
218	148
234	148
26	149
127	149
198	149
202	149
223	149
105	150
134	150
186	150
223	150
257	150
258	150
95	151
104	151
193	151
195	151
68	152
74	152
149	152
211	152
112	153
161	153
59	154
100	154
140	154
166	154
212	154
57	155
74	155
116	155
122	155
127	155
155	155
158	155
251	155
134	156
166	156
173	156
180	156
251	157
38	158
59	158
122	158
134	158
139	158
227	158
253	158
258	158
29	159
51	159
102	159
104	159
225	159
258	159
46	160
52	160
68	161
74	161
86	162
106	162
173	162
177	162
198	162
250	162
96	163
110	163
114	163
134	163
187	163
202	163
212	163
226	163
209	164
220	164
236	164
242	165
258	165
268	165
77	166
193	166
196	166
274	166
65	167
214	167
217	167
31	168
42	168
96	168
117	168
122	168
145	168
202	168
225	168
229	168
234	168
52	169
101	169
122	169
125	169
128	169
228	169
54	170
133	170
161	170
172	170
276	170
186	171
235	171
107	172
177	172
179	172
184	172
201	172
268	172
122	173
88	174
107	174
117	174
140	174
145	174
205	174
222	174
256	174
69	175
72	175
102	175
147	175
153	175
50	176
74	176
164	176
171	176
40	177
62	177
102	177
109	177
112	177
155	177
160	177
212	177
238	177
163	178
175	178
205	178
237	178
268	178
92	179
96	179
112	179
135	179
138	179
163	179
231	179
250	179
259	179
129	180
250	180
256	180
259	180
89	181
125	181
130	181
155	181
190	181
237	181
275	181
125	182
204	182
242	182
77	183
84	183
69	184
99	186
152	186
155	186
179	186
230	186
45	187
147	187
186	187
208	187
222	187
250	187
49	188
84	188
126	188
128	188
183	188
234	188
255	188
60	189
80	189
39	190
151	190
273	190
98	191
183	191
192	192
115	193
186	193
222	193
236	193
73	194
86	194
98	194
164	194
167	194
202	194
43	195
88	195
91	195
122	195
125	195
194	195
276	195
49	196
65	196
76	196
81	196
82	196
95	196
154	196
207	196
214	196
113	197
115	197
186	197
254	197
50	198
198	198
236	198
122	199
130	199
132	199
154	199
60	200
63	200
88	200
120	200
125	200
147	200
189	200
248	200
76	201
84	201
167	201
171	201
96	202
278	202
92	203
147	203
181	204
214	204
249	204
271	204
273	204
66	205
120	205
172	205
179	205
213	205
216	205
125	206
136	206
228	206
66	207
116	207
63	208
172	208
256	208
42	209
164	209
174	209
208	209
129	210
264	210
275	210
100	211
142	211
211	211
223	211
249	211
254	211
98	212
80	213
88	213
114	213
52	215
86	215
72	216
141	216
164	216
174	216
231	216
237	216
260	216
43	217
67	217
75	217
77	217
122	217
128	217
174	217
190	217
219	217
227	217
269	217
35	218
51	218
99	219
105	219
149	219
96	220
103	220
141	220
174	220
191	220
35	221
145	221
148	221
215	221
63	222
67	222
79	222
89	222
219	222
221	222
224	222
77	223
135	223
140	223
155	224
204	224
103	225
130	225
44	226
54	226
63	226
134	226
145	226
206	226
217	226
239	227
247	227
77	228
99	228
101	228
249	228
252	228
97	229
36	230
72	230
77	230
153	230
205	230
90	231
167	231
58	232
67	233
72	233
80	233
205	235
226	235
143	236
167	236
193	236
220	237
221	237
258	237
275	237
62	238
149	238
248	238
85	239
134	239
153	239
162	239
193	239
250	239
267	239
275	239
100	240
143	240
188	240
221	240
238	240
276	240
99	241
133	242
179	242
145	243
149	243
218	243
257	243
169	244
162	245
162	246
179	246
267	246
59	247
92	247
223	247
258	247
267	247
42	248
45	248
84	248
85	248
145	248
91	249
99	249
209	249
152	250
201	250
272	250
162	251
170	251
171	251
252	251
267	251
92	252
160	252
184	252
258	252
55	253
194	253
63	255
183	255
220	255
245	255
101	256
141	256
178	256
194	256
228	256
236	256
106	257
208	257
160	258
161	258
217	258
260	258
42	259
52	259
49	260
121	260
140	260
141	260
184	260
252	260
50	261
111	261
218	261
144	262
178	262
198	262
200	262
241	262
59	263
114	263
121	263
172	263
101	264
161	264
211	264
50	265
105	265
240	265
265	265
270	265
137	266
139	266
192	266
211	266
229	266
99	267
142	267
116	268
207	268
237	268
150	269
62	270
157	270
221	270
52	271
130	271
170	271
193	271
199	271
212	271
251	271
133	272
136	272
276	272
82	273
142	273
264	273
277	273
58	274
72	275
245	275
128	276
184	276
199	276
219	276
254	276
41	277
121	277
132	277
157	277
171	277
232	277
89	278
125	278
218	278
160	279
164	279
210	279
221	280
185	281
240	281
246	282
45	283
129	283
203	283
265	283
64	284
133	284
160	284
164	284
238	284
270	284
53	285
72	285
63	286
158	286
165	286
198	286
213	286
222	286
112	287
84	288
89	288
138	288
244	288
165	289
220	289
78	290
83	290
118	291
152	291
158	291
172	291
198	291
246	291
161	292
67	293
138	293
119	294
251	294
261	294
268	294
271	294
144	295
148	295
151	295
278	295
56	296
57	296
152	296
278	296
71	297
85	297
211	297
225	297
104	298
117	298
128	298
173	298
174	298
256	298
51	299
80	299
108	299
200	299
244	300
117	301
139	301
143	301
161	301
75	302
80	302
102	302
127	302
59	303
80	305
103	305
134	305
169	305
174	305
276	305
49	306
64	306
201	306
49	307
161	307
120	308
127	308
139	308
148	308
239	308
58	309
134	309
194	309
229	309
133	310
134	310
88	312
91	312
102	312
119	312
186	312
53	313
66	313
228	313
86	314
92	314
154	314
277	314
122	315
139	315
159	315
164	315
132	316
228	317
258	317
138	318
184	319
240	319
242	319
116	320
120	320
164	320
248	320
81	321
150	321
158	321
166	321
249	321
63	322
93	322
185	322
193	322
269	322
234	323
290	323
66	324
73	324
222	324
110	325
115	325
138	325
145	325
289	325
48	326
209	326
155	327
162	327
244	328
256	328
281	328
51	329
66	329
187	329
278	329
125	330
129	331
187	331
193	331
197	331
263	331
264	331
290	331
234	332
236	332
270	332
224	333
209	335
213	335
87	336
101	336
183	336
191	336
244	336
246	336
258	336
48	337
50	337
77	337
108	337
202	337
258	337
278	337
60	338
72	338
95	338
71	339
86	339
167	339
192	339
234	339
59	340
110	340
183	341
105	342
186	342
225	342
234	342
269	342
165	343
230	343
137	344
213	344
238	344
68	345
75	345
91	345
207	345
213	345
246	345
258	345
105	346
110	346
169	346
198	346
60	348
91	348
174	348
256	348
66	349
89	349
111	350
95	351
102	351
230	351
249	351
250	351
111	352
114	352
174	352
190	352
200	352
212	352
236	352
258	352
