1130
165	21
151	22
152	22
160	22
231	22
200	23
202	23
233	23
222	24
172	25
250	25
213	26
225	26
192	27
134	29
154	29
124	30
211	30
213	30
233	31
268	31
198	32
253	32
148	33
177	33
205	33
222	33
129	34
228	34
240	34
261	34
266	34
254	35
103	37
267	37
101	38
110	39
237	39
142	40
213	40
150	41
185	41
118	42
149	42
169	42
176	42
110	43
159	43
160	43
116	44
263	44
103	46
153	47
242	47
123	48
203	48
265	48
273	48
123	49
210	49
101	50
211	50
237	50
140	52
223	52
233	52
94	54
95	54
148	54
162	54
106	55
216	56
122	57
254	57
123	58
159	58
182	58
266	58
129	59
174	59
189	59
233	59
202	60
98	61
182	62
147	63
202	63
273	63
155	64
172	65
220	65
258	65
242	66
164	67
230	67
258	67
105	68
143	68
178	68
190	68
112	69
133	69
263	69
206	70
244	70
264	70
191	71
222	72
112	73
126	73
241	73
173	74
216	74
189	75
230	76
262	77
207	78
238	78
125	79
223	80
229	80
293	80
304	80
111	81
158	81
180	81
199	81
245	81
269	81
286	81
308	81
252	82
253	82
280	82
173	83
180	83
315	83
194	84
96	86
103	86
117	87
123	87
143	88
189	88
301	88
310	88
144	89
153	89
178	89
224	89
230	89
230	90
237	90
92	91
207	91
287	91
159	92
252	92
268	92
315	92
97	93
230	93
83	94
104	94
301	94
86	96
91	96
128	96
181	96
249	96
280	96
142	97
190	97
309	97
141	98
175	98
269	98
92	99
127	99
147	99
200	99
221	99
258	99
274	101
155	102
232	102
66	103
170	103
231	103
274	103
193	104
226	104
232	104
243	104
270	104
296	104
121	105
127	105
170	105
214	105
73	106
193	106
209	106
104	107
110	107
135	107
139	107
179	107
188	107
256	107
262	107
274	107
72	108
87	108
109	108
121	108
160	108
143	109
201	109
242	109
247	109
274	109
282	109
195	110
247	110
81	111
121	111
209	111
217	111
242	111
254	111
126	112
195	112
172	113
254	113
105	114
109	114
164	114
211	114
229	114
235	114
295	114
56	115
67	115
248	115
268	115
286	115
78	116
94	116
235	116
299	116
137	117
139	117
58	118
110	118
170	118
217	118
160	119
261	119
295	119
127	120
133	120
141	120
147	121
183	121
196	121
199	121
229	121
295	121
174	122
189	122
205	122
44	123
52	123
59	123
189	123
271	123
291	123
74	124
104	124
115	124
246	124
260	124
174	125
222	125
93	126
105	126
308	126
147	127
152	127
310	127
23	128
39	128
189	128
229	128
253	128
290	128
294	128
34	129
153	129
205	129
209	129
223	129
283	129
133	131
136	131
199	131
204	131
245	131
251	131
63	132
74	132
127	132
133	132
197	132
42	133
205	133
209	133
258	133
260	133
269	133
276	133
293	133
304	133
25	134
43	134
83	134
89	134
116	134
120	134
174	134
297	134
146	135
177	135
209	135
216	135
222	135
25	136
31	136
159	136
217	136
304	136
51	137
150	137
170	137
205	137
209	137
247	137
297	137
71	138
84	138
121	138
127	138
128	138
132	138
156	138
166	138
177	138
184	138
197	138
62	139
197	139
234	139
278	139
26	140
46	140
134	140
138	140
145	140
255	140
262	140
292	140
84	141
111	141
238	141
286	141
39	142
77	142
111	142
58	143
106	143
53	144
60	144
63	144
100	144
117	144
121	144
171	144
209	144
287	144
40	145
77	145
105	145
128	145
133	145
184	145
227	145
254	145
34	146
67	146
68	146
80	146
84	146
145	146
207	146
252	146
270	146
133	147
138	147
139	147
144	147
151	147
214	147
217	147
224	147
264	147
279	147
74	148
91	148
157	148
50	149
237	149
292	149
309	149
87	150
117	150
190	150
240	150
247	150
275	150
107	151
117	151
122	151
133	151
230	151
246	151
289	151
302	151
309	151
107	153
268	153
295	153
87	154
150	154
183	154
188	154
190	154
230	154
54	155
56	155
75	155
82	155
84	155
92	155
97	155
133	155
139	155
176	155
195	155
252	155
271	155
274	155
305	155
70	156
77	156
102	156
107	156
118	156
122	156
140	156
145	156
174	156
256	156
112	157
146	157
147	157
166	157
230	157
237	157
304	157
123	158
125	158
157	158
159	158
270	158
275	158
281	158
51	159
223	159
282	159
84	160
195	160
203	160
245	160
80	161
86	161
109	161
112	161
201	161
209	161
237	161
308	161
146	162
300	162
54	163
167	163
244	163
116	164
122	164
162	164
167	164
209	164
214	164
227	164
256	164
299	164
68	165
104	165
107	165
265	165
279	165
33	166
72	166
101	166
129	166
81	167
122	167
124	167
75	168
135	168
156	168
167	168
214	168
286	168
51	169
54	169
84	169
116	169
118	169
142	169
163	169
282	169
107	170
137	170
176	170
190	170
276	170
287	170
289	170
107	172
161	172
110	173
118	173
144	173
194	173
306	173
115	174
137	174
151	174
223	174
34	175
42	175
96	175
127	175
147	175
185	175
211	175
212	175
253	175
40	176
50	176
103	176
137	176
176	176
203	176
249	176
276	176
62	177
73	177
92	177
97	177
98	177
134	177
197	177
204	177
167	178
176	178
105	179
110	179
123	179
127	179
249	179
275	179
93	180
197	180
265	180
116	181
68	182
105	182
134	182
101	183
131	183
159	183
183	183
200	183
51	184
47	185
225	185
60	186
87	186
65	187
71	187
76	187
101	187
131	187
153	187
159	187
193	187
240	187
256	187
287	187
38	188
59	188
73	188
80	188
97	188
127	188
281	188
289	188
60	189
90	189
138	189
151	189
183	189
222	189
136	190
193	190
49	191
127	191
190	191
121	192
202	192
212	192
212	193
234	193
247	193
105	194
109	194
110	194
195	194
155	195
226	195
268	195
279	195
82	196
89	196
191	196
195	196
204	196
205	196
224	196
67	197
261	197
130	198
188	198
212	198
231	198
243	198
253	198
264	198
44	199
136	199
167	199
239	199
61	200
77	200
79	200
82	200
127	200
152	200
175	200
207	200
85	201
139	201
196	201
198	201
279	201
72	202
117	202
215	202
286	202
106	203
152	203
188	203
54	204
110	204
271	204
273	204
280	204
110	205
114	205
166	205
185	205
232	205
287	205
94	206
147	206
152	206
175	206
229	206
248	206
209	207
214	207
238	207
250	207
199	208
284	208
68	209
239	209
283	209
126	210
146	210
230	210
253	210
264	210
275	210
87	211
157	211
201	211
215	211
217	211
104	212
186	212
112	213
121	213
187	213
68	214
101	214
109	214
222	214
230	214
173	215
187	215
238	215
77	216
133	216
156	216
217	216
220	216
260	216
73	217
141	217
243	217
269	217
63	218
85	218
251	218
277	218
284	218
63	219
78	219
173	219
233	219
277	219
74	220
91	220
129	220
139	220
159	220
222	220
68	221
146	221
86	222
165	222
171	222
210	222
287	222
202	223
74	224
122	224
216	224
217	224
70	225
86	225
144	225
157	225
159	225
190	225
222	226
237	226
78	227
119	227
164	227
165	227
171	227
181	227
235	227
260	227
174	228
98	229
190	229
216	229
241	229
286	229
149	230
110	231
157	231
210	231
215	231
100	233
163	233
96	234
174	234
180	234
181	234
216	234
168	235
172	235
195	235
207	235
285	235
241	236
255	236
275	236
258	237
105	238
112	238
151	238
194	238
210	238
191	239
230	239
166	240
168	240
172	240
180	240
182	240
216	240
146	241
204	241
151	242
195	242
287	242
72	243
125	243
257	243
191	244
212	244
84	245
157	245
231	245
268	245
166	246
190	246
266	246
81	247
95	247
122	247
183	247
186	247
207	247
241	247
257	247
180	248
213	248
240	248
107	249
148	249
203	249
211	249
224	249
232	249
290	249
218	250
251	250
287	250
92	251
168	251
170	251
191	251
275	251
105	252
163	252
180	252
186	252
211	252
214	252
161	253
170	253
224	253
282	253
147	254
204	254
245	254
94	255
246	255
124	256
214	256
223	256
109	258
128	258
261	258
265	258
211	259
281	259
122	260
156	260
160	260
161	260
189	260
100	261
165	261
169	261
225	261
226	261
80	262
173	262
74	263
114	263
204	263
236	263
76	264
138	264
156	264
157	265
159	265
190	265
265	265
165	266
217	266
173	267
238	267
145	268
252	269
282	269
79	270
124	270
218	270
223	270
237	270
157	271
199	272
232	272
88	273
263	273
129	274
256	274
105	275
174	275
224	275
286	275
287	275
244	276
200	277
163	278
174	279
280	280
130	281
266	281
286	282
287	282
170	284
172	284
151	285
223	285
185	286
282	286
283	286
105	287
158	287
200	287
90	288
125	288
139	288
254	288
266	288
267	288
83	289
88	290
93	290
158	290
172	290
176	290
124	291
132	291
137	291
152	291
201	291
245	291
273	292
140	294
200	294
228	294
237	294
126	295
132	295
235	295
249	295
262	295
267	295
272	295
100	296
151	296
248	296
182	297
209	297
284	297
257	298
94	300
113	300
125	300
244	300
94	301
148	301
199	301
155	302
156	302
190	302
127	303
160	303
168	304
178	304
182	304
257	304
105	305
199	306
246	306
249	306
268	306
121	307
136	307
217	307
127	308
150	308
190	308
194	308
149	309
178	309
183	309
185	309
229	309
262	309
129	310
162	310
168	310
149	311
119	312
249	312
284	312
136	313
217	313
285	313
99	314
109	314
119	314
185	314
194	314
161	315
226	315
192	316
183	317
226	317
148	318
106	319
118	319
130	319
132	319
148	319
240	319
242	319
256	319
250	320
184	321
203	321
279	321
193	322
270	322
126	323
234	323
222	324
177	325
209	325
147	326
256	328
187	329
193	329
244	329
279	330
134	331
242	331
263	331
290	331
139	332
160	332
161	332
187	332
269	332
281	332
222	333
209	335
213	335
257	335
183	336
191	336
202	337
238	338
167	339
139	341
152	341
182	341
222	341
164	342
231	342
234	342
269	342
153	343
185	343
267	343
212	344
213	344
246	344
245	345
198	346
202	348
174	350
190	350
192	350
229	351
212	352
250	352
