1060
193	8
202	8
171	9
156	10
157	10
179	10
150	11
141	15
188	15
208	17
119	20
211	20
152	21
199	21
117	22
129	22
133	24
148	24
176	24
175	25
132	27
178	28
123	29
204	31
103	32
107	32
117	32
133	32
184	33
192	33
126	34
148	34
163	34
142	35
108	38
141	38
100	39
171	41
176	41
184	41
137	42
157	42
160	42
114	43
148	43
190	43
207	43
216	43
144	45
103	46
164	49
197	49
210	49
111	50
157	50
171	50
223	50
137	51
175	51
220	51
110	52
185	52
230	53
136	56
85	58
156	58
220	59
154	60
190	60
214	60
203	61
237	61
122	62
124	62
205	62
170	63
199	63
134	64
143	64
155	65
155	67
216	67
166	68
167	68
114	69
121	69
151	69
177	69
105	71
171	72
157	73
161	73
240	73
210	75
218	75
98	76
120	76
204	76
91	79
178	79
189	79
218	79
233	79
167	80
247	80
84	81
205	82
232	82
240	82
140	83
97	84
169	84
132	85
138	85
250	87
117	88
177	88
81	89
90	89
104	89
110	89
139	89
212	89
218	89
111	90
131	90
193	90
207	90
240	90
123	91
218	91
224	92
90	93
146	93
79	94
224	95
116	96
175	96
231	96
91	97
129	98
136	98
238	98
151	99
208	99
188	101
194	101
251	101
79	102
96	102
126	102
142	102
158	102
245	102
252	102
66	103
121	103
132	103
102	104
108	104
92	105
116	105
157	105
172	106
66	107
73	107
79	107
108	107
204	107
215	107
224	107
237	107
80	108
102	109
130	109
146	109
188	109
90	110
107	110
172	110
182	110
209	110
211	110
92	111
96	111
224	111
250	111
251	111
130	112
193	112
198	112
204	112
206	112
244	112
115	113
137	113
114	114
171	114
218	114
80	115
223	115
74	116
96	116
103	117
156	117
75	118
137	118
252	118
85	119
127	119
141	119
148	119
162	120
66	121
170	121
184	121
121	122
248	122
97	123
99	123
135	123
141	123
148	123
153	123
177	123
197	123
210	123
235	123
66	124
75	126
86	126
91	126
70	128
80	128
92	128
170	128
177	128
121	129
203	129
210	129
222	130
114	131
185	131
145	132
234	132
109	133
127	133
132	133
203	133
121	134
126	134
162	134
165	134
198	134
210	134
246	134
211	135
251	135
196	136
107	137
132	137
138	137
158	137
150	138
173	138
180	138
185	138
91	139
126	139
132	139
227	139
97	140
159	140
165	140
71	141
225	141
159	142
55	143
97	143
121	143
123	143
217	143
186	144
207	144
215	144
225	144
105	145
132	145
135	145
153	145
165	145
172	145
144	146
171	146
230	146
234	146
66	147
70	147
219	148
78	149
88	149
96	149
126	149
152	149
241	149
248	149
54	150
109	150
115	150
119	150
144	150
207	150
75	151
178	151
214	151
219	151
230	151
234	151
257	151
259	151
152	152
60	153
222	153
58	154
247	154
76	155
121	155
126	155
144	155
164	155
177	155
183	155
228	155
66	156
162	156
239	156
129	157
152	157
60	158
106	158
200	158
202	158
205	158
212	158
233	158
237	158
146	159
209	159
86	160
87	160
90	160
121	160
183	160
227	160
111	161
117	161
189	161
216	161
222	161
227	161
238	161
108	162
109	162
164	162
222	162
65	163
209	163
214	163
251	163
129	165
258	165
91	166
96	166
117	166
154	166
44	167
61	167
69	167
88	167
231	167
44	168
67	168
68	168
83	168
112	168
229	168
263	168
275	168
30	170
63	170
164	170
276	170
142	171
199	172
201	172
234	172
75	173
130	173
237	173
243	173
57	174
63	174
105	174
112	174
124	174
134	174
203	174
204	174
243	174
43	175
71	175
191	175
49	176
100	176
109	176
164	176
207	176
259	176
250	177
94	178
99	178
164	178
192	178
226	178
87	179
123	179
123	180
154	180
156	180
214	180
225	180
243	180
255	180
265	180
51	181
102	181
115	181
192	181
31	182
112	182
222	182
125	183
146	183
166	183
172	183
119	184
65	185
161	185
46	186
51	186
95	186
102	186
146	186
194	186
279	186
49	187
91	187
97	187
229	187
244	187
280	187
37	188
54	188
71	188
106	188
60	189
61	189
172	189
210	189
211	189
50	191
71	191
161	191
179	191
190	192
32	193
43	193
106	193
115	193
126	193
75	194
92	194
110	194
201	194
192	195
194	195
268	195
276	195
279	195
56	196
89	196
100	196
102	196
144	196
180	196
220	196
227	196
261	196
35	197
98	197
201	197
49	198
62	198
150	198
177	198
253	198
260	198
165	199
170	199
247	199
248	199
255	199
80	200
159	200
228	200
265	200
77	201
141	201
142	201
187	201
127	202
202	202
223	202
275	202
71	203
127	203
177	203
41	204
67	204
74	204
105	204
149	204
188	204
219	204
222	204
249	204
271	204
274	204
170	205
238	205
239	205
247	205
150	206
159	206
165	206
40	207
135	207
138	207
188	207
38	208
99	208
284	208
40	209
248	209
285	209
91	210
134	210
85	211
149	211
189	211
193	211
206	211
254	211
265	211
276	211
64	212
174	212
179	212
135	213
33	214
77	214
155	214
218	214
96	215
162	215
206	215
87	216
141	216
179	216
194	216
197	216
223	216
269	216
42	217
251	217
259	217
35	218
80	218
175	218
224	218
52	219
162	219
211	219
66	220
199	220
134	221
149	221
154	221
155	221
189	221
239	221
34	222
162	222
199	222
117	223
222	223
255	223
70	224
100	224
140	224
204	224
213	224
226	224
84	225
98	225
133	225
190	225
223	225
115	226
149	226
179	226
200	226
247	226
44	227
53	227
85	227
170	227
48	228
162	228
163	228
200	228
37	229
179	229
239	229
211	230
258	230
71	232
88	232
211	232
218	232
68	233
206	233
137	234
153	234
163	234
195	235
229	235
248	235
222	236
255	236
270	236
185	237
212	237
258	237
103	238
160	238
195	238
43	239
125	239
142	239
171	239
181	239
240	239
150	240
208	240
214	240
55	241
65	241
171	241
283	241
123	242
187	242
251	242
277	242
287	242
38	243
108	243
277	243
81	244
142	244
181	244
66	245
70	245
144	246
148	246
181	246
267	246
173	247
229	247
40	248
46	248
63	248
114	248
173	248
246	248
257	248
273	248
289	248
117	249
193	249
212	249
252	249
286	249
153	250
157	250
103	251
139	251
143	251
182	251
118	252
148	252
173	252
286	252
102	253
194	253
201	253
213	253
229	253
71	254
48	255
168	255
245	255
269	255
278	255
55	256
237	256
136	257
139	257
239	257
113	258
202	258
261	258
265	258
85	259
90	259
180	259
51	260
74	260
156	260
146	261
168	261
239	261
280	261
112	262
136	262
216	262
246	263
60	264
66	264
85	264
129	264
49	265
66	265
92	265
181	265
265	265
60	266
83	266
129	266
144	266
205	266
281	269
285	269
48	271
84	271
139	271
141	271
144	271
189	271
193	271
205	271
251	271
63	272
225	273
276	273
70	274
104	274
168	274
173	274
175	274
263	274
77	275
218	275
245	275
286	275
287	275
47	276
57	276
193	276
233	276
254	276
280	276
46	277
75	277
80	277
83	277
165	277
190	277
113	278
141	278
97	279
102	279
154	279
149	280
175	280
179	280
220	280
118	281
240	281
68	282
130	282
157	282
246	282
45	283
217	283
229	283
266	283
270	283
280	283
48	284
80	284
165	284
172	284
221	284
222	284
254	284
261	284
282	284
290	284
85	285
122	286
140	286
145	286
149	286
157	286
172	286
179	286
113	287
129	287
209	288
245	288
281	288
157	289
179	289
241	289
54	290
151	290
160	290
172	290
222	290
67	291
122	291
172	291
289	291
122	292
220	292
289	292
100	293
125	293
148	293
193	293
117	294
130	294
251	294
268	294
47	295
81	295
132	295
209	295
272	295
277	295
278	295
121	296
210	296
90	297
172	297
257	297
259	297
51	298
124	298
147	298
156	298
174	298
194	298
66	300
94	300
241	300
48	302
80	302
132	302
80	303
94	303
102	303
105	303
142	303
147	303
107	304
155	304
159	304
200	304
256	304
285	304
120	306
208	306
217	306
269	306
274	306
71	307
96	307
131	307
246	307
181	308
58	309
85	309
92	309
114	309
134	309
142	309
148	309
178	309
230	309
236	309
262	309
120	311
161	311
168	311
45	312
284	312
45	313
66	313
120	313
285	313
108	314
195	314
199	314
217	314
57	315
146	315
179	315
226	315
239	315
76	317
169	317
174	317
258	317
290	317
106	318
119	318
165	318
239	318
135	319
175	319
285	319
144	320
138	321
166	321
201	321
203	321
63	322
97	322
98	322
128	322
144	322
193	322
223	322
270	322
290	322
56	323
66	323
87	323
134	323
148	323
180	323
222	323
233	323
65	324
263	324
125	325
159	325
175	325
219	325
73	326
57	327
83	328
91	328
175	328
201	328
256	328
284	328
193	329
51	330
60	330
160	331
242	331
111	332
269	332
86	333
217	333
96	334
169	334
212	334
224	334
212	335
87	336
105	336
183	336
210	336
244	336
257	336
51	337
124	337
126	337
133	337
155	337
64	338
71	338
86	338
133	338
258	338
167	339
197	339
192	340
55	341
110	341
143	341
183	341
266	341
267	341
59	342
105	342
119	342
148	342
186	342
231	342
234	342
137	344
156	344
213	344
238	344
76	345
129	345
131	345
213	345
258	345
89	346
90	346
106	346
109	346
169	346
198	346
239	347
60	348
174	348
250	348
175	350
190	350
192	350
212	352
228	352
250	352
