593
190	8
217	8
238	9
206	10
236	16
239	24
160	26
235	28
253	28
216	29
172	30
210	30
244	30
153	32
259	32
133	34
140	34
237	34
165	35
225	35
162	36
252	36
215	39
260	39
266	39
213	41
244	41
229	42
257	44
234	45
247	45
187	48
180	49
208	51
210	51
141	52
241	55
137	59
181	60
186	61
173	65
181	65
108	66
225	66
263	66
269	66
141	72
189	73
230	73
272	73
183	74
161	75
210	78
246	78
160	79
178	79
240	79
254	79
119	80
138	80
209	80
231	80
255	80
179	81
262	81
282	81
126	83
277	85
144	86
93	88
118	88
191	88
230	89
252	89
127	90
185	90
283	91
268	95
281	95
141	96
133	97
221	99
116	101
124	101
277	102
86	104
131	105
139	105
181	105
85	106
183	108
233	110
129	111
143	113
281	113
288	113
290	113
84	114
175	114
193	115
129	117
192	118
169	122
101	123
107	123
121	123
290	123
159	124
279	125
115	127
128	128
188	128
78	129
197	129
213	129
220	129
142	130
204	130
148	131
107	132
115	132
149	132
188	132
115	133
158	134
79	137
122	137
126	137
170	137
215	137
281	137
291	137
229	139
129	140
136	142
140	142
116	143
142	143
212	143
162	144
109	146
129	146
278	146
63	147
93	147
156	147
63	148
117	148
122	148
174	148
226	148
241	148
269	148
141	149
274	149
300	149
124	150
135	150
105	152
175	152
183	153
233	153
67	154
155	154
84	155
190	155
300	155
127	156
196	156
50	157
113	157
164	157
288	157
37	158
39	158
54	159
68	159
307	159
106	160
178	160
294	160
155	161
160	161
90	162
264	162
234	163
305	163
63	164
64	164
108	164
100	165
160	165
184	165
34	166
152	166
168	167
184	167
45	168
93	168
94	168
221	168
155	169
69	170
110	171
87	172
206	172
225	172
82	173
117	174
269	174
120	175
33	176
278	176
107	177
114	177
171	177
71	178
149	178
199	178
231	178
248	178
54	179
92	179
101	179
106	179
150	179
66	180
131	180
220	181
238	181
267	181
86	182
92	182
178	182
189	182
118	183
125	183
268	183
75	185
110	185
274	185
33	186
101	186
66	187
72	187
132	187
149	187
183	187
208	187
217	187
227	187
290	187
304	187
54	188
98	188
251	188
260	188
176	189
214	189
264	189
132	190
232	190
234	190
204	191
167	192
203	192
283	192
285	193
238	194
299	194
305	194
146	195
53	196
61	196
72	196
42	197
67	197
130	197
228	197
229	197
47	198
132	198
174	198
218	198
124	200
73	201
138	201
235	201
243	201
304	201
259	202
303	202
212	203
232	203
264	204
297	205
57	206
58	206
175	206
221	206
302	206
196	207
219	207
237	209
292	209
125	210
186	211
63	212
104	213
131	213
280	213
59	214
200	214
223	214
246	214
168	215
186	215
123	216
235	216
288	216
100	217
232	217
145	218
225	218
55	220
115	220
219	220
91	221
132	221
162	221
252	221
90	222
156	222
139	223
202	223
228	223
279	223
255	224
298	225
178	226
193	227
221	227
300	227
58	230
106	230
186	230
117	231
250	232
300	232
58	233
103	233
242	233
124	235
150	235
156	235
162	235
239	236
111	237
186	237
208	237
243	237
249	237
182	238
54	239
57	239
109	239
296	239
273	240
298	240
138	241
202	241
113	242
197	242
155	243
129	245
136	246
241	246
121	247
58	248
83	248
92	248
174	248
203	248
251	248
54	249
144	249
282	249
190	251
212	253
245	253
292	253
88	254
170	254
247	254
56	255
240	256
143	257
149	258
109	259
193	259
172	261
176	261
252	261
58	263
71	263
143	264
248	264
288	264
203	265
54	266
162	267
172	267
196	267
254	267
73	268
168	268
179	268
243	268
95	269
275	269
231	271
231	272
275	273
68	274
88	274
101	274
102	274
277	274
287	274
60	276
79	276
150	276
171	276
182	276
221	277
141	278
245	278
210	279
73	281
228	281
231	281
86	282
120	282
168	282
192	283
278	283
231	284
140	285
234	285
244	287
53	288
58	289
115	289
166	289
113	290
160	290
180	292
192	292
280	292
87	293
236	293
285	293
130	294
188	294
65	295
144	295
234	295
265	296
274	296
275	296
112	297
280	297
93	298
195	299
228	300
271	300
164	301
176	301
265	301
156	302
132	303
283	303
61	305
212	305
77	306
258	307
68	308
129	308
132	308
199	308
181	309
192	309
268	309
278	309
75	310
157	310
138	311
221	311
67	313
205	313
272	314
204	315
250	315
284	315
287	315
58	316
137	317
194	317
196	317
274	317
98	318
215	318
221	318
265	319
280	319
218	320
245	320
188	321
246	321
257	321
104	322
198	322
200	322
104	323
236	323
112	325
135	326
116	327
178	327
278	327
139	329
175	329
219	329
254	329
77	330
168	331
190	331
236	331
271	331
77	332
134	332
184	332
247	332
260	332
281	332
175	333
114	334
239	335
251	335
94	336
229	336
86	337
113	338
191	338
221	338
190	340
230	340
244	340
82	341
184	342
212	342
243	342
259	342
274	343
206	344
221	344
223	345
255	345
257	345
200	346
250	346
214	347
79	348
251	348
275	349
214	350
258	350
117	351
121	351
151	351
157	351
176	351
208	351
209	351
244	351
251	351
93	352
102	352
107	352
166	352
222	352
223	352
243	352
