518
190	9
220	9
225	12
238	13
177	18
172	19
211	19
167	20
160	21
153	23
147	24
143	25
173	25
136	26
135	28
160	29
153	32
211	35
268	36
269	36
218	38
263	41
210	42
121	45
264	53
119	55
231	56
158	57
118	58
165	60
271	61
144	63
146	63
240	63
241	63
227	64
121	65
176	65
266	65
268	65
158	66
137	69
169	69
277	69
278	69
249	72
235	73
237	75
275	83
161	84
212	84
149	85
245	85
98	87
139	87
219	89
135	94
144	94
282	94
105	95
116	102
123	103
175	103
170	107
148	108
172	108
260	108
261	109
236	110
245	111
180	112
184	112
89	113
282	113
167	114
184	114
121	115
128	116
145	117
197	118
177	119
237	119
279	119
198	122
246	122
82	123
86	123
254	123
296	123
143	125
227	129
81	131
160	131
239	133
246	133
142	134
142	135
293	135
80	137
189	137
78	138
126	138
133	138
158	140
207	140
141	141
188	142
241	142
111	143
118	143
190	143
82	146
87	146
134	147
281	147
287	147
139	148
201	149
148	150
83	152
90	152
132	153
77	156
50	157
153	157
287	157
87	158
139	158
153	159
307	159
132	160
188	160
292	161
167	162
43	163
64	163
73	163
306	163
126	164
138	165
146	165
307	165
34	166
40	166
284	166
42	167
190	167
288	167
183	169
51	170
52	170
126	170
57	171
120	171
214	171
151	172
167	172
265	172
274	172
307	172
73	173
165	173
172	175
180	175
109	176
121	176
138	176
189	176
214	176
32	177
73	177
132	177
160	177
195	177
263	177
115	178
244	178
55	179
128	179
132	179
251	180
293	181
296	181
181	182
305	182
117	183
172	183
174	183
184	183
141	184
55	186
76	186
154	186
162	186
236	186
290	186
33	187
65	187
147	187
201	187
284	187
298	187
72	188
116	188
122	188
128	188
136	188
304	188
113	189
123	189
164	190
202	190
217	190
276	190
222	192
65	193
72	194
139	194
184	194
290	195
245	196
61	197
67	197
119	197
133	197
304	197
53	198
141	198
85	200
100	200
284	200
161	201
303	201
144	203
194	203
60	204
144	204
195	204
68	205
136	205
164	205
203	205
61	206
253	206
303	207
115	208
130	208
58	209
123	209
217	209
169	210
243	210
280	210
268	211
63	212
148	212
177	212
210	212
250	212
274	212
288	212
300	212
72	213
105	214
113	217
122	217
190	217
220	217
137	218
214	218
223	218
173	219
244	219
272	220
131	221
184	221
117	223
161	223
228	223
142	224
152	224
279	224
134	225
209	225
69	226
127	226
187	226
268	226
120	227
144	227
68	228
180	228
201	228
211	228
62	229
123	231
139	231
157	231
151	232
192	232
239	232
257	232
300	232
133	233
193	233
73	234
165	234
97	235
181	235
207	235
215	236
246	236
288	236
66	237
215	237
224	237
152	239
121	240
153	240
102	241
189	241
209	241
220	241
276	241
285	241
144	242
168	242
182	242
209	242
241	242
125	244
181	244
262	246
59	247
201	247
226	247
69	248
192	248
66	249
144	249
268	249
269	249
183	250
277	251
220	252
151	253
293	253
77	255
139	255
264	255
201	256
263	256
129	257
164	257
171	258
176	258
81	261
235	261
258	261
138	263
181	264
201	264
219	264
125	268
213	268
228	268
192	269
295	269
164	270
186	270
66	271
118	271
179	271
127	273
294	273
147	275
287	276
130	277
136	279
128	280
267	280
269	280
171	281
105	283
190	283
293	283
136	284
260	284
291	284
272	285
137	286
158	286
160	286
206	286
228	286
66	287
181	287
283	287
99	288
179	288
287	288
144	289
285	289
186	290
191	290
153	291
269	291
280	291
104	292
280	292
213	293
285	293
204	295
266	295
145	296
165	296
259	297
273	297
166	302
254	302
121	303
169	303
201	303
282	303
288	303
147	304
126	307
220	307
265	308
90	309
213	309
278	309
179	310
254	310
178	311
187	311
271	311
85	312
104	312
63	313
66	313
249	313
226	314
245	314
292	314
125	315
182	317
250	317
208	318
239	318
264	318
279	318
115	319
286	320
92	321
257	322
105	323
121	323
283	325
255	326
133	327
197	327
209	327
204	328
191	329
234	330
289	330
105	331
157	331
257	331
271	331
289	331
186	334
212	335
279	335
111	336
236	336
264	337
144	338
283	338
140	339
284	339
159	340
74	341
225	341
105	342
195	342
142	343
213	343
240	343
244	343
81	344
111	346
234	346
256	346
167	347
274	347
87	348
273	348
245	349
258	350
93	351
121	351
223	351
234	351
238	351
243	351
249	351
251	351
87	352
96	352
107	352
139	352
145	352
211	352
212	352
233	352
269	352
