572
213	18
215	18
224	27
237	27
212	28
223	28
237	30
228	32
188	34
179	38
202	38
172	39
229	39
250	39
202	41
232	41
165	42
158	43
148	45
188	45
247	45
149	48
152	48
239	48
228	49
234	50
180	51
183	52
162	54
161	55
193	55
232	55
234	55
244	55
160	56
174	57
136	59
236	60
271	60
275	60
263	61
234	62
256	65
265	65
180	66
181	66
169	70
149	71
209	72
262	72
264	72
123	73
229	73
277	73
236	75
210	76
156	79
164	79
265	80
121	81
127	81
257	81
165	82
153	86
162	86
214	86
224	86
248	86
113	88
122	88
202	90
203	91
255	93
265	99
275	99
204	104
205	106
265	106
106	107
266	108
148	110
249	110
141	116
148	117
245	118
251	118
164	119
38	122
60	123
69	123
84	123
172	123
242	123
55	124
75	124
101	124
139	124
155	124
180	124
241	124
83	125
229	126
285	126
304	126
98	127
100	127
228	127
262	129
33	130
68	130
155	130
301	130
50	131
53	131
55	131
155	131
169	132
180	132
210	132
169	133
301	133
305	133
211	134
294	134
43	136
79	136
161	136
301	136
140	137
96	138
155	138
161	140
194	140
222	140
168	141
49	142
54	142
73	142
95	143
307	143
42	144
280	145
141	146
162	146
183	146
288	146
79	147
90	147
105	147
193	147
309	147
72	148
161	148
57	149
168	149
211	149
35	150
252	152
219	153
244	153
43	154
85	154
140	154
182	154
80	155
86	155
161	155
288	155
299	155
67	156
188	156
308	156
71	157
141	157
175	157
219	157
39	158
73	158
168	158
160	159
81	162
148	162
181	162
292	162
43	163
88	163
87	164
137	164
168	164
204	164
305	164
34	166
41	166
147	166
187	166
268	166
187	167
274	167
43	168
74	168
131	168
161	168
204	168
60	170
90	170
173	170
261	170
79	171
274	171
297	171
139	172
183	172
283	173
140	174
244	174
33	175
164	175
204	175
146	176
177	176
208	176
217	176
258	176
71	177
85	177
134	177
175	177
176	177
255	177
157	178
169	178
186	178
55	179
147	180
159	180
225	180
274	180
297	180
93	181
279	181
296	181
87	182
141	182
141	183
219	185
75	186
112	186
34	187
55	187
66	187
122	187
156	187
230	187
304	187
73	188
87	188
107	188
147	188
169	188
279	188
136	189
144	189
268	189
284	189
108	192
151	194
219	194
277	194
65	195
84	195
125	195
203	195
252	195
33	196
146	196
160	196
168	196
249	196
284	196
302	196
48	199
303	199
141	201
236	201
250	202
170	203
59	204
86	204
155	204
202	204
67	205
71	205
80	205
157	205
245	205
214	206
178	207
279	207
79	208
289	208
292	208
44	209
57	209
76	209
80	209
192	209
284	209
90	210
123	210
209	210
237	210
269	210
279	210
199	211
60	213
139	213
132	214
149	215
126	216
177	216
187	216
285	216
119	217
168	217
213	217
276	217
288	217
54	218
170	218
272	218
55	219
199	219
257	219
63	220
283	220
62	221
146	221
246	221
264	221
85	222
165	222
71	223
233	223
80	224
122	224
147	224
185	224
297	224
72	225
90	225
131	225
158	225
142	226
158	226
170	226
211	226
72	227
206	227
240	227
262	227
274	228
125	230
249	230
155	231
76	232
244	232
266	232
81	233
214	233
234	233
129	235
188	235
71	236
97	236
225	236
273	237
282	237
65	238
218	238
226	238
260	238
53	239
43	240
156	240
165	241
181	241
208	241
199	242
202	242
234	242
247	242
78	243
149	243
158	243
172	243
290	245
100	247
163	247
185	247
215	247
268	247
278	247
299	247
42	249
154	249
194	249
282	249
294	249
271	250
75	251
96	251
174	251
234	251
158	253
218	253
292	255
296	256
110	257
289	257
175	259
219	259
254	260
234	261
81	262
184	262
75	263
76	263
116	264
146	264
257	264
286	265
173	267
217	268
295	269
163	270
76	271
198	271
107	273
294	273
296	273
172	274
101	275
163	276
253	278
164	279
206	279
200	280
294	280
213	281
139	282
278	283
293	283
185	285
146	286
201	286
208	287
214	288
267	288
290	288
153	290
245	291
247	291
266	291
83	292
159	293
187	293
238	293
280	293
143	294
228	294
194	295
220	295
275	295
247	297
267	297
126	299
245	299
276	299
98	301
117	301
109	302
159	302
196	302
214	302
233	302
256	303
276	303
83	306
292	306
152	307
265	307
105	309
202	309
235	309
118	310
223	310
142	311
198	311
260	311
275	311
195	312
254	312
282	313
132	314
185	315
216	315
291	315
154	316
125	317
202	317
236	317
261	317
276	317
84	318
280	319
166	320
217	320
286	321
175	322
183	322
133	324
110	325
280	325
284	325
214	326
227	327
259	329
167	330
146	331
120	332
174	332
245	332
239	334
89	335
284	335
288	335
122	336
160	338
284	338
89	339
144	339
250	340
271	340
289	340
230	341
231	341
131	342
171	342
237	342
151	343
222	345
254	345
265	345
160	347
275	347
247	348
199	349
205	349
188	350
192	350
209	350
235	350
242	350
262	350
102	352
114	352
122	352
124	352
165	352
172	352
233	352
260	352
