588
233	22
203	27
237	30
227	32
206	33
208	33
226	33
216	38
191	40
253	40
176	41
182	41
252	41
245	45
247	45
165	46
231	46
155	47
217	51
238	52
239	57
162	60
235	60
183	61
176	63
223	63
127	64
238	65
155	66
172	67
165	70
255	70
234	73
263	73
264	73
240	84
156	85
282	92
281	95
182	96
140	97
181	97
191	97
274	97
226	99
275	99
217	100
104	101
183	101
215	102
129	103
121	104
232	104
136	106
253	106
275	106
265	107
256	108
127	110
207	110
232	110
242	111
110	112
119	112
211	113
176	114
265	116
182	118
110	119
234	119
243	120
94	121
251	121
224	122
290	122
219	123
197	124
189	126
205	126
150	127
285	127
140	130
183	130
222	130
101	131
188	132
148	133
283	133
198	134
243	134
293	134
204	137
197	138
203	138
88	141
108	141
145	143
293	143
87	145
93	145
79	147
189	147
79	148
301	148
135	150
144	151
197	151
88	152
137	152
228	152
151	153
180	153
65	154
157	154
181	154
196	154
78	155
300	155
283	156
72	157
73	157
137	157
307	159
228	160
295	160
110	161
117	161
129	161
135	161
73	162
151	162
85	163
175	163
185	163
305	163
83	164
281	164
111	165
203	165
194	166
245	166
129	167
262	167
103	168
136	168
145	168
163	168
74	169
54	170
67	170
188	170
194	170
70	171
180	171
221	171
111	172
203	172
112	173
116	173
172	173
284	173
150	174
261	174
113	175
243	175
106	176
136	176
188	176
48	178
118	178
242	178
249	178
55	179
219	179
61	180
71	180
125	181
296	181
113	182
219	182
225	182
108	183
298	183
304	183
170	186
177	186
33	187
55	187
57	187
64	187
132	187
137	187
139	187
150	187
230	187
247	187
304	188
115	189
191	189
216	189
49	190
158	190
159	190
161	190
272	190
134	191
145	191
151	191
164	192
204	192
75	193
127	193
173	193
65	194
107	195
160	195
195	195
262	195
300	195
53	196
183	196
186	196
243	196
42	197
180	198
131	199
146	199
88	200
131	200
166	200
303	201
57	202
258	202
125	204
70	205
177	205
192	205
218	205
297	205
69	206
142	206
208	206
289	206
117	207
163	207
256	207
303	207
277	208
114	209
43	211
106	211
154	211
280	211
51	212
60	212
168	212
101	213
106	213
246	213
120	214
209	214
67	216
125	216
138	216
72	217
79	217
278	217
292	217
77	218
98	218
101	218
189	218
238	219
276	219
63	220
143	220
153	220
242	220
256	221
171	222
211	222
129	223
136	223
41	224
54	224
115	224
122	224
140	224
250	224
296	224
149	225
226	225
234	225
257	225
272	226
290	226
123	227
132	228
141	228
186	229
44	231
198	231
220	231
230	231
261	231
138	232
249	232
253	232
138	233
268	233
206	234
245	234
70	236
142	237
257	237
50	238
65	238
164	238
180	238
184	238
223	238
65	239
74	239
200	239
233	239
264	239
296	239
52	240
213	240
298	240
42	241
45	241
199	241
119	242
128	242
194	242
230	242
258	242
239	243
77	245
143	245
156	246
200	246
159	247
166	247
258	247
42	248
200	248
246	248
250	248
71	249
118	249
263	249
289	249
129	250
137	250
211	250
296	250
288	252
130	253
180	253
145	255
261	255
45	256
58	256
152	256
217	256
46	258
200	258
212	259
65	261
70	261
129	262
297	262
53	263
220	263
256	263
296	263
59	265
205	265
153	266
160	266
138	267
142	267
263	267
124	268
191	269
119	270
121	270
41	271
150	271
152	271
157	272
118	273
184	273
177	274
184	274
290	274
296	274
54	275
60	275
68	275
256	275
59	276
124	276
197	276
122	277
145	277
147	277
228	277
266	278
50	279
210	279
135	280
152	280
204	280
200	281
44	283
128	283
58	284
293	284
188	286
69	287
70	287
136	287
181	287
284	287
43	288
255	288
286	288
203	289
55	290
110	290
197	290
254	290
42	291
172	291
220	291
259	291
220	292
68	294
293	294
47	295
213	295
247	295
159	296
284	296
49	297
164	297
169	297
199	297
240	297
292	297
218	300
234	301
265	301
282	301
56	302
288	303
48	304
130	304
158	304
165	304
89	305
139	305
168	306
48	307
128	307
65	308
153	308
156	309
283	309
89	310
135	310
212	310
236	310
261	310
160	311
166	311
68	312
82	312
187	312
64	313
65	314
142	314
248	314
160	316
290	316
66	317
95	317
96	317
217	317
237	317
49	318
124	318
56	319
89	319
114	320
207	320
287	320
226	321
247	321
73	323
145	323
254	324
290	324
72	325
121	325
158	325
262	325
97	326
183	326
72	327
109	327
179	327
209	327
234	327
237	327
248	327
277	327
196	328
204	328
189	329
103	331
172	331
145	332
156	332
239	333
146	334
215	334
287	334
283	335
187	336
182	337
267	337
175	338
203	338
156	340
119	341
147	341
173	341
223	341
284	341
212	342
238	343
242	343
274	343
284	344
197	345
93	346
187	346
210	346
232	346
254	346
132	347
269	347
275	347
109	348
205	348
87	349
92	349
154	349
161	349
243	349
263	349
269	349
249	350
92	351
172	351
197	351
210	351
215	351
241	351
256	351
280	351
86	352
109	352
119	352
137	352
139	352
154	352
170	352
174	352
233	352
236	352
249	352
262	352
269	352
