645
248	26
245	28
253	32
266	32
240	33
232	34
210	42
227	42
235	42
242	44
280	44
274	46
281	47
229	48
236	49
236	54
207	55
299	59
190	61
250	64
196	66
212	69
228	69
309	70
230	72
190	73
240	73
258	73
248	74
316	74
194	75
213	75
251	75
316	75
202	78
211	78
226	78
223	79
275	82
314	82
223	83
284	83
197	84
226	85
205	87
182	89
213	89
219	89
222	89
275	89
284	90
315	90
271	91
286	91
309	91
189	93
251	94
219	95
257	95
260	95
197	96
206	96
231	96
164	97
277	97
309	98
236	99
261	99
185	100
245	100
193	101
276	101
214	104
154	105
227	105
181	106
219	106
244	106
251	106
253	106
310	106
160	107
179	107
281	108
269	111
281	111
160	112
167	112
172	113
153	114
204	114
223	114
302	116
152	117
194	117
233	117
300	117
265	118
271	118
275	118
146	119
292	119
215	120
165	121
244	121
207	123
234	123
258	123
263	123
287	123
191	124
158	125
189	126
158	127
164	127
253	128
270	128
151	129
215	129
232	129
246	129
274	129
158	130
189	130
273	130
213	131
225	131
264	132
284	132
294	132
187	133
291	134
274	135
299	135
172	136
248	136
136	137
152	137
158	137
281	137
193	139
220	140
225	140
305	140
143	141
164	141
179	141
234	141
239	141
260	141
264	141
158	142
290	142
234	145
241	146
277	146
146	147
213	147
222	147
251	147
257	147
153	148
156	148
137	149
177	149
183	149
206	150
209	150
170	151
307	151
145	152
298	152
190	153
209	153
251	153
256	153
274	153
285	153
216	154
132	155
195	155
164	156
169	156
183	156
186	156
264	157
300	157
288	158
155	159
159	159
183	160
221	160
257	160
260	160
279	160
176	161
228	161
160	162
195	162
170	163
234	164
236	165
264	165
294	165
220	166
189	167
194	167
226	167
249	167
273	167
183	168
177	169
186	169
189	169
305	169
283	170
156	171
163	171
177	171
256	171
143	172
148	172
237	172
264	172
127	173
163	173
170	173
198	173
212	174
296	174
217	175
243	175
158	177
229	178
284	178
231	179
236	179
163	180
180	180
185	180
242	180
246	180
271	180
159	181
252	181
253	181
266	181
269	181
302	182
186	183
193	183
212	183
296	183
223	184
125	186
140	186
180	186
231	186
269	186
147	187
152	187
175	187
183	187
185	187
199	187
201	187
225	187
154	188
168	188
244	188
259	188
287	188
193	189
293	189
247	190
221	192
193	193
207	193
234	193
257	193
302	193
176	194
189	194
204	194
163	195
235	195
240	195
244	195
278	195
291	195
252	197
267	197
269	197
297	197
144	198
189	198
254	198
128	199
184	199
187	199
204	199
244	199
246	199
272	199
303	199
219	200
235	200
198	201
201	201
272	201
176	202
177	202
180	202
261	202
284	203
151	204
167	204
195	204
239	204
249	204
253	204
294	204
147	205
218	206
219	206
223	206
227	206
201	208
272	208
294	208
298	208
171	209
182	209
201	209
255	209
133	210
180	210
276	210
123	211
229	211
249	211
259	211
265	211
249	212
287	212
207	213
285	213
302	213
206	214
242	214
214	215
218	215
224	215
249	215
290	215
188	216
194	216
125	217
192	217
258	217
181	218
184	218
254	218
264	218
119	219
180	219
204	219
244	219
123	220
160	221
192	221
224	221
158	222
197	222
204	222
254	222
191	223
211	223
215	223
240	225
285	226
266	227
166	228
284	228
233	229
255	229
268	229
163	230
206	230
211	230
126	231
155	231
261	232
170	233
234	233
256	233
267	234
130	235
167	235
206	235
244	235
264	235
126	236
270	237
131	238
207	238
211	238
255	238
159	239
224	239
241	240
235	241
266	241
206	242
256	242
210	243
242	244
298	244
224	245
228	245
211	246
273	246
217	247
176	249
251	249
186	250
211	250
135	252
264	252
174	253
184	253
251	253
262	253
297	254
197	255
207	256
271	256
281	256
285	256
213	257
250	257
141	259
250	259
256	259
196	260
213	261
225	261
286	261
289	261
204	262
206	262
210	262
215	262
285	263
187	266
209	266
225	266
232	266
246	266
296	266
270	267
129	268
195	268
211	268
215	268
221	268
288	269
248	270
232	271
259	271
271	271
248	272
276	272
210	273
229	273
184	274
186	274
187	274
211	274
221	274
223	274
256	274
281	275
126	276
177	276
202	276
126	277
202	277
184	278
211	279
223	279
229	279
256	279
175	280
257	280
295	280
195	281
129	282
201	282
288	283
216	284
238	284
243	284
180	285
194	285
219	285
155	286
210	286
264	286
234	287
250	287
253	287
140	288
170	288
186	288
194	288
199	288
219	288
136	289
139	289
155	289
225	289
246	290
169	291
192	291
194	291
282	291
292	291
254	292
258	292
283	292
288	292
197	293
198	293
209	293
203	294
225	294
232	294
210	295
247	295
269	295
277	295
148	296
190	296
258	296
197	298
232	299
242	299
147	300
225	300
183	301
186	301
213	301
217	301
293	301
129	302
132	302
142	302
254	302
197	304
142	305
285	305
182	306
192	306
203	306
213	306
225	306
227	306
193	307
254	307
275	307
292	307
286	308
128	309
133	310
155	310
253	310
203	311
245	311
249	311
193	312
284	312
285	313
152	314
209	314
226	314
230	314
239	314
195	315
201	315
255	315
132	316
202	316
249	316
152	318
239	319
195	320
246	320
151	322
200	322
230	322
270	322
135	323
138	324
268	324
165	325
262	325
269	326
246	327
187	328
159	331
160	331
175	331
263	331
186	332
225	332
264	332
168	333
175	335
257	335
270	335
168	337
192	337
245	337
238	338
203	339
219	340
179	341
185	342
191	342
225	342
192	343
224	343
229	343
208	344
241	344
245	346
176	347
219	347
238	347
239	348
201	349
203	349
184	350
217	352
