895
159	39
179	39
185	39
194	40
201	47
149	48
156	48
190	50
139	51
200	51
230	51
202	52
211	52
229	54
151	56
168	56
210	56
149	59
145	60
230	60
130	61
136	61
174	61
237	61
167	65
205	65
229	65
246	65
158	66
230	66
197	67
176	68
255	69
248	70
144	71
131	73
172	73
250	73
122	75
126	75
230	76
126	79
158	79
247	79
143	80
179	82
238	82
247	82
162	83
253	83
254	83
119	85
147	87
218	87
187	88
250	88
143	89
156	89
158	89
220	90
126	97
157	97
246	98
115	102
178	102
123	103
138	104
126	105
133	105
178	106
200	106
207	106
102	107
183	107
190	107
112	108
141	108
236	109
250	109
146	110
243	110
154	112
162	112
174	113
205	114
205	115
225	115
133	116
138	116
188	116
197	116
212	116
93	118
149	119
147	120
159	120
157	121
251	121
102	122
110	122
166	122
174	122
225	122
234	122
261	122
82	123
88	123
117	123
165	123
177	123
147	124
187	126
225	126
141	127
159	128
87	130
102	131
163	131
253	131
118	132
157	132
232	132
63	133
132	133
187	134
269	134
276	134
75	137
231	137
63	138
72	138
86	138
93	139
115	139
94	140
102	140
109	140
136	140
254	140
264	140
287	140
114	141
231	141
76	142
140	142
59	143
130	143
132	143
157	143
59	144
178	144
215	145
231	145
289	145
116	146
216	146
260	147
264	147
294	147
175	148
286	148
92	149
156	149
232	149
76	150
140	150
275	150
309	150
203	151
207	151
291	151
85	152
88	152
186	152
101	153
175	153
214	153
216	153
241	153
268	153
230	154
81	155
167	155
301	155
250	156
304	156
176	157
241	157
282	157
59	158
61	158
69	158
159	158
157	159
188	159
194	159
208	159
83	160
113	160
90	161
128	161
171	161
134	162
230	162
299	162
182	163
215	163
245	163
62	164
107	164
222	164
255	164
300	164
113	165
202	165
226	165
171	166
156	167
70	168
147	168
213	168
243	168
258	168
276	168
63	169
91	169
99	169
113	169
120	169
148	169
252	169
257	169
285	169
306	169
75	170
83	170
304	170
227	171
247	171
107	172
233	172
131	173
59	174
75	174
84	174
91	174
107	174
229	174
237	174
306	174
59	175
152	176
275	176
151	177
126	178
132	178
138	178
144	178
253	178
256	178
280	178
289	178
157	179
185	179
189	179
257	179
272	179
209	180
107	181
177	181
214	181
288	181
151	182
280	182
85	183
156	183
183	183
197	183
244	183
202	184
108	185
118	185
120	185
200	185
228	186
233	186
235	186
240	186
61	187
101	187
135	187
156	187
162	187
208	187
258	187
282	187
70	188
77	188
160	188
179	188
190	188
212	188
224	188
289	188
154	189
60	190
177	191
86	192
87	192
94	192
119	192
160	192
195	192
282	192
80	193
166	193
191	193
194	193
212	194
257	194
66	195
87	195
96	195
101	195
109	195
154	195
188	195
268	195
82	196
140	196
158	196
214	196
229	196
232	196
235	196
267	197
269	197
60	198
194	198
166	199
179	199
192	199
200	199
75	200
117	200
122	200
123	200
128	200
222	200
245	200
262	200
150	201
157	201
249	201
255	201
275	201
286	201
214	202
61	203
185	203
68	204
221	204
271	204
82	205
139	205
157	205
224	205
264	205
97	206
101	206
130	206
135	206
171	206
174	206
200	206
204	206
237	207
162	208
163	208
62	209
122	209
129	209
85	211
90	211
139	211
265	211
282	211
60	212
75	212
91	212
97	212
135	212
148	212
227	212
115	213
117	213
120	213
156	213
161	213
162	213
167	213
171	213
185	213
234	214
244	214
66	215
100	215
104	215
197	215
243	215
228	216
87	217
91	217
185	217
192	217
196	217
276	217
285	217
177	218
189	218
248	218
251	218
261	218
263	218
285	218
63	219
65	219
131	219
134	219
202	219
210	219
181	220
200	220
212	220
241	220
87	221
93	221
264	221
100	222
121	222
148	222
74	223
219	223
235	223
271	223
70	224
146	224
199	224
200	224
271	224
105	225
137	225
141	225
173	225
279	225
102	226
126	226
131	226
190	226
262	226
173	227
189	227
190	227
204	227
223	227
262	227
95	228
137	228
157	228
197	228
227	228
132	229
159	229
235	229
270	229
92	230
151	230
197	230
242	230
258	230
270	230
76	231
102	231
204	231
72	232
84	232
202	232
216	232
219	232
79	233
109	233
66	234
92	234
126	234
131	234
151	234
98	235
102	235
145	235
183	235
189	235
229	235
260	235
116	236
184	236
194	236
227	236
126	237
201	237
212	237
219	237
269	237
87	238
92	238
122	238
124	238
140	238
144	238
162	238
194	238
224	238
227	238
178	239
202	239
206	239
217	239
98	240
104	240
116	240
118	240
209	240
212	240
234	240
68	241
72	241
87	241
99	241
112	241
135	241
140	241
246	241
249	241
84	242
132	242
161	242
180	242
99	243
119	243
149	243
239	243
94	244
142	244
102	245
105	245
112	245
108	246
142	246
161	246
189	246
63	247
68	247
125	247
168	247
223	247
239	247
257	247
269	247
277	247
132	248
152	248
175	248
212	248
291	248
130	249
199	249
226	249
159	250
192	250
199	250
243	250
283	250
102	251
108	251
151	251
175	251
95	252
98	252
105	252
122	252
179	252
269	252
65	253
92	253
118	253
270	253
159	255
276	255
278	255
72	256
75	256
79	256
80	256
155	256
163	256
168	256
173	256
131	257
215	257
130	258
213	258
240	258
255	258
67	259
112	259
115	259
181	259
107	260
225	260
260	260
151	261
153	261
154	261
204	261
249	261
63	262
67	262
80	262
107	262
174	262
257	262
284	262
76	263
103	263
121	263
87	264
137	264
159	264
82	265
108	265
135	265
188	265
234	265
276	265
119	266
224	266
248	266
265	266
270	266
112	267
237	267
272	267
258	268
74	269
76	269
80	269
82	269
219	269
285	269
164	271
171	271
252	271
81	273
218	273
245	273
271	273
103	274
184	275
221	275
286	275
288	275
69	276
156	276
192	276
264	276
205	277
255	277
173	278
255	278
77	280
189	280
206	280
76	283
153	283
160	284
189	284
214	284
86	285
99	285
106	285
161	285
178	285
103	286
284	286
282	287
76	288
96	288
242	288
244	288
261	288
79	289
255	289
155	290
208	290
72	291
84	291
164	291
224	291
230	291
91	292
177	293
271	294
79	295
100	295
154	295
164	295
212	295
261	295
279	295
157	296
164	296
201	296
221	296
254	296
256	296
212	297
236	298
239	298
291	298
178	299
179	299
291	299
202	300
214	300
241	300
252	300
172	301
106	302
164	302
260	302
157	303
256	303
161	304
181	304
224	304
172	306
249	306
71	307
141	307
165	307
170	307
197	307
200	307
146	308
94	309
152	310
197	310
216	310
134	311
140	311
160	312
170	312
284	312
92	313
145	313
178	313
206	313
225	313
80	315
151	315
237	315
261	315
132	317
141	317
151	317
155	317
77	318
161	318
143	319
95	320
172	320
248	321
90	322
95	322
107	322
165	322
278	322
115	323
151	323
168	323
232	323
236	323
243	323
270	323
115	324
136	324
230	324
268	324
136	325
142	325
216	325
223	325
262	325
105	326
156	326
205	326
255	326
283	326
78	327
175	328
236	328
244	328
98	329
147	329
168	329
270	329
278	329
149	330
87	331
91	331
94	331
195	331
263	331
72	332
236	332
269	332
138	333
159	333
185	333
87	334
175	334
139	335
211	335
214	335
217	335
91	336
107	336
245	336
258	336
148	338
154	338
280	338
285	338
74	339
115	339
160	339
167	339
202	339
219	339
269	339
71	340
115	341
236	341
276	341
138	342
142	342
161	342
225	343
95	344
138	344
161	344
213	344
229	344
241	344
258	344
155	345
213	345
266	345
277	345
90	346
135	346
82	347
174	347
238	347
164	348
183	348
201	348
239	348
266	348
141	349
203	349
251	349
105	350
98	351
137	351
141	351
153	351
155	351
210	351
213	351
229	351
75	352
123	352
164	352
174	352
217	352
