827
192	30
192	31
201	36
196	37
148	39
153	39
173	39
185	39
137	40
166	40
128	41
148	46
137	48
167	48
184	48
190	48
228	49
134	53
157	54
161	55
171	56
186	56
187	56
194	56
254	56
178	57
172	58
149	61
245	61
229	62
257	65
220	69
113	71
247	71
130	72
148	73
260	73
105	75
108	76
262	76
115	81
262	81
261	82
132	83
148	83
164	83
107	84
241	84
96	85
107	85
139	87
259	87
175	88
150	89
258	90
241	91
240	92
83	93
145	93
229	93
158	94
247	94
106	95
89	96
209	96
219	96
254	96
122	97
171	97
182	99
186	99
96	101
100	101
127	101
132	101
134	101
86	102
189	102
220	103
87	104
150	104
161	104
148	105
199	105
119	106
206	106
257	106
189	107
185	108
258	109
143	111
167	111
87	112
133	112
216	112
243	112
107	113
193	113
255	113
78	114
85	114
116	114
72	115
243	117
216	118
106	119
149	120
220	121
79	122
85	122
86	122
93	122
120	122
234	122
98	123
125	123
142	123
156	123
106	124
163	124
207	124
117	125
154	125
196	125
201	125
99	126
87	127
202	127
235	128
77	129
261	129
149	130
235	130
251	130
179	131
195	131
123	132
159	132
226	132
77	133
98	133
131	133
171	133
63	134
160	134
207	134
215	134
84	135
71	136
77	136
136	136
152	136
206	136
161	137
244	137
64	138
98	138
136	138
188	138
251	138
142	139
144	139
179	139
192	139
173	140
248	140
258	140
77	141
83	141
216	142
219	142
71	143
75	143
98	143
119	143
200	143
207	143
97	144
104	144
187	144
207	144
211	145
84	146
153	146
162	146
167	146
181	146
126	147
228	147
140	148
149	148
151	148
180	148
198	148
213	148
237	148
126	149
242	149
54	151
97	151
232	151
112	152
117	152
242	152
59	153
158	153
247	153
181	154
207	154
232	154
249	154
167	155
199	155
58	156
78	156
84	156
137	156
225	156
59	157
85	157
91	157
181	157
51	158
104	158
110	158
135	158
155	158
194	158
199	158
246	158
52	160
162	160
170	160
172	160
213	160
207	161
63	162
87	163
91	163
103	164
109	164
169	164
237	164
249	164
258	164
266	164
71	165
78	165
176	165
70	166
128	166
211	166
233	166
55	167
63	167
93	167
116	167
142	167
193	167
157	168
209	170
217	170
54	171
109	171
242	171
114	172
147	172
222	172
152	173
174	173
175	173
250	173
70	174
72	174
79	174
103	174
247	174
65	175
121	175
126	175
128	175
132	175
217	175
220	175
58	176
85	176
86	176
107	176
109	176
113	176
262	176
81	177
96	177
50	178
51	178
72	178
152	178
65	179
87	179
157	179
192	179
199	179
259	179
59	180
107	180
163	180
214	180
245	180
265	180
219	181
255	181
259	181
126	182
132	182
134	182
209	182
236	182
103	183
107	183
131	183
134	183
144	183
147	183
169	183
65	184
49	185
148	185
156	185
157	185
182	185
121	186
163	186
249	186
259	186
82	187
85	187
87	187
94	187
169	187
222	187
234	187
49	188
95	188
255	188
121	189
107	190
114	190
197	190
266	190
50	191
203	192
101	193
106	193
130	193
44	194
60	194
82	194
156	194
184	194
258	194
56	195
76	195
85	195
96	195
177	195
153	196
76	197
173	197
218	197
243	197
72	198
96	198
101	198
168	198
46	199
204	199
262	199
118	200
188	200
203	200
56	201
197	201
123	202
102	203
103	203
109	203
221	203
96	204
239	204
66	205
86	205
221	205
72	206
92	206
96	206
161	206
175	206
180	206
242	206
251	206
258	206
43	207
62	207
112	207
118	207
142	207
144	207
226	207
118	208
122	208
139	208
196	208
254	208
190	209
182	210
189	210
242	210
77	211
157	211
226	211
233	211
70	212
118	213
168	213
77	214
112	214
114	214
130	214
262	214
58	215
66	215
69	215
106	215
108	215
125	215
127	215
202	215
204	215
102	216
172	216
84	217
87	217
121	217
157	217
189	217
212	217
250	217
183	218
242	218
121	219
220	219
51	220
72	220
102	220
172	220
235	220
72	221
104	221
115	221
117	221
95	222
96	222
168	222
185	222
84	223
110	223
232	223
92	224
54	225
130	225
194	225
256	225
264	225
110	226
127	226
162	226
164	226
92	227
170	227
87	228
169	228
170	228
57	230
120	230
140	230
180	230
204	230
215	230
162	231
231	231
87	232
107	232
118	232
127	232
218	232
65	233
102	233
104	233
127	233
197	233
234	233
249	233
83	234
97	234
265	234
150	235
158	235
199	235
60	236
173	236
177	236
186	236
243	236
60	238
97	238
177	238
189	238
100	239
199	239
94	240
132	240
211	240
159	241
162	241
70	242
150	242
221	242
66	243
202	243
235	243
176	244
194	244
220	245
88	246
84	247
96	247
127	247
184	247
209	247
222	247
55	248
62	248
64	248
66	248
100	248
140	248
163	248
170	248
176	248
201	248
202	248
235	248
240	248
249	248
92	249
125	249
212	249
229	249
265	249
185	250
59	251
76	253
107	253
171	253
256	253
73	254
195	254
59	255
62	255
64	255
103	255
182	255
201	255
55	256
68	256
93	256
264	256
90	257
164	257
80	258
130	258
148	258
192	258
95	259
154	259
157	259
239	259
265	259
176	260
184	260
202	260
77	261
92	261
164	261
193	261
254	261
129	262
137	262
176	263
211	263
92	264
87	265
158	265
238	265
136	266
154	266
218	267
147	269
196	269
170	270
238	270
214	271
201	272
223	273
78	274
163	274
143	275
147	275
150	275
189	275
264	275
230	277
255	278
266	278
80	279
90	279
191	279
68	280
129	280
77	281
159	281
188	281
214	281
249	281
151	282
229	282
143	283
237	283
93	284
147	284
249	285
85	286
147	286
159	286
167	286
228	286
125	287
128	287
83	288
89	288
260	288
70	289
244	289
254	289
184	290
221	290
232	290
167	291
227	291
231	291
238	291
255	291
93	292
120	292
124	292
210	292
141	293
152	293
165	293
246	293
262	293
120	295
231	296
87	297
140	297
258	297
83	298
165	298
205	298
147	299
193	299
236	299
201	300
252	300
194	301
252	301
273	302
125	303
139	303
217	303
259	303
103	304
139	304
153	304
150	305
156	305
227	305
255	305
272	305
130	306
201	306
217	306
268	306
102	307
210	307
124	308
136	309
156	309
161	309
235	309
244	309
151	310
217	310
236	310
256	310
248	311
80	312
84	312
133	313
173	313
194	313
82	314
120	314
77	315
146	315
161	315
163	315
262	315
82	316
77	317
133	317
256	318
76	319
119	319
179	319
195	319
135	320
140	320
145	320
243	320
119	321
151	321
153	321
206	321
212	321
249	321
122	322
132	323
231	323
242	323
289	323
135	324
77	325
118	325
231	325
77	326
88	326
180	326
215	326
230	326
149	327
151	327
84	328
207	328
208	328
243	328
255	328
88	329
186	331
234	331
128	332
269	332
149	333
177	333
196	333
289	333
136	334
139	334
205	335
217	335
258	335
84	336
245	336
251	336
79	337
117	337
245	337
142	338
219	339
200	340
283	340
116	341
202	341
237	341
93	342
192	342
173	343
213	343
275	343
225	344
230	344
266	344
211	345
245	345
258	345
277	345
211	346
282	346
83	347
200	347
206	347
252	347
106	348
174	348
217	348
84	349
212	350
111	351
127	351
230	351
103	352
174	352
190	352
219	352
236	352
245	352
250	352
