738
113	3
120	3
184	3
196	3
221	6
205	9
124	10
230	13
105	14
151	14
220	14
130	17
89	18
198	18
155	22
112	23
239	23
220	24
239	24
184	25
200	25
81	26
87	27
86	29
94	29
158	29
239	30
98	37
79	38
238	45
71	49
156	50
175	51
184	52
93	54
195	55
84	56
205	56
222	56
230	56
247	56
157	58
237	58
244	58
168	61
66	63
187	63
205	65
195	66
252	66
213	68
78	70
228	75
227	76
234	76
256	76
197	78
205	78
169	80
177	80
186	80
256	80
260	80
79	81
142	81
162	81
184	81
127	82
136	83
241	85
111	86
104	87
155	87
162	87
254	88
126	90
60	91
170	93
274	93
164	94
176	95
164	98
274	98
157	99
186	99
190	99
222	100
172	101
229	101
168	103
197	103
204	103
185	104
54	107
68	111
253	111
212	112
259	112
65	113
219	113
228	113
234	113
279	113
57	114
187	114
194	115
112	116
142	116
268	116
234	117
105	118
135	118
242	118
92	119
152	119
211	120
242	120
249	120
85	121
145	121
154	121
160	121
217	122
67	123
52	124
61	124
217	124
224	124
266	124
283	125
177	126
77	128
177	128
201	128
193	129
208	129
71	130
161	130
170	130
177	130
199	130
249	130
252	130
26	131
49	132
300	132
224	133
279	133
229	134
254	134
208	135
214	135
25	136
162	136
168	136
182	136
190	136
112	137
176	138
182	138
30	139
38	139
32	140
310	140
49	141
25	142
161	142
168	142
279	142
67	143
172	143
272	143
112	144
182	144
187	144
244	144
299	144
302	144
63	145
85	145
107	145
120	146
172	146
179	146
249	146
39	147
82	147
117	148
220	148
276	148
278	148
288	148
291	148
222	149
225	149
31	150
233	150
308	151
228	152
237	152
239	152
99	153
194	153
265	153
94	154
199	154
245	154
276	154
217	156
219	156
270	156
66	157
127	157
199	157
26	158
50	158
122	158
204	158
254	158
63	159
235	159
283	159
49	160
258	160
261	160
184	161
221	161
242	161
248	161
286	161
43	162
122	162
239	162
307	162
276	163
117	164
179	166
193	166
47	167
171	168
66	169
201	169
237	169
299	169
217	170
29	171
179	171
240	171
264	171
37	172
39	172
62	172
76	172
159	172
196	172
28	173
32	173
72	173
307	173
181	174
184	174
234	174
282	174
121	175
219	175
250	175
114	176
237	176
252	176
264	176
49	177
95	177
119	177
210	177
159	178
93	179
111	179
297	179
267	180
40	181
168	181
177	181
186	181
192	181
82	182
143	182
212	182
80	183
203	183
32	184
103	186
279	186
101	187
168	187
178	187
42	188
142	188
180	188
193	188
205	188
61	189
70	189
282	190
290	190
51	191
180	191
304	191
69	192
57	193
82	193
260	193
130	194
113	195
43	196
178	196
232	196
240	196
301	196
42	197
57	197
264	197
282	197
125	198
126	198
141	198
300	198
111	199
233	199
234	199
291	199
295	199
73	200
206	200
97	201
254	201
264	201
280	201
278	202
95	204
148	204
36	205
145	205
162	205
257	205
67	206
71	206
173	206
136	207
179	207
46	208
249	208
145	209
40	210
179	210
250	210
254	210
257	210
64	211
258	211
127	212
134	212
211	212
234	212
154	213
242	213
286	213
45	215
165	215
234	215
52	216
103	216
115	216
127	216
179	216
244	216
254	216
295	217
39	218
283	218
142	219
266	219
101	220
113	220
149	220
125	221
199	221
73	222
132	222
140	222
165	222
289	222
228	223
241	223
300	223
187	224
258	224
300	224
132	225
169	225
172	225
242	225
53	226
142	226
148	226
201	226
120	228
187	229
253	229
277	229
111	230
230	230
232	230
36	231
139	231
142	231
166	231
168	231
296	231
177	232
264	232
273	232
287	232
49	233
115	233
118	233
149	235
112	236
139	236
223	236
232	236
283	236
95	237
104	237
154	237
166	237
289	237
246	238
170	239
172	239
248	239
103	240
174	240
211	240
224	240
93	241
153	241
298	241
274	242
289	242
298	242
199	244
248	244
269	244
109	245
137	245
174	245
178	245
211	245
216	245
167	246
170	246
176	246
283	246
146	247
269	247
147	249
208	249
245	249
199	250
216	250
224	250
36	251
100	251
191	251
299	251
136	252
176	252
263	252
293	252
44	253
137	253
152	253
167	253
261	253
298	253
99	254
209	254
213	254
143	255
146	255
164	255
245	255
253	255
198	256
224	256
269	256
110	257
122	257
231	257
265	257
284	257
47	258
48	259
143	259
176	259
110	260
121	260
126	260
213	260
231	261
276	261
278	261
57	262
212	262
111	263
121	263
296	264
160	265
279	265
46	266
50	266
118	266
121	266
169	266
176	266
185	266
187	266
197	266
105	267
110	268
274	268
286	268
38	269
212	269
244	269
59	270
127	270
212	270
153	271
160	271
197	271
39	272
112	272
117	272
169	273
178	273
187	273
104	274
44	275
127	275
142	275
295	275
101	276
111	276
245	276
153	277
212	277
46	278
209	279
291	279
162	281
188	281
138	282
142	282
48	283
49	283
295	285
58	286
123	286
162	286
209	286
273	286
274	286
287	286
132	287
138	287
207	287
294	287
44	288
189	288
194	288
266	288
286	288
123	289
44	290
50	290
178	290
276	290
145	291
236	291
267	291
59	292
207	293
127	294
132	294
155	294
158	294
195	295
201	295
213	295
138	296
144	296
223	296
225	296
178	297
236	297
127	298
213	298
44	299
154	299
167	299
173	299
186	299
188	299
222	299
154	300
158	300
201	300
261	300
137	302
163	302
63	303
48	305
246	305
267	305
146	306
261	306
154	307
222	307
230	307
236	307
162	308
285	309
43	310
163	310
183	310
45	311
247	311
236	313
264	313
286	313
50	314
143	314
145	314
244	314
263	314
62	315
73	315
163	316
72	317
122	317
176	317
183	317
274	317
230	318
236	318
192	319
217	319
228	319
270	319
290	319
206	320
44	321
143	321
122	322
132	323
246	323
117	325
76	326
176	326
206	326
238	326
243	326
52	327
69	327
132	327
191	327
199	327
205	327
212	327
217	327
228	328
233	328
128	329
290	329
75	330
224	330
64	331
128	331
253	331
128	332
270	332
153	333
205	334
252	334
199	335
213	335
243	335
245	335
198	336
63	337
235	337
271	337
126	339
287	339
153	341
213	341
217	341
222	341
223	341
230	341
129	342
203	342
211	342
247	343
256	345
59	347
202	348
217	348
223	348
98	349
117	349
211	349
231	349
265	349
128	350
231	350
235	350
85	351
129	351
152	351
161	351
68	352
70	352
88	352
117	352
135	352
264	352
