515
138	46
179	48
124	49
154	49
130	51
162	51
170	51
190	52
145	53
209	54
163	55
137	56
227	57
228	57
143	59
203	59
219	59
166	61
129	62
229	64
104	65
144	65
157	66
104	67
159	67
207	68
223	70
95	73
208	73
240	74
185	75
222	77
111	80
187	80
194	80
210	81
89	82
84	88
249	92
203	96
144	98
164	98
194	98
251	99
78	100
155	100
176	102
243	102
186	103
147	108
157	108
169	109
179	110
216	110
234	110
250	110
226	111
249	111
189	112
249	113
74	115
227	117
217	119
234	120
234	123
240	123
198	124
98	125
109	125
285	125
73	126
90	126
281	126
204	127
208	127
263	127
125	129
28	130
285	130
136	131
299	131
300	131
53	132
237	132
51	133
75	133
148	133
157	133
279	133
40	135
67	135
174	135
275	135
278	135
90	136
167	136
294	137
40	138
61	138
66	138
115	138
30	139
38	139
254	139
259	139
68	140
33	141
138	141
175	141
259	141
309	141
149	142
160	142
279	142
169	143
204	143
210	143
179	144
183	144
184	144
189	144
299	144
37	145
189	145
197	145
198	145
254	145
79	146
48	147
54	147
55	147
273	147
289	147
299	147
277	148
290	148
26	149
71	149
30	150
180	151
309	151
50	152
270	152
50	153
298	153
276	154
282	154
301	154
53	158
54	158
35	159
45	161
180	161
188	161
269	162
276	163
308	163
37	164
66	166
174	166
57	168
198	168
174	169
206	169
299	169
233	170
239	170
282	170
37	172
66	172
300	172
32	173
40	173
169	173
174	173
282	173
307	173
63	174
256	176
197	177
40	178
87	178
170	178
191	178
204	178
213	178
239	178
262	178
245	179
297	179
49	180
220	180
222	180
82	181
228	181
255	181
292	181
31	182
237	182
244	182
261	182
262	182
56	183
63	183
182	183
190	183
192	183
212	183
219	184
57	185
82	185
202	186
203	186
279	186
46	187
77	187
147	187
175	188
193	188
209	188
253	188
291	188
143	189
259	189
284	189
129	190
180	190
200	190
304	190
209	191
215	193
259	194
180	195
234	195
264	195
43	196
42	197
189	197
237	197
292	198
294	198
277	199
288	201
264	202
231	203
236	203
268	204
45	205
195	205
239	205
199	207
283	207
294	208
34	209
299	209
33	210
40	210
275	210
136	211
147	212
268	212
132	213
185	213
207	213
45	215
102	215
209	215
100	216
145	216
219	216
38	217
190	218
283	218
51	219
47	221
191	222
277	222
292	222
136	223
300	223
134	224
170	224
90	225
180	225
188	225
190	225
301	225
53	226
44	227
88	227
170	229
277	229
297	230
190	231
295	231
274	232
38	233
156	236
205	236
291	236
255	238
275	238
246	239
267	239
275	239
192	240
187	241
92	242
117	242
205	242
266	242
154	243
156	243
297	243
274	244
285	245
289	245
114	246
188	246
192	246
193	246
142	247
292	248
166	250
168	250
215	250
38	251
162	251
299	251
136	254
216	254
155	255
194	255
48	256
161	256
143	258
168	258
275	259
154	260
194	260
275	260
128	261
141	261
201	261
298	261
39	262
189	262
258	262
267	263
141	264
162	265
260	265
290	265
41	266
126	266
211	266
278	266
141	267
189	267
202	267
58	268
276	268
284	268
157	271
162	271
213	271
89	272
117	272
272	272
296	272
265	273
280	274
200	275
253	275
114	276
157	276
172	278
176	278
255	279
291	279
125	281
131	281
200	281
267	281
128	283
154	283
156	283
59	285
164	285
229	285
273	285
287	285
295	285
128	287
164	287
274	287
294	287
44	288
286	288
153	289
260	289
267	289
183	290
193	290
205	290
230	291
232	291
264	291
224	294
41	295
51	295
193	296
205	296
213	296
279	296
183	297
233	297
264	298
267	298
173	299
178	299
160	300
162	300
224	300
260	300
57	301
213	301
184	303
207	303
68	304
155	304
157	306
160	306
268	306
260	307
286	307
73	308
166	308
170	309
57	310
191	310
215	310
157	311
72	312
202	312
138	313
245	313
165	314
142	315
166	315
169	315
65	316
148	316
202	316
275	316
49	317
195	317
216	317
275	318
135	321
141	321
158	321
165	321
44	322
246	322
118	323
59	325
175	325
180	325
134	326
51	327
71	327
289	328
67	329
268	329
174	330
144	332
179	332
195	335
62	336
224	336
58	337
143	337
269	337
73	338
195	342
249	342
203	343
211	343
217	343
228	343
279	345
265	346
289	346
237	347
263	348
272	348
237	350
67	351
90	351
93	351
106	351
111	351
128	351
152	351
196	351
202	351
211	351
228	351
249	351
256	351
77	352
79	352
135	352
165	352
