848
74	3
95	3
125	3
162	3
191	3
84	4
104	4
115	4
136	4
148	4
160	4
170	4
171	4
180	4
202	7
58	12
105	14
107	14
115	14
96	15
210	15
189	17
197	19
219	20
218	22
140	24
148	24
150	25
158	25
160	26
168	27
48	29
227	30
217	31
128	32
98	34
137	34
89	35
188	35
150	36
194	36
158	37
179	39
120	40
127	40
137	41
188	41
193	41
67	42
185	42
228	42
58	44
127	44
136	44
178	45
48	46
90	46
184	46
193	46
81	47
233	47
198	48
136	49
150	49
184	49
190	50
69	51
111	51
119	51
150	52
158	52
52	53
179	54
180	54
134	55
141	55
198	55
222	55
188	56
204	56
213	56
219	56
229	57
93	58
102	58
126	58
132	58
150	58
157	58
204	58
114	59
141	59
209	59
147	60
34	61
219	63
141	64
197	64
209	64
240	64
146	65
214	66
224	66
125	67
133	67
134	67
40	69
33	71
104	72
112	73
133	73
146	73
27	74
224	74
42	75
85	75
152	75
34	76
77	76
142	76
123	77
124	77
228	77
96	78
104	78
112	78
242	78
104	80
112	80
130	80
172	80
179	81
104	83
130	83
34	84
98	84
209	84
26	85
68	85
137	86
138	86
214	86
246	86
105	87
111	87
124	87
26	88
63	88
79	88
105	88
71	89
124	90
148	90
145	91
135	92
155	92
71	93
213	93
219	94
221	94
82	95
111	95
155	95
194	95
28	96
52	96
145	96
22	97
65	97
66	97
94	97
162	97
78	98
115	98
120	98
149	98
200	98
225	98
247	98
102	99
86	100
173	100
61	101
106	101
109	101
200	101
67	102
91	102
132	102
179	102
207	102
79	103
112	103
114	103
192	103
64	104
138	104
141	104
196	104
215	104
32	105
22	106
25	106
79	106
118	106
120	106
54	107
70	107
144	107
106	108
111	108
208	108
218	108
48	109
75	109
125	109
126	109
67	110
158	110
113	111
160	111
167	111
196	111
218	111
85	112
167	112
228	113
248	113
113	114
131	114
134	114
200	114
75	115
124	115
222	115
91	116
247	116
83	117
117	117
126	117
138	117
167	117
74	118
160	118
167	118
231	118
234	118
40	119
52	120
171	120
35	121
87	121
45	122
237	122
24	123
157	123
168	123
35	125
45	125
137	125
136	126
54	127
96	127
112	127
40	128
79	128
158	128
51	129
107	130
202	130
25	131
70	131
83	131
127	131
232	131
40	132
51	132
136	132
145	132
200	132
213	132
62	133
78	133
95	133
107	133
216	133
95	134
206	134
37	135
68	135
107	135
118	135
235	135
47	136
58	136
82	136
145	136
129	137
164	137
129	139
176	139
217	139
246	139
25	140
93	140
118	142
120	142
107	143
132	143
166	143
60	144
178	144
184	144
199	144
210	145
252	145
59	146
132	146
34	147
82	147
129	147
165	147
120	148
120	150
186	150
186	151
32	152
70	152
113	152
134	152
137	152
202	152
166	153
176	153
180	153
52	154
80	154
82	154
96	154
130	154
172	154
62	156
68	156
33	157
56	157
121	157
127	157
243	157
49	158
80	158
96	158
139	158
144	158
229	158
88	159
92	159
114	160
116	160
27	161
100	161
112	161
181	161
55	162
144	162
172	162
232	162
30	163
78	163
128	163
132	163
179	163
181	163
93	164
120	167
141	167
33	168
78	168
88	169
93	169
132	169
133	169
66	170
120	170
179	170
104	171
113	171
127	172
252	172
116	173
141	173
189	174
223	174
41	175
66	175
80	175
86	175
136	175
141	175
165	175
254	175
261	175
273	175
201	176
75	177
88	177
129	177
98	178
103	178
116	178
223	178
128	179
191	179
243	179
269	179
39	180
78	180
106	180
114	180
141	180
167	180
173	180
207	180
63	181
191	181
201	181
50	182
186	182
39	183
87	183
128	183
140	183
201	183
30	184
63	184
78	184
81	184
193	185
50	186
59	186
96	186
114	186
122	186
156	186
69	187
81	187
140	187
186	187
208	187
272	187
37	188
173	188
51	189
96	189
106	189
180	189
203	189
105	190
274	190
37	191
137	191
89	192
241	192
256	192
55	193
57	193
122	193
157	193
265	193
112	194
263	195
31	196
35	196
53	196
77	196
80	196
137	196
151	196
43	197
89	197
67	200
134	200
189	200
37	201
39	201
50	201
53	201
70	201
77	201
109	201
112	201
151	201
119	202
151	203
160	203
162	203
89	204
192	204
36	205
91	205
92	205
217	205
47	206
48	206
61	206
66	206
85	206
239	206
68	207
109	207
151	208
102	209
132	209
134	209
137	209
192	209
71	210
189	210
195	210
199	210
91	211
146	211
42	212
45	212
55	212
60	212
85	212
80	213
88	213
217	213
226	213
101	214
102	214
171	215
41	216
52	216
166	216
62	217
69	217
120	217
146	217
199	217
206	217
211	217
52	218
81	218
111	218
120	218
189	218
195	218
84	219
88	219
101	220
237	220
45	221
60	221
103	221
111	221
226	221
52	222
76	223
80	223
90	223
171	223
236	223
34	224
52	224
60	224
123	224
131	224
136	224
166	224
226	224
241	224
57	225
81	225
84	225
90	225
138	225
205	225
147	226
44	227
88	227
138	227
64	229
75	229
103	229
112	229
56	231
81	231
96	231
56	232
214	232
35	233
62	234
64	234
96	234
138	234
142	234
145	234
147	234
154	234
96	235
132	235
238	236
50	237
128	237
55	238
203	238
45	240
56	241
61	241
87	241
96	242
145	242
74	243
151	243
154	243
158	243
82	244
129	244
56	245
37	246
206	246
236	246
69	248
131	248
133	248
84	249
109	249
115	249
151	250
192	250
63	251
118	251
160	251
144	252
181	252
92	254
107	254
56	255
37	256
63	257
84	257
157	257
192	257
68	258
73	258
80	258
118	258
145	258
169	258
110	259
113	259
157	259
188	259
70	260
80	260
122	260
127	260
137	260
180	260
181	260
55	262
235	262
234	263
214	264
235	264
92	265
102	266
127	266
109	267
113	267
122	267
137	267
188	267
39	268
69	268
140	268
148	269
158	269
174	270
73	271
78	271
227	271
79	272
213	272
102	274
226	274
89	275
91	275
119	275
206	275
228	275
127	276
214	276
140	277
147	277
180	277
38	279
66	279
71	279
150	279
180	279
78	280
161	280
175	280
89	281
78	282
208	282
86	284
97	284
66	285
104	285
119	285
126	285
223	285
117	286
129	286
202	286
205	286
63	287
78	287
150	287
194	287
72	288
196	288
182	289
188	289
83	290
86	290
42	292
94	292
97	292
165	292
44	293
68	293
72	293
104	293
101	294
116	294
73	295
128	295
156	295
145	296
206	296
83	297
198	297
188	299
87	300
93	300
68	301
72	301
94	301
101	301
191	301
156	303
165	303
108	304
157	304
169	304
191	305
73	306
197	306
86	307
213	307
132	308
203	308
54	309
86	309
93	309
157	310
190	310
73	311
94	311
149	311
159	311
168	311
65	312
107	312
43	313
170	313
107	314
177	314
78	315
85	315
206	315
149	316
51	317
94	317
153	317
159	317
126	318
131	318
141	319
96	321
159	321
168	321
170	321
177	321
71	322
77	322
107	322
184	322
145	323
206	324
79	325
153	325
69	327
88	327
96	327
126	327
195	328
47	329
153	331
166	331
168	331
184	331
79	332
102	332
173	332
88	335
102	336
111	337
112	337
94	338
197	338
166	339
173	339
47	340
144	341
94	343
177	343
98	345
90	346
144	346
113	347
177	347
66	350
118	350
73	351
91	351
95	351
97	351
129	351
134	351
137	351
140	351
179	352
