603
166	43
175	44
203	45
205	47
121	48
187	48
199	49
110	51
135	53
213	53
105	59
223	59
223	60
200	61
105	62
121	64
207	66
223	68
191	69
233	69
95	70
125	72
118	74
95	75
116	75
168	77
160	79
99	80
88	81
242	84
241	86
90	88
242	88
160	89
154	91
163	92
92	93
184	93
83	94
176	94
202	96
197	97
204	97
214	97
250	99
233	100
241	100
174	102
157	104
186	106
206	107
224	107
215	108
76	109
257	109
240	110
225	114
79	115
185	116
117	117
111	119
197	120
204	120
225	120
263	120
234	121
121	122
79	125
252	127
81	128
88	128
254	128
70	129
265	129
176	130
29	131
169	131
49	132
125	132
169	132
164	133
244	133
176	135
31	136
40	137
52	137
25	138
43	138
63	138
184	139
189	139
55	142
170	142
55	143
167	144
184	144
279	144
37	145
177	145
186	145
197	145
201	145
147	146
140	147
32	148
39	148
48	148
267	148
276	148
157	149
48	150
167	150
257	150
151	151
159	151
186	152
262	152
194	153
41	154
283	154
295	154
212	155
45	156
53	156
67	156
219	156
274	156
159	157
54	158
152	158
262	158
269	158
294	159
48	160
179	160
270	160
152	161
278	161
297	161
43	162
146	162
287	162
39	163
65	163
72	163
307	163
202	164
209	164
65	165
193	166
200	166
295	166
219	167
224	167
267	167
50	168
161	168
162	168
168	168
200	168
287	168
258	169
294	169
299	169
306	169
192	170
199	170
290	170
207	171
208	171
178	172
76	173
181	173
215	173
282	173
289	173
45	174
47	174
72	174
162	174
168	174
190	174
199	175
292	176
54	177
181	177
205	177
162	178
168	178
113	179
167	179
174	179
188	179
297	179
39	180
72	180
258	180
281	181
67	182
247	182
167	183
174	183
252	183
263	183
291	183
197	184
296	184
67	185
82	185
179	185
169	186
202	186
204	186
60	187
63	187
79	187
213	187
236	187
157	188
179	188
182	188
221	188
209	189
239	189
57	190
70	190
217	190
221	190
290	190
303	190
52	191
65	192
275	194
118	195
227	195
92	197
114	197
248	197
292	197
294	198
57	199
87	199
265	199
189	200
270	200
141	201
194	201
250	201
281	201
303	202
286	203
124	204
194	204
139	205
47	206
120	206
197	206
150	207
192	209
196	209
205	209
287	209
302	209
91	210
87	211
121	211
148	211
172	211
201	213
286	213
116	214
197	214
279	214
45	215
154	215
158	216
116	217
232	217
296	218
275	219
205	220
234	220
287	220
113	221
82	222
92	222
153	222
157	222
282	222
79	223
122	223
234	224
292	224
300	224
89	225
179	225
207	225
119	226
291	228
277	230
235	231
56	233
285	233
84	235
79	236
105	237
144	237
127	238
181	238
183	238
280	238
77	240
102	240
204	241
268	241
156	242
297	242
156	244
176	244
181	244
193	245
204	245
268	245
285	245
57	246
295	246
182	248
204	248
249	248
126	249
49	251
50	251
150	251
157	251
195	251
214	251
244	251
251	251
194	252
299	252
138	253
182	253
181	254
205	254
53	255
106	256
246	256
273	256
130	257
146	257
149	257
216	257
138	258
195	258
198	258
104	260
129	260
182	260
190	260
246	260
168	261
180	261
116	262
141	262
176	262
246	262
80	266
290	266
293	266
55	267
114	267
140	267
168	267
181	267
144	268
176	268
181	268
283	268
284	268
288	269
244	270
144	271
90	272
248	272
116	273
115	274
135	274
89	275
110	275
216	275
248	275
282	275
144	276
295	276
140	277
182	277
256	277
163	278
168	278
115	279
134	279
179	279
182	279
205	279
291	279
153	280
93	281
158	281
216	281
222	281
56	282
140	282
266	282
282	283
213	284
256	284
149	285
152	285
205	285
230	285
286	285
295	285
92	286
222	286
157	287
250	287
269	287
294	287
180	289
185	289
192	289
250	289
190	290
269	290
265	291
283	291
107	292
119	292
136	292
141	292
161	292
168	292
148	293
202	293
60	294
147	294
161	294
105	295
112	295
148	295
190	295
192	295
117	296
127	296
168	296
180	296
183	296
185	296
216	296
271	296
110	298
117	298
135	298
265	298
127	300
154	300
161	300
168	300
231	300
112	301
117	301
161	302
167	302
183	302
191	302
192	302
205	302
62	305
205	305
221	305
123	306
127	306
145	306
149	306
154	306
208	306
214	306
274	306
110	307
110	308
191	308
194	308
203	308
272	308
158	309
160	309
167	309
175	309
118	311
123	311
145	311
148	312
222	312
148	313
215	313
286	313
110	314
158	314
208	314
62	315
129	315
156	315
204	315
107	316
115	316
117	316
195	316
204	316
175	317
146	319
289	319
204	320
114	321
146	321
125	322
128	322
153	322
156	322
215	322
224	322
129	323
167	324
204	324
200	325
256	325
124	326
146	326
172	326
134	327
182	327
128	328
152	328
289	328
224	329
134	330
205	330
208	330
220	330
66	331
160	331
167	331
172	331
258	331
136	332
163	332
200	332
174	333
256	333
140	334
193	334
229	334
231	334
148	335
159	336
220	336
249	336
159	337
163	337
193	337
209	337
215	337
135	338
167	338
174	338
199	338
139	339
182	339
183	339
193	339
289	339
175	340
258	341
264	341
68	342
147	342
250	343
159	344
167	345
175	345
171	346
183	346
194	346
199	346
242	346
265	348
91	350
96	351
114	351
120	351
141	351
149	351
81	352
171	352
