696
219	3
237	5
190	8
201	8
210	8
179	10
211	11
252	11
255	11
261	12
169	13
261	13
241	16
232	17
215	19
261	19
270	21
151	22
145	24
132	27
280	31
126	32
150	32
154	32
234	33
228	34
135	37
115	38
143	38
278	41
261	42
253	43
270	43
152	44
162	44
199	47
102	48
193	48
271	51
284	51
153	52
166	52
219	53
224	53
254	53
261	53
278	53
293	53
238	55
94	56
232	56
232	58
242	58
120	59
136	59
227	59
149	60
214	60
219	60
205	62
201	64
234	65
300	65
229	66
253	67
260	67
120	68
155	68
209	69
243	69
247	69
268	69
274	69
223	70
229	70
209	71
103	72
203	72
230	72
236	72
162	73
203	75
218	75
230	75
197	76
224	76
309	76
145	77
162	77
155	78
213	78
231	78
105	79
224	79
88	80
237	80
244	80
151	81
232	81
238	81
213	83
224	83
213	85
232	85
238	85
106	86
151	86
164	86
207	86
245	86
252	86
288	86
294	86
156	87
120	88
127	88
199	88
193	89
274	89
312	89
226	90
232	90
279	90
239	92
242	92
151	93
226	93
233	93
238	93
145	94
209	94
82	95
174	95
167	96
159	97
193	97
215	97
272	97
152	98
186	98
201	98
278	98
194	99
121	100
292	100
114	101
145	101
152	101
187	101
194	101
227	101
298	101
223	102
227	102
252	102
265	102
278	102
227	104
230	104
240	104
246	104
122	105
130	105
137	105
240	105
246	105
278	105
114	106
203	106
197	107
278	108
314	108
107	109
114	109
223	109
246	109
259	109
211	110
217	110
217	111
240	111
246	111
259	112
265	112
124	113
139	113
199	113
203	113
290	113
295	113
117	114
132	114
230	115
247	115
279	115
272	116
132	117
162	117
205	117
127	118
156	118
182	118
189	118
81	119
265	119
268	119
133	120
199	120
205	120
127	121
259	122
263	122
230	123
233	123
122	124
127	124
193	124
199	124
217	124
230	124
253	124
256	124
200	125
206	125
157	126
136	127
142	127
152	127
207	128
174	129
166	130
193	130
194	130
200	130
214	130
234	130
258	130
160	131
168	131
184	131
186	131
263	131
265	131
136	132
152	132
201	132
207	132
132	133
147	133
160	134
178	134
239	134
79	135
153	135
194	135
200	135
263	135
148	136
154	136
230	136
190	137
214	137
245	137
251	137
252	137
255	137
268	137
274	137
154	138
169	138
208	138
257	138
149	139
212	139
291	139
132	140
217	140
125	141
157	141
221	141
127	142
135	142
140	142
268	142
274	142
121	143
200	143
207	144
127	145
164	145
303	145
122	146
200	146
222	146
239	146
257	146
160	147
212	147
208	148
216	148
248	148
264	148
289	148
294	149
132	150
135	150
250	150
277	150
279	150
67	151
78	151
256	151
117	152
122	152
152	152
202	152
264	152
75	153
78	153
147	153
277	153
202	154
216	154
219	154
228	154
234	154
243	154
269	154
284	154
287	154
294	154
302	154
138	155
195	155
133	156
162	156
248	156
228	157
263	157
288	157
66	158
157	158
233	158
255	158
267	158
64	159
205	159
248	159
252	159
288	159
147	160
260	160
69	161
117	161
114	162
125	162
142	162
143	162
76	163
121	163
137	163
157	163
284	163
293	163
308	163
76	164
151	164
224	164
242	164
244	164
258	164
301	164
306	164
143	165
275	165
229	166
80	167
151	167
284	167
147	168
212	168
130	169
179	170
204	170
257	170
277	170
115	171
121	171
184	171
264	171
299	171
212	172
261	172
268	172
303	172
130	173
147	173
162	173
66	174
112	174
115	174
127	174
174	174
277	174
158	175
289	175
140	176
141	176
293	177
68	178
136	178
77	179
112	179
119	179
158	179
63	180
107	180
114	180
127	180
151	180
153	180
259	180
273	180
123	182
147	182
200	182
263	182
277	182
187	183
212	183
229	183
302	183
304	184
79	186
182	186
300	186
199	187
256	187
277	187
282	187
290	187
182	188
231	188
257	188
269	188
294	188
147	189
274	189
284	189
113	190
117	190
144	190
180	191
61	193
75	194
120	195
113	196
248	196
113	199
130	199
249	199
300	199
147	200
114	201
122	201
126	201
164	201
120	202
157	203
142	204
144	204
162	204
154	205
207	205
76	206
126	206
137	206
205	206
266	206
120	207
246	207
123	208
117	209
129	210
205	211
123	212
125	212
259	212
120	213
131	214
241	214
243	214
266	214
251	215
262	215
266	215
125	216
127	216
279	217
83	218
245	220
302	220
276	221
282	221
294	222
279	224
297	224
188	225
265	227
232	228
290	228
164	230
186	230
204	230
292	230
259	231
162	233
284	233
233	234
300	234
84	235
251	236
284	236
204	237
247	237
270	237
206	239
217	239
255	239
273	239
167	240
296	240
273	243
239	244
256	244
165	245
195	245
205	246
217	246
217	247
232	247
250	247
273	248
289	248
185	250
87	251
194	251
242	251
273	251
265	252
292	252
296	252
261	253
283	253
232	254
203	255
217	255
219	255
90	256
185	256
212	256
225	256
251	256
275	257
285	257
244	259
225	260
196	261
203	261
251	261
212	262
219	262
225	262
230	262
245	264
251	264
294	264
230	267
278	267
195	268
225	269
252	269
199	270
278	270
211	271
252	271
268	272
161	275
239	275
255	275
199	277
211	277
270	277
200	279
205	279
211	279
160	280
239	281
243	281
248	281
293	281
293	283
96	284
259	284
186	285
205	285
211	285
288	285
200	286
198	287
244	287
223	288
212	289
218	289
240	289
290	289
224	290
260	290
177	291
231	291
259	291
284	291
183	292
186	292
248	292
206	293
191	294
248	294
240	295
295	295
176	296
231	296
239	296
224	297
259	297
183	298
249	298
262	298
191	299
206	299
184	300
198	300
200	301
249	301
239	302
243	302
99	304
277	304
219	305
230	305
108	306
201	306
214	306
249	306
134	307
178	307
184	307
243	308
293	308
133	309
264	311
278	311
280	311
201	312
230	312
123	313
177	314
223	314
284	314
288	314
214	315
269	315
133	316
281	316
122	319
242	320
269	321
223	322
113	325
244	327
235	330
236	337
281	339
223	340
128	342
265	344
284	348
189	350
211	350
153	351
160	351
224	351
137	352
139	352
265	352
284	352
