644
140	14
90	15
117	15
122	15
123	15
115	16
91	17
104	18
157	20
159	21
126	22
169	22
80	25
81	25
93	25
182	26
86	27
102	28
122	28
164	30
174	30
118	32
141	33
116	34
123	34
194	34
108	35
177	36
105	38
91	39
130	39
146	39
66	41
86	41
97	43
122	45
207	46
102	49
106	49
63	50
71	52
114	54
111	56
132	57
217	58
62	59
69	59
77	59
94	59
217	59
225	59
104	60
199	62
194	64
209	64
202	65
75	68
142	68
105	71
203	71
217	71
113	72
210	72
234	72
124	73
52	75
89	75
60	76
95	76
164	78
202	78
81	80
87	80
160	80
197	80
210	80
120	81
67	82
73	82
101	82
241	83
52	84
51	85
66	85
177	85
210	85
67	86
209	86
55	88
63	91
73	92
70	93
80	93
87	93
247	93
47	95
217	95
54	96
64	97
75	97
130	97
180	97
195	98
35	99
174	99
178	99
63	100
115	100
122	100
195	100
47	101
54	101
55	101
117	101
217	101
75	102
105	103
111	103
40	106
30	107
81	107
88	107
169	107
174	107
181	107
196	107
176	108
202	108
111	109
117	109
34	112
42	113
252	116
162	117
27	118
155	118
120	120
127	120
249	121
106	123
112	123
185	123
224	123
230	123
197	124
185	125
137	126
76	127
82	127
157	127
164	127
242	127
249	127
263	127
27	128
131	128
83	129
173	129
177	129
180	129
185	129
192	130
77	131
85	131
90	131
151	131
157	131
197	131
243	131
203	132
209	132
224	134
229	134
237	135
249	135
31	136
173	137
252	137
115	138
168	138
110	139
285	139
174	140
295	140
235	142
263	142
286	142
26	143
306	143
280	144
38	145
161	145
261	145
72	146
155	146
67	147
82	147
89	147
170	147
183	147
26	148
95	148
223	148
234	148
272	148
288	148
291	148
162	149
298	149
82	150
90	150
76	151
26	152
107	152
112	152
305	152
97	153
176	153
186	153
43	154
90	154
92	154
214	154
222	154
283	155
67	156
86	156
156	156
162	156
259	156
26	157
62	157
64	157
163	157
57	158
154	158
182	159
227	160
289	160
209	161
268	161
278	161
33	162
132	162
163	162
178	162
288	162
39	163
87	163
306	163
72	164
82	164
95	164
128	164
98	165
100	165
67	166
89	166
276	166
295	166
178	167
294	167
89	168
84	169
170	169
307	171
28	172
35	172
179	172
98	173
94	174
282	174
290	174
265	175
273	175
76	176
158	176
253	176
73	177
107	177
115	177
182	177
220	178
224	178
101	179
111	179
188	179
104	180
87	181
97	181
117	181
212	181
248	181
29	182
82	182
113	182
162	182
169	182
188	182
218	182
290	182
147	185
247	185
249	185
82	186
193	186
196	186
78	187
113	187
151	187
171	187
200	187
219	187
237	187
29	188
142	188
161	188
242	188
258	188
279	188
290	188
292	188
302	188
61	189
30	190
57	190
92	190
107	190
109	190
262	190
102	191
168	191
63	192
87	192
151	193
304	193
146	194
249	194
58	195
102	195
252	195
31	196
97	196
126	196
58	197
283	197
122	198
53	199
80	199
260	199
302	200
112	201
292	201
109	202
244	202
287	202
72	203
83	203
175	203
276	203
304	203
34	205
124	205
221	205
274	205
78	206
79	206
92	206
120	206
224	206
250	206
85	207
274	207
75	208
82	208
276	208
89	209
263	209
294	209
303	209
128	211
254	211
270	212
273	212
301	213
125	214
264	214
80	215
83	215
251	216
257	216
212	217
256	217
116	219
297	219
55	220
92	220
213	220
114	221
50	222
84	222
85	222
88	222
280	223
95	224
291	225
301	225
91	226
172	226
231	226
269	227
291	228
84	229
81	230
207	230
232	230
237	231
276	231
81	233
209	233
285	233
34	234
77	235
230	235
204	236
209	236
116	239
127	239
284	239
86	240
90	240
159	240
122	241
210	241
113	242
276	242
85	243
236	245
158	246
229	246
258	249
191	250
231	250
255	250
37	251
171	251
182	251
131	252
261	253
275	253
128	256
216	256
286	256
192	257
197	257
171	258
225	258
245	258
182	260
274	260
216	261
219	261
267	261
37	262
226	262
198	264
203	264
215	264
239	265
220	266
216	267
278	267
195	268
241	270
65	272
226	272
276	272
272	273
283	273
208	274
163	275
195	275
198	276
266	276
58	277
64	277
185	277
217	277
228	277
279	277
38	278
209	279
228	279
285	281
163	282
218	282
185	283
67	284
142	285
174	285
176	285
208	285
211	285
229	285
246	290
56	291
141	291
193	291
221	291
167	292
172	292
173	292
177	292
185	292
275	292
211	293
265	293
56	294
247	294
210	295
195	297
222	297
279	298
45	299
185	299
157	300
167	300
172	300
217	300
240	300
210	301
210	302
254	302
173	303
178	303
268	303
182	305
198	305
152	306
157	306
217	306
261	306
43	307
191	307
242	307
256	307
260	307
161	309
166	309
210	309
215	309
205	310
198	311
191	312
198	312
279	312
150	313
152	313
182	313
226	313
44	314
159	314
185	314
278	314
132	315
167	315
173	315
215	315
219	315
251	316
44	317
199	317
206	317
146	320
150	320
186	320
173	321
226	321
132	322
152	322
219	322
222	322
228	322
182	323
168	324
208	325
211	325
273	325
90	326
101	326
168	326
182	326
66	327
145	327
82	328
223	328
228	328
105	329
152	329
251	329
45	330
87	330
94	330
99	330
213	331
80	332
100	332
208	332
257	332
94	333
167	333
230	333
254	333
280	334
96	336
100	336
100	337
275	337
276	338
94	340
253	340
237	341
99	342
235	342
248	342
59	345
246	346
237	347
283	347
235	349
271	349
107	351
111	351
149	351
159	351
61	352
64	352
74	352
93	352
96	352
126	352
207	352
247	352
256	352
