912
62	3
81	3
103	3
120	3
121	3
145	3
155	3
207	3
76	4
197	4
217	6
75	8
89	8
187	8
68	11
86	11
217	11
48	13
96	14
40	15
94	17
44	18
95	18
73	20
105	20
63	21
228	21
82	22
67	24
92	27
235	27
226	28
76	29
104	30
173	31
179	31
50	35
55	36
81	36
64	38
74	38
76	38
70	39
234	39
102	40
55	41
62	41
157	42
243	42
151	44
70	47
75	47
55	48
61	48
32	49
111	49
183	49
189	49
152	51
248	51
82	52
87	52
61	53
146	53
155	53
160	53
54	54
67	54
68	54
75	54
23	55
60	55
168	55
162	56
169	56
176	56
87	58
31	59
47	59
85	59
169	60
162	61
177	61
42	62
47	62
177	63
85	64
92	64
156	64
162	64
171	64
49	65
94	67
151	67
156	67
163	67
171	67
67	68
158	68
164	68
54	69
74	69
25	70
142	70
252	70
100	71
135	71
115	72
158	72
164	72
94	74
125	74
188	74
44	75
66	76
74	76
83	76
86	76
100	76
102	76
107	76
173	77
44	78
66	78
95	78
52	79
54	79
59	79
75	79
79	79
152	79
158	79
159	79
165	79
36	81
42	81
147	81
152	81
82	82
167	82
173	82
219	82
224	82
261	82
60	83
67	83
88	83
131	83
137	83
95	86
102	86
20	88
67	88
75	88
217	88
223	88
88	89
95	89
147	89
153	89
46	91
51	91
155	91
158	91
140	92
27	93
88	93
104	93
105	93
112	93
142	93
143	93
20	94
82	94
96	94
174	94
187	94
132	95
133	95
167	95
172	95
113	96
125	97
218	97
223	97
225	97
60	98
167	98
201	98
222	98
90	99
92	99
105	99
107	99
161	99
187	99
188	99
53	100
60	100
75	100
79	100
202	100
208	100
47	101
50	101
98	101
141	101
61	102
75	102
134	102
136	102
215	102
260	102
90	103
221	103
84	104
127	104
143	104
150	104
152	104
61	105
180	105
187	105
63	106
194	106
199	106
41	107
47	107
56	107
91	107
92	107
98	107
85	108
169	108
223	108
107	109
137	109
143	109
174	109
178	109
99	110
101	110
208	110
211	110
92	111
156	111
71	112
72	112
152	112
162	112
168	112
41	113
144	113
145	113
35	114
57	114
63	114
85	114
92	114
152	114
194	114
200	114
42	115
49	115
87	115
187	115
194	115
80	116
130	116
25	118
51	118
57	118
37	119
42	119
213	119
219	119
87	120
110	120
120	120
138	120
170	120
171	120
96	121
102	121
132	121
145	121
65	122
68	122
80	122
81	122
112	122
140	122
165	122
170	122
192	122
194	122
199	122
59	123
103	123
104	123
199	123
51	124
72	124
88	124
112	124
174	124
264	124
82	125
152	125
155	125
98	126
106	126
148	126
51	127
60	127
61	127
174	127
177	127
199	127
228	127
46	128
62	128
211	128
234	128
38	129
55	129
82	129
31	130
34	130
75	130
76	130
90	130
164	130
199	130
70	131
140	131
26	132
85	132
192	132
199	132
46	133
208	133
40	134
42	134
70	134
106	134
35	135
62	135
100	135
102	135
119	135
140	135
147	135
148	135
259	135
65	136
85	136
111	136
56	137
58	137
72	137
76	137
88	137
92	137
95	137
42	138
49	138
51	138
170	138
192	138
278	138
37	139
43	139
80	139
157	139
161	139
177	139
179	139
198	139
285	139
191	140
255	140
26	141
43	141
58	141
163	141
168	141
258	141
293	141
37	142
72	142
102	142
274	142
280	142
52	143
65	143
95	143
99	143
147	144
247	144
249	144
52	145
91	145
214	145
238	145
37	146
47	146
64	146
81	146
198	146
201	146
219	146
230	146
33	147
53	147
60	147
231	147
237	147
307	147
75	148
161	148
289	148
290	148
49	149
203	149
275	149
108	150
136	150
143	150
209	150
265	150
35	151
40	151
191	151
196	151
55	152
60	152
74	152
102	152
161	152
169	152
306	152
84	153
153	153
173	153
219	153
275	153
81	154
92	154
165	154
283	154
102	155
222	155
226	155
53	156
55	156
65	156
87	156
160	156
227	156
229	156
245	156
112	157
140	157
143	157
156	157
164	157
189	157
209	157
251	157
295	157
95	158
98	158
122	158
107	159
164	159
212	159
215	159
36	160
42	160
182	160
289	160
29	161
34	161
65	161
87	161
117	161
128	161
169	161
219	161
268	161
278	161
288	161
53	162
60	162
62	162
82	162
87	162
195	162
240	162
138	163
204	163
206	163
306	163
44	164
56	164
77	165
78	165
88	165
117	165
138	165
209	165
99	166
146	166
219	166
226	166
277	166
96	167
223	167
294	167
113	168
180	168
230	168
287	168
291	168
62	169
72	169
292	170
47	171
56	171
57	171
193	171
238	171
307	171
55	172
136	172
199	172
72	173
36	174
65	174
80	174
243	174
69	175
77	175
32	176
180	176
61	177
222	177
272	177
184	178
213	178
281	178
154	179
199	179
202	179
222	179
77	180
92	180
100	180
218	180
202	181
39	182
70	182
89	182
163	182
209	182
271	182
37	183
55	183
60	183
122	183
52	184
119	186
226	186
29	187
60	187
70	187
81	187
106	187
184	187
218	187
52	188
69	188
90	188
163	188
77	189
101	189
188	189
224	189
291	189
45	190
46	190
60	190
57	191
90	191
101	191
180	191
89	192
292	192
42	193
305	193
97	194
182	194
63	195
70	196
272	196
57	197
60	197
283	197
55	198
65	198
280	198
80	199
73	200
77	200
138	200
149	200
302	200
110	201
120	201
207	201
289	201
295	201
65	202
178	202
45	203
70	203
100	203
304	203
56	204
59	204
32	205
98	205
107	205
118	205
128	205
182	205
204	205
267	205
286	205
131	206
138	206
207	207
209	207
212	207
52	208
265	208
293	209
302	209
36	210
70	210
155	210
52	211
67	211
112	211
130	211
182	211
185	211
263	211
192	212
264	212
286	212
301	213
49	214
64	215
66	215
110	216
140	216
186	216
85	217
124	217
155	217
197	217
212	217
57	218
213	218
283	218
83	219
296	219
63	220
290	220
33	221
54	221
130	221
206	222
139	223
175	223
207	225
279	225
300	225
149	226
160	226
127	227
291	228
110	229
176	229
182	229
133	230
216	230
277	230
194	231
219	232
34	233
107	233
149	233
184	233
284	233
151	234
155	234
160	234
170	234
107	236
131	237
203	237
284	237
182	239
193	239
186	240
203	240
276	240
78	241
90	241
102	241
104	241
193	241
289	241
150	242
170	242
179	242
155	243
205	244
285	245
74	246
87	246
99	246
109	246
124	246
205	246
42	247
74	248
131	248
284	248
187	249
180	250
198	250
71	251
107	251
118	251
123	251
139	251
207	251
268	251
41	252
151	252
161	252
176	252
191	252
187	253
191	253
207	253
247	253
200	254
129	255
131	255
186	255
51	256
117	256
139	256
176	256
249	256
161	257
214	257
241	257
49	258
192	258
198	258
208	258
151	259
151	260
154	260
186	260
259	261
103	262
128	262
186	262
198	262
205	262
216	262
243	262
102	267
151	267
156	267
195	267
206	268
261	268
186	269
188	269
247	272
196	273
134	275
189	275
195	275
241	276
188	277
248	277
264	277
153	278
158	278
262	278
40	280
124	280
177	280
236	280
243	280
128	281
134	281
171	281
196	281
202	281
256	282
138	283
189	283
237	283
147	284
115	285
203	285
206	286
231	286
123	287
128	287
171	287
175	288
177	288
178	288
129	289
164	289
196	289
147	290
152	290
158	290
40	291
109	291
114	291
191	291
143	292
186	292
175	293
206	293
70	294
118	294
129	295
197	295
199	295
87	296
158	296
192	296
203	296
68	297
108	297
135	297
143	297
144	297
162	297
164	297
192	297
229	298
249	298
162	299
118	300
177	300
223	300
84	301
200	301
152	302
47	303
189	304
194	304
76	306
225	307
67	309
47	310
71	310
75	310
177	310
232	310
153	311
229	312
66	313
70	315
178	317
218	317
151	318
79	319
93	320
167	320
238	320
151	321
151	326
91	327
167	327
57	329
232	334
68	336
170	337
77	345
170	345
79	346
86	350
108	350
116	351
208	352
212	352
