704
118	31
119	33
132	34
114	35
114	36
110	38
104	39
122	39
97	40
158	40
101	42
171	42
79	43
102	43
77	44
113	46
195	47
204	47
153	48
83	51
118	52
98	53
105	54
185	54
105	57
111	57
215	59
84	63
96	64
104	67
224	68
63	70
75	72
69	73
81	75
222	75
205	79
215	79
77	81
57	82
86	82
198	82
229	84
215	86
238	86
93	87
190	87
222	87
206	89
54	90
62	90
71	91
198	91
246	92
107	96
183	96
229	99
235	100
63	102
157	102
162	102
186	103
191	103
252	103
53	105
77	105
91	105
159	111
164	111
47	112
41	113
54	113
159	113
97	114
153	114
188	115
258	116
137	119
105	120
181	120
233	120
239	120
131	121
168	121
174	121
176	121
50	122
35	123
97	123
249	123
254	123
156	124
161	124
44	125
47	125
86	125
112	125
196	125
106	126
189	126
219	126
224	127
51	128
62	128
157	129
162	129
169	129
176	129
184	130
86	131
197	131
51	132
70	133
77	133
163	133
184	133
266	133
157	134
101	135
107	135
164	135
169	135
30	136
279	136
45	137
152	137
157	137
295	137
204	138
209	138
310	138
38	139
224	139
310	139
56	141
62	141
117	141
110	142
136	142
184	142
190	142
274	142
130	143
177	143
184	143
268	143
70	144
167	144
168	144
64	145
204	145
307	145
145	146
204	146
227	146
71	148
140	148
147	148
150	148
276	148
280	148
289	148
65	149
171	149
177	149
293	149
298	149
31	150
102	150
28	151
96	151
167	151
177	152
184	152
217	152
306	152
153	153
160	153
165	153
67	154
72	154
147	154
166	154
275	154
27	155
198	155
142	156
147	156
204	156
106	157
113	157
294	157
297	157
154	158
155	158
160	158
92	160
97	160
132	160
167	160
124	161
184	161
277	161
295	161
307	161
61	162
67	162
161	162
209	162
288	162
306	162
135	163
142	163
181	163
202	163
52	165
75	165
124	165
47	166
117	166
155	166
295	166
70	167
202	167
209	167
277	167
130	168
208	168
288	168
62	169
172	169
107	170
128	170
203	170
56	171
72	171
77	171
152	171
178	171
272	171
102	172
145	172
136	173
214	173
131	174
219	174
175	175
259	175
79	176
183	176
188	176
208	176
228	176
234	176
32	177
72	177
74	177
102	177
152	177
97	178
157	178
159	178
189	178
202	178
42	179
67	179
213	179
250	179
254	179
37	180
104	180
112	180
218	180
282	180
135	181
145	181
149	181
162	181
254	181
97	182
100	182
107	182
259	182
67	183
92	183
62	184
174	184
181	185
202	185
37	186
82	186
115	186
69	187
77	187
79	187
92	187
107	187
167	187
173	187
181	187
247	187
248	187
277	187
32	188
72	188
86	188
110	188
143	188
157	188
160	188
187	188
189	188
190	188
239	188
302	188
103	189
144	189
291	189
292	189
57	190
117	190
151	190
288	190
208	191
214	191
232	191
233	191
237	191
112	192
173	192
63	193
179	193
305	193
229	194
112	195
160	195
164	195
265	195
42	196
57	196
58	196
80	196
149	196
267	196
37	197
76	197
107	197
140	197
201	197
205	198
283	198
53	199
82	199
194	199
199	199
289	199
291	199
67	200
77	200
90	200
187	200
221	200
302	200
62	201
86	201
178	201
184	201
191	201
224	201
230	201
280	201
287	201
151	202
115	203
32	204
77	204
45	205
72	205
112	205
199	205
101	206
275	206
55	207
132	207
224	207
87	208
95	208
159	208
211	208
214	208
40	209
42	209
51	209
82	210
112	210
232	210
37	211
95	211
300	211
92	212
107	212
149	212
160	212
232	212
301	213
67	215
107	215
132	215
213	216
62	217
102	217
129	217
217	217
219	217
224	217
33	219
47	219
116	219
297	219
102	220
42	221
97	221
114	221
231	221
59	222
62	222
224	222
226	222
292	223
277	224
157	225
202	225
300	225
206	226
231	227
66	228
249	228
57	229
59	229
107	229
254	229
295	230
105	231
285	234
34	235
282	235
65	236
155	236
244	238
116	239
249	239
65	241
145	241
190	241
298	241
65	242
113	242
153	242
193	242
298	242
75	244
274	244
145	245
153	245
70	246
115	247
182	248
239	248
273	248
70	249
65	250
68	250
214	250
244	250
63	251
112	251
189	251
277	251
292	252
35	253
189	253
298	253
212	254
76	255
189	255
72	257
213	260
141	261
192	261
288	261
69	262
72	262
231	262
275	262
297	262
234	264
238	264
211	266
239	266
294	266
67	267
141	267
212	268
289	268
178	269
194	269
226	269
38	270
229	271
296	272
209	273
282	273
219	274
179	275
196	275
198	275
235	276
223	277
278	278
239	279
279	279
153	280
166	280
285	281
270	283
280	283
39	284
186	284
137	285
191	285
269	286
280	286
144	287
153	287
166	287
284	288
287	288
64	290
129	290
209	290
192	291
262	291
137	292
229	292
250	292
143	293
192	293
283	293
144	294
264	294
266	294
47	295
62	295
150	295
185	295
202	295
211	295
233	295
252	295
128	296
166	296
200	296
273	296
175	297
192	297
211	297
233	297
245	297
279	298
175	299
190	299
204	299
268	299
136	300
144	300
185	300
236	300
246	300
46	301
181	301
200	301
204	301
150	302
166	302
212	302
191	304
204	306
134	307
181	308
182	308
202	309
219	309
174	310
251	310
238	311
269	311
279	312
221	313
245	314
252	314
278	314
174	315
183	315
187	315
204	315
206	315
241	315
139	318
241	318
248	318
167	319
198	319
143	320
149	320
100	321
242	321
247	321
283	321
207	322
210	322
181	324
236	324
98	325
188	325
199	325
272	325
47	326
136	326
138	326
143	326
149	326
165	326
167	326
169	326
149	327
198	327
249	327
264	327
188	329
182	330
169	331
198	331
203	331
165	332
168	332
178	332
135	333
53	334
149	334
151	334
156	334
190	334
282	334
178	335
212	335
213	335
257	335
184	336
203	337
205	337
177	338
275	338
156	339
158	339
231	339
258	339
276	339
197	340
250	340
104	341
152	341
151	342
207	342
92	343
185	343
187	343
178	344
231	344
253	344
169	346
197	346
282	346
89	347
103	347
152	347
236	347
264	349
271	349
188	350
105	351
109	351
133	351
146	351
254	351
256	351
80	352
84	352
89	352
152	352
158	352
184	352
188	352
235	352
236	352
