640
121	5
176	5
194	6
152	7
168	7
109	8
132	8
185	8
78	9
89	9
96	9
144	9
78	10
124	10
203	10
71	11
161	12
105	13
204	13
64	15
186	16
64	17
178	17
194	17
111	18
156	19
178	19
80	21
165	21
100	22
127	22
118	25
204	25
195	26
211	26
70	27
82	27
133	27
187	27
96	29
60	30
67	30
94	30
113	30
160	30
155	33
221	33
127	34
137	34
110	35
147	35
161	35
212	35
94	37
110	38
189	38
66	39
105	39
221	40
196	41
75	43
82	43
153	44
173	44
212	44
111	45
96	46
181	46
51	48
58	48
188	48
90	49
165	49
219	49
136	50
228	51
147	52
164	53
65	54
130	54
167	55
81	57
237	57
176	58
72	59
103	60
177	61
64	62
62	63
137	63
127	64
211	64
219	64
88	65
112	66
145	66
162	66
99	67
177	67
184	67
46	68
72	68
140	68
189	68
37	69
117	70
162	72
189	72
52	73
157	73
172	73
184	73
57	75
107	75
54	76
163	76
171	76
198	76
204	76
213	76
205	77
217	77
41	78
86	78
101	78
158	78
163	78
172	78
48	79
179	79
184	79
97	81
242	81
99	82
116	84
199	84
92	85
173	85
179	85
185	85
191	85
108	86
185	86
174	87
206	87
147	88
152	88
87	90
92	90
101	90
94	91
249	92
187	93
38	94
57	94
130	94
133	94
38	95
44	95
52	95
147	95
180	95
97	96
142	96
162	96
175	96
179	96
198	96
111	97
80	98
105	98
167	98
175	98
34	99
75	99
35	100
62	100
206	100
213	100
182	101
187	101
86	102
213	102
219	103
167	104
257	104
70	105
157	105
168	106
175	106
75	107
145	107
150	107
41	108
111	108
175	108
194	108
88	110
219	110
74	111
146	111
224	111
61	114
84	114
187	114
192	114
52	115
168	115
171	115
192	115
135	116
162	117
175	117
204	117
263	117
192	120
140	121
146	121
147	121
151	121
181	121
33	122
72	122
175	122
186	122
135	123
167	123
174	124
202	124
72	125
201	125
82	126
140	127
146	127
186	127
190	127
268	127
133	128
41	130
147	130
151	130
157	130
274	130
174	131
177	131
204	131
274	131
25	132
50	132
56	132
83	132
157	132
40	133
164	133
281	133
204	134
209	134
85	135
164	135
171	136
45	137
47	137
295	137
84	138
97	138
26	139
42	139
189	139
209	139
214	140
95	141
196	141
199	142
272	143
27	144
184	144
199	145
208	145
203	146
212	146
306	146
271	148
279	148
289	148
290	148
191	149
198	149
298	149
88	151
175	151
33	152
305	152
34	153
49	153
60	154
196	154
227	154
72	156
38	157
128	157
294	157
299	157
163	158
229	158
234	158
167	160
181	160
290	160
65	161
287	161
194	162
222	162
307	162
30	163
226	163
275	163
44	164
124	164
126	164
179	164
274	165
295	166
63	167
219	167
277	167
35	168
223	168
287	168
73	169
292	169
76	171
101	171
179	171
307	171
122	172
76	173
38	174
39	174
184	174
292	174
30	175
56	175
221	175
31	176
51	176
59	176
107	176
74	179
212	179
282	180
118	182
102	183
108	183
182	183
191	183
53	184
183	185
60	186
51	187
102	187
193	187
278	187
36	188
118	188
160	188
169	188
302	188
158	189
291	189
292	189
104	190
288	190
63	192
79	192
112	192
180	192
305	192
113	194
103	195
182	195
56	196
119	196
152	196
61	197
283	197
113	200
131	200
136	200
291	200
302	200
190	201
113	202
118	202
224	202
55	203
120	203
181	203
172	204
304	204
45	205
86	205
104	205
192	205
112	206
131	206
136	206
86	207
202	208
41	209
303	209
104	211
159	211
48	212
86	212
177	212
204	212
286	213
93	214
113	215
221	216
47	217
160	217
168	217
215	217
98	218
224	218
284	220
113	221
142	221
212	221
48	222
94	222
129	222
133	222
97	223
168	224
172	224
301	225
71	226
84	226
187	226
214	226
149	227
129	228
133	228
77	229
83	229
119	229
157	229
174	229
103	230
113	231
149	232
187	232
284	232
133	234
244	234
136	235
144	235
165	235
103	236
50	237
58	237
244	237
287	238
53	239
144	239
157	239
124	240
195	240
136	241
148	241
166	241
247	241
298	241
298	242
74	244
158	244
57	245
196	246
139	249
291	249
191	250
53	251
169	251
290	251
299	251
164	252
184	252
292	252
298	253
83	256
109	256
153	256
191	256
169	257
197	257
211	257
285	257
164	258
184	258
187	258
153	261
157	261
212	261
298	261
108	262
197	262
199	262
212	263
78	265
174	265
175	265
214	266
289	266
201	267
219	268
158	269
160	269
287	269
66	270
186	270
78	271
115	271
174	271
194	271
199	271
74	272
184	272
297	272
124	273
168	275
200	275
205	275
281	275
170	276
184	276
189	276
284	276
295	276
162	277
199	278
206	278
74	279
149	279
66	280
190	281
176	282
200	283
272	284
294	284
166	285
149	286
75	287
177	287
274	287
147	288
152	288
288	288
295	288
152	291
174	291
191	291
82	292
147	292
167	292
262	292
282	293
161	294
287	294
154	295
181	295
192	295
96	296
176	296
264	296
269	296
293	296
146	297
153	297
278	298
82	299
270	299
162	300
181	300
96	302
181	302
154	303
192	305
279	305
173	306
181	306
289	306
131	307
185	307
173	309
165	310
194	310
173	311
185	311
188	311
196	313
275	313
112	314
131	315
140	315
277	315
173	316
190	316
169	319
164	320
99	321
140	322
120	323
170	325
259	326
164	327
290	328
103	331
259	332
264	333
287	333
264	337
263	339
113	340
282	340
285	340
256	344
253	346
283	346
264	349
270	349
146	351
184	351
207	351
209	351
223	352
225	352
239	352
256	352
