679
86	4
130	4
113	5
136	5
96	6
125	6
86	7
79	8
66	10
73	13
130	15
128	18
59	20
60	20
142	20
69	24
63	28
176	30
156	36
193	42
40	48
103	48
105	50
39	51
88	51
45	52
90	53
35	55
73	56
200	56
75	59
35	61
47	61
37	66
38	69
133	70
204	70
130	72
163	73
130	74
140	75
172	75
36	77
197	77
162	81
202	81
22	82
175	82
208	83
40	84
130	84
141	87
38	88
149	88
31	89
174	89
43	90
142	90
110	95
200	97
195	99
225	100
43	101
47	101
111	101
115	103
51	108
60	108
110	109
113	109
143	113
24	115
42	115
227	116
60	117
128	117
31	118
36	118
61	119
151	119
233	120
52	122
44	123
53	124
32	129
65	129
103	129
38	130
201	130
53	131
194	131
46	132
52	135
194	135
46	136
55	136
187	136
36	138
103	139
179	141
173	142
182	144
187	144
157	145
231	145
151	147
36	148
43	148
32	149
36	149
174	149
169	151
184	152
190	152
40	153
43	153
50	154
163	157
169	157
206	158
191	159
199	159
207	159
213	159
41	160
67	160
163	160
170	160
184	160
42	161
90	161
159	161
167	161
178	161
35	162
74	162
232	162
239	162
194	165
249	165
178	166
131	167
208	168
215	168
28	169
48	169
50	169
55	169
117	169
40	171
64	171
82	171
169	171
224	171
230	171
165	172
179	172
194	172
71	174
50	176
156	176
56	177
167	177
170	177
64	178
71	178
127	178
152	178
185	178
190	178
216	178
223	178
109	180
192	180
34	181
108	181
80	183
168	183
173	183
174	183
179	183
28	184
59	184
87	184
152	184
259	184
147	186
42	187
52	187
163	187
181	187
185	187
217	187
189	188
197	188
202	188
204	188
209	188
35	189
36	189
66	189
147	190
163	190
51	191
58	191
159	191
141	192
46	193
47	193
181	193
217	193
31	194
58	194
60	194
65	194
175	194
176	194
189	194
184	195
210	195
78	196
102	196
212	196
217	196
52	197
66	197
72	197
73	197
169	197
198	197
42	198
132	200
192	200
198	200
232	200
241	200
61	201
65	201
110	201
179	201
184	201
212	201
218	201
73	202
78	202
128	202
133	202
219	203
225	203
37	205
42	205
69	205
162	205
185	205
192	205
155	206
158	206
187	206
61	207
206	207
55	208
173	208
194	208
197	208
212	208
219	208
103	209
151	209
207	209
212	209
226	209
221	210
33	211
180	211
232	211
165	212
174	212
187	212
189	212
194	212
195	212
183	213
161	214
267	214
112	215
189	216
195	216
214	216
221	216
287	216
114	218
168	218
174	218
189	218
203	218
206	218
183	219
211	219
213	219
227	219
57	220
296	220
51	221
65	221
71	221
154	221
190	221
196	221
285	221
148	222
156	222
162	222
183	222
185	222
191	222
51	223
65	223
87	223
101	223
107	223
113	223
168	223
177	223
216	223
220	223
240	223
60	224
163	224
247	224
47	225
66	226
113	226
177	226
197	226
199	226
211	226
222	226
226	226
227	226
61	227
82	227
87	227
107	227
114	227
156	227
159	227
163	227
172	227
67	228
102	228
152	228
205	228
211	228
282	228
53	229
282	229
49	230
61	230
186	230
114	231
180	231
190	231
191	231
75	232
102	232
105	232
222	232
226	232
69	233
70	233
34	234
57	234
61	234
64	234
165	234
227	234
276	234
97	235
77	236
123	236
169	236
80	237
81	237
97	237
153	237
155	237
205	237
227	237
72	238
117	238
169	238
190	238
287	238
146	239
247	239
254	239
52	240
54	240
57	240
212	240
217	240
47	241
93	241
162	242
239	242
72	243
157	243
175	243
220	243
226	243
246	243
66	244
168	244
190	244
192	244
207	244
164	245
167	245
178	245
182	245
183	246
190	246
60	247
66	247
85	247
150	247
157	247
159	247
164	247
62	248
226	248
40	249
85	249
90	250
220	250
226	250
44	252
165	252
207	252
210	252
160	253
172	253
202	253
294	253
167	254
296	254
232	255
98	256
173	256
178	256
179	256
181	256
190	256
237	256
239	256
244	256
95	257
160	257
167	257
202	257
48	258
87	258
198	258
127	259
129	259
193	259
295	259
87	260
160	260
168	260
226	260
231	260
82	261
214	261
121	262
152	262
153	262
179	263
252	263
82	264
102	264
193	264
259	264
163	265
231	265
237	265
295	265
79	266
96	266
237	266
242	266
288	266
152	267
212	267
219	267
222	267
96	268
159	268
163	268
204	268
219	268
91	269
94	269
197	269
222	269
202	270
204	270
79	271
85	271
87	271
229	271
242	271
249	271
38	272
208	272
76	273
107	273
177	273
184	273
218	273
222	273
229	273
117	274
216	274
104	275
164	275
113	276
159	276
222	276
197	277
227	277
229	277
152	278
286	279
41	280
208	280
196	281
176	282
214	282
216	282
182	284
184	284
188	284
295	284
233	285
205	286
207	286
239	286
214	287
294	287
212	288
218	289
111	290
247	290
110	291
199	291
204	291
231	291
254	291
218	294
239	294
204	295
244	295
188	296
113	297
118	297
194	297
209	297
227	298
159	299
244	299
75	300
216	300
73	301
112	301
227	301
289	301
220	302
233	302
247	302
252	302
42	303
209	303
212	303
95	304
101	305
212	305
159	307
199	307
218	307
220	307
93	308
95	308
100	309
203	309
222	309
242	309
245	309
212	311
241	311
250	311
77	312
217	312
74	313
100	313
204	313
214	313
242	313
44	314
220	314
249	314
45	315
229	315
98	316
234	316
284	317
212	319
249	320
291	320
133	321
216	321
254	321
132	326
161	326
236	331
289	332
115	333
143	333
162	333
240	333
131	335
113	337
135	337
55	338
142	338
239	338
230	340
244	340
135	342
233	342
136	343
252	343
247	344
140	346
145	348
62	349
135	349
170	349
139	350
74	351
97	351
160	351
188	351
202	351
242	351
244	351
246	351
250	351
62	352
65	352
78	352
87	352
89	352
108	352
114	352
122	352
125	352
140	352
143	352
198	352
204	352
207	352
227	352
234	352
236	352
259	352
266	352
268	352
279	352
