477
127	15
118	17
113	26
135	26
164	27
134	28
154	30
185	33
177	35
195	36
111	37
112	38
113	42
90	47
182	47
192	47
202	47
201	48
116	49
117	56
215	56
185	57
89	58
193	58
201	58
93	59
127	59
101	62
103	62
171	62
83	63
83	64
220	64
197	67
211	67
169	69
92	70
104	70
156	71
83	73
179	73
191	74
245	74
76	75
94	75
162	75
150	76
102	78
168	78
162	79
190	79
158	82
162	82
236	83
193	85
245	85
86	89
131	90
201	91
155	92
88	95
201	96
154	97
181	98
196	99
234	99
243	100
171	101
87	102
104	102
80	103
182	103
126	104
83	106
98	107
102	107
120	107
130	107
119	108
236	108
245	111
267	111
156	113
238	113
244	113
184	114
268	114
96	115
79	116
96	116
79	118
262	119
194	120
273	121
78	122
84	122
104	122
106	122
189	122
262	122
96	124
234	124
239	124
88	125
137	125
77	127
114	128
115	130
250	132
263	133
157	135
204	135
212	135
112	136
178	136
149	137
168	137
188	137
258	138
280	138
251	139
215	142
229	142
287	142
295	142
60	143
61	143
155	143
199	143
258	143
298	143
276	145
258	148
75	149
150	149
170	149
174	149
270	149
276	149
291	149
67	150
246	150
259	150
269	150
57	151
164	151
218	151
226	151
281	151
159	152
177	153
239	153
246	153
253	153
271	154
203	155
67	156
234	156
286	156
52	159
254	159
51	160
101	160
153	160
276	160
77	161
129	161
268	161
294	161
83	162
104	162
141	162
148	162
45	163
160	163
164	163
242	163
58	164
235	164
69	165
183	165
304	165
132	166
179	166
68	167
166	167
53	168
142	168
237	168
248	168
253	169
96	170
229	170
224	171
285	171
301	171
305	171
84	172
89	172
169	172
175	172
253	172
255	172
279	172
168	173
249	173
267	173
238	174
259	174
56	176
83	176
208	176
237	176
202	177
232	177
299	177
75	178
162	178
238	178
303	178
103	179
113	179
119	179
187	179
244	179
255	179
298	179
117	180
162	180
269	180
272	180
99	181
109	181
218	181
82	182
147	182
158	182
172	182
212	182
93	183
165	183
178	183
280	183
142	184
174	184
244	184
284	184
296	184
251	185
60	186
180	187
219	187
88	188
168	188
214	188
52	189
59	189
180	189
273	189
280	189
152	191
230	191
237	191
147	192
288	192
294	192
292	193
101	194
90	195
187	195
234	195
253	195
208	196
214	196
96	197
267	198
56	199
205	199
208	199
234	199
241	199
245	199
272	199
280	199
302	199
175	200
187	200
230	200
131	201
168	201
211	201
246	201
252	201
86	202
158	202
273	202
291	202
301	202
64	203
225	203
302	203
231	204
236	204
295	204
239	205
259	205
265	205
152	207
207	207
54	208
213	208
78	209
137	209
147	209
245	209
251	209
259	209
264	209
273	210
285	211
251	213
264	213
270	213
272	213
117	214
245	214
139	215
68	217
112	217
128	217
245	217
252	217
254	218
300	218
123	219
70	220
77	220
285	220
54	221
147	221
208	221
142	222
227	222
71	223
290	223
112	224
302	225
80	226
205	226
67	227
104	227
269	229
136	230
227	230
139	231
269	231
130	232
263	232
299	232
157	236
143	237
162	238
263	238
155	239
91	240
205	240
222	240
236	241
69	242
297	242
54	244
91	244
166	244
264	244
278	244
286	244
292	245
212	246
267	246
58	250
244	250
117	251
259	251
273	251
292	251
263	252
112	255
228	255
197	258
261	258
195	264
239	264
255	264
274	265
282	265
85	268
242	268
195	269
270	270
288	270
295	272
276	273
292	273
241	274
195	275
94	278
205	281
85	282
198	283
100	284
295	285
259	286
112	287
206	288
209	288
251	289
282	290
263	293
96	294
101	294
284	294
264	298
292	300
206	301
192	303
289	305
218	306
200	307
96	312
246	313
224	314
236	314
224	315
88	316
269	317
89	318
205	319
287	319
224	320
286	320
288	320
236	321
91	322
92	322
99	322
223	322
261	325
205	327
268	327
243	329
140	331
284	331
137	332
243	336
288	342
119	343
105	344
279	344
110	345
247	345
109	346
115	347
115	350
110	351
114	351
128	351
153	351
168	351
170	351
174	351
212	351
247	351
271	351
120	352
191	352
246	352
249	352
