648
114	75
99	76
115	76
134	76
145	76
77	78
155	78
154	79
164	79
68	81
163	81
123	82
143	85
67	86
89	86
154	86
58	87
179	89
63	92
188	93
83	95
198	98
175	100
101	101
73	102
185	103
98	108
197	108
62	109
71	109
87	109
157	112
150	114
199	116
188	119
46	120
55	120
180	120
33	121
208	122
42	127
88	127
24	130
75	130
215	132
173	133
177	133
71	134
88	134
95	134
37	135
83	136
93	136
42	137
137	137
24	139
131	139
33	140
100	140
96	142
51	143
46	145
197	145
202	146
166	148
184	148
225	148
159	149
169	150
46	151
26	152
134	152
109	153
128	153
151	153
159	153
205	153
41	154
90	154
94	154
102	154
145	154
152	154
213	154
169	156
152	157
33	158
84	158
147	158
72	160
184	160
65	161
73	163
84	163
105	163
107	163
111	163
28	164
76	164
84	164
100	164
103	164
120	164
179	164
67	165
115	165
197	165
94	166
141	167
147	167
67	169
107	169
115	169
197	169
132	170
231	170
60	171
100	171
103	171
110	171
126	171
162	171
179	171
190	171
192	171
76	172
162	172
70	173
141	173
149	173
157	173
91	174
117	174
133	174
134	174
142	174
157	175
86	176
87	176
112	176
127	177
152	177
70	178
80	178
142	178
127	179
137	179
65	180
102	180
121	180
160	180
192	180
80	181
95	181
179	181
190	181
199	181
112	182
152	182
72	183
74	183
88	183
106	184
145	184
238	184
29	186
35	186
81	186
82	186
93	186
69	187
76	187
90	187
91	187
114	187
139	187
145	187
116	188
122	188
160	188
166	188
30	189
106	189
107	189
173	189
85	190
199	190
204	190
207	190
101	191
139	191
140	191
146	191
76	192
132	192
173	192
70	193
155	193
92	195
78	196
117	196
125	196
126	196
132	196
173	196
51	197
86	197
119	197
70	198
97	198
101	198
110	198
155	198
167	198
171	198
197	198
203	198
204	198
45	199
62	199
136	199
140	199
150	199
210	199
217	199
82	200
86	200
243	200
56	201
70	201
126	201
142	201
150	201
222	201
67	202
121	202
210	202
110	203
142	203
188	203
137	204
35	205
98	205
128	205
75	206
92	206
151	206
157	206
158	206
201	206
82	207
123	207
188	207
190	207
67	208
77	208
78	208
143	208
47	209
60	209
71	209
92	209
137	209
102	210
72	211
85	211
112	211
43	212
96	212
137	212
203	212
123	213
131	213
151	213
158	213
182	213
240	213
107	214
151	214
203	214
60	215
117	215
159	215
195	215
82	216
84	216
202	216
56	217
128	217
131	217
140	217
252	218
179	219
97	221
117	221
159	221
79	222
82	222
135	222
138	222
209	222
226	222
90	223
112	223
128	223
147	223
215	223
232	223
45	224
34	225
122	225
142	225
187	225
193	225
202	225
57	226
87	226
90	226
132	226
207	226
40	227
193	227
232	227
235	227
53	229
80	229
151	229
132	230
159	230
173	230
207	230
214	230
86	231
146	231
193	231
62	232
165	232
65	233
67	233
72	234
128	234
199	234
70	235
181	235
182	235
205	236
207	236
222	236
229	236
87	237
191	237
212	237
57	238
107	238
229	238
81	239
65	240
102	240
191	240
199	240
204	240
205	240
252	240
197	241
211	241
90	242
140	242
172	242
181	242
189	242
204	243
60	244
81	244
122	244
179	244
210	244
77	245
86	245
102	245
133	245
136	245
96	247
116	247
127	248
77	249
189	249
197	249
201	249
152	250
179	250
191	250
210	250
218	250
73	251
156	251
201	251
205	251
105	252
183	252
216	252
224	252
36	254
207	254
82	255
98	255
100	255
214	256
77	257
152	257
156	257
191	257
92	258
150	258
183	258
192	259
92	260
100	260
163	260
198	260
214	261
85	262
87	262
97	262
219	262
253	262
81	263
198	263
204	265
206	265
87	266
209	266
156	267
163	267
84	268
40	271
147	271
196	271
197	271
91	273
164	273
209	273
85	274
88	274
101	274
156	274
157	274
214	274
255	275
77	276
80	276
97	276
146	277
71	278
105	280
173	280
204	280
158	283
208	283
62	284
72	284
90	284
100	284
162	284
166	284
87	286
100	286
56	287
67	287
173	287
44	288
96	288
56	290
259	291
161	292
178	292
181	292
192	293
166	294
177	294
119	295
124	296
181	296
100	297
187	297
194	297
45	299
97	299
117	299
214	299
173	300
136	301
166	301
189	301
218	303
45	304
67	305
140	305
135	306
100	307
136	307
180	307
182	307
112	308
146	308
60	309
63	309
90	309
175	309
257	309
52	311
97	311
158	311
167	311
190	311
56	312
88	312
110	312
182	312
117	313
136	313
139	314
45	315
175	315
181	315
115	316
158	316
191	316
167	317
163	318
45	319
189	320
102	321
133	321
138	321
182	321
202	321
118	322
144	323
252	324
99	325
146	325
63	326
109	326
132	326
150	326
165	326
171	326
190	326
115	327
157	327
162	327
203	327
55	328
185	329
248	329
55	330
117	330
172	331
177	331
77	332
107	332
139	332
145	332
47	333
50	333
122	333
150	333
156	333
162	333
171	333
74	334
152	334
242	334
196	335
61	336
95	336
186	336
187	336
115	337
130	337
177	337
182	337
243	337
138	338
171	339
84	340
119	340
138	340
159	340
167	340
206	340
234	340
52	341
151	341
152	341
50	342
61	342
92	342
105	342
67	343
79	343
83	343
183	343
186	343
196	343
257	343
63	344
130	344
236	344
251	344
256	344
209	345
94	346
155	346
160	346
177	346
50	347
138	347
165	347
168	347
63	348
76	348
186	348
102	349
114	349
208	350
223	350
55	351
57	351
64	351
76	351
93	351
142	351
178	351
182	351
186	351
204	351
222	351
242	351
102	352
103	352
119	352
120	352
151	352
155	352
165	352
227	352
229	352
