610
85	19
92	26
112	27
65	29
104	30
75	31
65	38
58	39
73	39
121	39
49	42
83	52
77	53
121	55
48	56
78	56
86	56
96	60
120	61
149	62
170	62
182	63
75	64
86	64
159	64
134	66
95	67
133	67
190	67
192	67
119	68
51	69
59	69
135	69
42	72
185	73
190	73
30	76
135	76
186	76
30	77
198	78
199	80
30	82
102	82
107	82
116	82
22	85
23	85
31	86
37	86
78	86
107	86
194	86
71	87
102	87
114	87
47	88
53	88
109	88
119	88
144	88
138	90
204	90
25	91
38	93
80	93
87	93
137	93
47	94
109	94
117	94
31	95
32	95
62	95
149	95
42	96
57	96
154	96
142	97
22	100
101	100
108	100
52	101
57	101
207	101
42	102
35	103
210	103
82	105
84	105
95	105
100	105
171	106
89	107
93	107
100	107
107	107
206	108
53	110
67	110
107	110
115	110
27	111
62	111
64	111
93	111
49	112
90	112
57	113
82	113
84	115
89	115
94	116
100	117
107	117
115	117
94	118
99	118
60	119
120	119
121	119
212	119
107	120
115	120
165	120
167	120
111	121
120	121
127	121
34	126
90	126
25	127
97	127
127	127
30	128
108	128
111	128
133	128
161	129
116	130
174	130
216	131
180	132
204	134
116	135
220	136
221	136
122	137
125	137
140	137
209	137
115	139
146	139
120	140
130	141
83	142
104	142
137	142
179	142
199	142
110	143
182	144
27	145
119	146
220	146
110	147
125	147
127	147
201	147
205	147
121	148
83	149
75	151
91	151
152	153
62	154
75	154
127	155
157	155
199	155
130	156
203	156
80	157
92	157
72	158
59	159
28	160
123	160
92	161
127	162
177	162
212	162
80	163
179	163
117	167
179	171
184	172
59	173
111	173
121	173
94	174
124	176
33	177
98	177
102	177
56	180
75	180
143	180
29	181
31	181
184	181
78	182
189	182
103	183
147	183
56	184
98	184
108	184
121	184
130	184
56	186
108	186
113	186
222	186
74	187
52	188
76	188
121	188
132	188
181	188
33	189
182	189
197	189
30	191
38	191
121	191
31	192
62	192
116	192
132	192
203	192
135	195
32	196
36	196
54	196
123	196
62	197
70	197
53	199
105	199
66	200
78	200
133	200
53	201
120	201
224	201
42	203
91	204
93	204
51	205
66	205
122	205
60	206
68	206
135	206
76	207
122	207
41	208
91	208
42	210
57	211
60	211
114	211
68	212
107	212
124	213
182	214
185	214
35	215
189	215
57	216
91	216
96	216
102	216
35	217
40	217
71	217
116	217
166	217
225	217
169	220
43	221
234	221
71	222
72	222
96	222
104	222
106	222
132	222
131	223
124	224
50	225
94	225
84	226
106	226
111	227
136	227
141	227
41	228
58	228
84	228
94	229
165	229
64	230
72	230
94	230
131	230
184	230
124	231
237	231
50	232
84	232
167	232
112	233
117	233
143	233
187	233
237	234
34	235
56	235
94	235
124	235
159	235
85	236
91	236
96	236
64	237
166	237
41	239
66	239
102	239
107	239
118	239
122	239
69	240
83	241
117	241
167	241
207	242
86	243
91	243
95	243
215	243
99	244
194	244
55	245
217	245
65	246
38	247
40	247
117	249
121	249
198	249
202	249
223	249
43	250
217	250
238	250
52	251
65	251
86	251
99	251
219	252
86	253
100	254
108	254
129	254
132	254
204	254
57	255
37	256
43	256
86	256
149	256
167	256
123	257
181	257
85	258
108	259
120	260
135	261
140	261
190	261
151	262
169	262
174	262
184	262
229	262
222	263
62	265
210	265
39	266
71	266
85	266
193	266
228	266
123	267
143	267
98	268
176	268
213	269
54	270
117	270
120	270
193	270
98	271
102	271
112	271
54	272
61	272
62	272
213	273
69	274
189	274
196	274
120	275
134	275
224	276
41	277
191	277
216	277
90	278
92	278
44	279
54	279
76	279
120	279
69	280
59	281
61	281
106	281
112	281
134	281
137	281
89	282
95	282
67	283
69	283
101	283
190	283
203	283
226	284
43	286
121	286
155	286
194	286
206	287
112	288
115	288
52	289
89	290
103	290
137	290
145	290
95	291
166	291
194	291
62	292
67	292
74	292
77	292
180	292
135	293
204	293
155	294
160	294
44	295
52	296
71	296
126	296
168	296
187	296
197	296
115	297
146	297
181	297
207	297
228	297
57	298
57	299
61	299
135	300
146	300
161	300
225	300
71	301
77	301
80	301
110	301
218	301
127	302
133	302
190	302
207	302
71	303
110	304
214	304
158	305
56	307
147	307
174	307
204	307
117	308
119	308
186	308
170	309
106	310
124	310
132	310
147	310
70	311
42	312
81	312
159	312
176	312
132	313
136	313
208	313
187	314
106	315
116	315
125	315
132	315
172	315
190	315
147	317
147	318
106	320
138	320
140	320
147	320
168	320
60	321
190	321
134	322
136	322
91	323
180	323
116	324
118	324
111	325
194	325
52	326
127	326
141	326
152	326
158	326
171	326
173	326
181	326
209	326
137	328
141	328
111	330
134	331
176	331
127	332
130	332
143	332
160	332
92	333
94	333
127	334
56	335
122	335
134	336
141	336
111	337
157	337
171	338
128	340
130	340
182	340
142	341
158	341
164	341
123	342
96	343
100	343
172	343
134	345
184	345
65	346
157	346
186	346
131	347
166	347
172	347
131	349
101	351
127	351
158	351
165	351
166	351
174	351
186	351
114	352
144	352
148	352
