297
202	31
220	32
226	33
194	38
195	38
258	38
186	39
187	39
200	41
268	41
269	43
176	45
185	46
203	47
168	50
218	56
219	57
280	57
152	58
278	58
154	60
133	61
280	63
143	66
285	66
127	71
280	71
120	78
280	78
289	78
131	81
293	86
101	92
183	93
281	93
179	94
275	101
295	101
192	104
297	107
287	108
311	108
195	109
142	110
92	114
300	114
195	116
137	120
301	120
91	121
142	121
269	121
298	121
97	122
136	127
264	127
279	127
311	130
287	136
112	137
280	137
273	139
280	139
79	140
294	141
177	142
267	143
280	143
305	145
183	147
297	148
282	150
286	150
271	153
272	153
271	154
263	155
277	155
279	155
73	157
75	157
74	158
263	160
294	160
287	161
152	162
267	162
272	162
80	163
248	163
282	163
304	163
181	164
238	164
72	165
307	165
249	166
256	166
277	166
272	167
277	167
292	167
179	169
289	171
307	171
238	173
257	173
259	173
66	174
249	174
251	174
272	180
276	180
277	181
295	182
259	184
261	184
270	184
277	186
294	186
270	187
276	187
282	187
95	188
264	188
269	188
90	189
180	189
50	190
61	190
184	190
302	192
257	193
269	193
274	193
122	195
262	195
264	195
116	196
249	197
254	197
287	198
281	199
285	199
62	200
54	201
302	201
285	204
149	205
291	207
136	208
301	211
174	212
267	212
273	212
259	213
100	214
193	215
264	215
157	218
168	218
174	218
247	218
296	218
254	220
288	220
147	221
142	222
50	223
45	224
302	224
56	226
284	227
261	228
151	229
242	229
49	230
239	230
249	230
265	230
49	231
148	231
274	231
51	235
157	236
172	237
102	238
270	238
154	239
97	240
261	243
51	244
116	244
264	244
280	246
157	247
229	248
258	248
102	249
154	249
194	252
232	252
153	254
207	255
51	257
54	258
187	258
196	262
58	264
269	265
54	271
271	271
137	272
262	273
170	274
136	275
92	277
167	277
274	277
81	280
146	281
53	282
252	282
78	283
161	283
168	283
254	284
78	285
155	285
214	285
234	286
162	288
273	288
167	289
215	291
235	291
259	291
153	292
257	292
153	293
54	294
243	294
166	298
280	298
46	299
176	300
216	300
149	303
162	304
224	304
176	305
217	306
217	307
277	309
224	310
152	311
209	311
217	312
160	313
212	314
152	315
193	315
255	315
54	316
159	317
162	319
212	320
221	321
256	321
260	321
193	322
111	325
222	327
261	327
53	328
102	329
238	331
267	334
221	336
238	337
210	338
222	342
57	343
210	344
257	346
148	350
80	351
84	351
102	351
108	351
220	351
227	351
249	351
65	352
67	352
118	352
244	352
