284
255	24
261	27
216	31
188	36
185	38
178	42
294	47
155	53
142	57
299	60
210	63
187	67
201	73
300	73
126	74
157	74
187	75
164	81
174	83
220	87
117	90
308	93
122	96
163	98
112	102
304	106
297	108
304	108
131	110
124	111
312	111
137	113
292	114
107	115
301	118
292	119
284	122
288	122
297	124
301	124
295	125
296	125
275	127
283	127
178	128
288	128
168	130
177	130
283	131
288	131
298	132
307	133
275	135
306	136
310	136
298	137
306	137
275	138
283	138
147	140
139	141
292	141
297	141
100	143
283	143
288	143
177	145
186	146
275	146
283	146
274	147
267	148
270	148
305	149
285	150
290	151
297	151
310	151
139	153
278	153
148	154
149	154
157	154
284	154
297	154
97	157
278	157
283	157
303	157
290	158
122	159
117	160
277	160
283	160
286	160
282	161
288	163
259	164
177	165
268	165
274	165
306	166
288	167
202	168
263	168
299	168
209	169
177	171
299	171
304	172
95	173
134	173
273	173
279	173
127	174
78	175
152	176
287	176
120	177
127	177
147	177
294	177
84	178
85	178
122	178
92	179
115	179
192	179
200	179
77	181
129	181
164	181
169	181
208	181
278	181
124	182
284	183
80	186
214	186
87	187
117	187
181	187
184	187
92	188
111	188
130	188
292	189
300	189
172	191
297	191
169	192
176	192
181	192
187	195
289	196
294	197
113	198
280	198
288	199
110	200
285	200
267	201
292	201
294	201
299	201
179	202
177	203
299	203
199	208
122	210
303	210
117	212
172	212
301	212
144	213
289	213
292	213
170	216
84	217
236	217
292	218
287	219
298	219
130	220
239	222
221	223
181	225
302	226
150	228
200	228
221	228
235	231
91	233
199	234
222	234
296	238
154	239
298	241
164	242
116	244
193	244
162	245
92	246
102	246
294	247
99	249
172	251
231	251
299	251
224	252
180	254
199	254
296	255
93	256
161	256
231	256
242	256
225	258
243	261
159	262
180	262
285	263
295	264
109	266
181	266
269	267
286	267
96	269
195	269
180	273
163	275
195	275
167	276
94	278
179	279
236	279
246	280
295	280
163	281
235	281
275	281
294	281
182	283
295	283
239	284
139	285
182	285
205	285
216	285
283	286
276	287
186	288
93	289
239	290
292	290
284	291
138	292
216	292
205	293
139	294
294	297
130	300
139	300
265	301
164	302
293	305
98	306
164	306
265	306
130	307
95	314
288	325
164	326
98	329
163	330
289	332
165	337
118	339
285	349
112	351
242	351
267	351
270	351
228	352
