304
171	69
170	71
128	73
129	73
225	73
226	73
161	74
177	74
140	77
218	80
161	82
198	82
206	83
127	86
209	87
220	88
229	89
229	90
108	92
142	94
200	94
139	95
152	97
197	97
199	97
206	97
214	97
234	97
223	103
226	103
187	104
197	104
104	107
189	107
195	107
196	109
229	109
246	109
224	110
226	110
231	110
89	112
219	112
90	117
203	117
238	118
240	118
244	118
215	119
229	119
232	119
224	121
249	123
253	123
232	127
227	128
83	129
242	131
249	131
202	134
209	134
219	135
221	135
262	135
216	136
229	137
234	137
268	141
223	142
229	142
235	142
199	144
224	145
229	145
275	145
202	146
209	146
258	146
121	151
266	151
232	153
286	154
58	158
292	158
44	160
76	161
272	161
180	164
184	164
39	166
38	167
289	167
73	168
76	168
248	169
254	169
263	169
269	169
53	170
63	170
178	171
287	172
305	172
184	173
42	178
58	178
70	178
51	179
286	179
247	181
253	181
48	182
253	182
259	182
302	182
254	183
292	183
182	187
284	187
190	188
57	189
33	190
258	191
220	192
252	192
264	192
158	193
171	193
282	193
69	195
238	195
244	196
251	197
244	198
256	198
293	199
47	202
55	202
56	205
62	205
290	205
65	206
71	206
262	206
267	207
300	207
303	208
44	209
118	210
285	210
70	211
126	211
140	211
261	211
265	213
74	216
45	217
132	217
282	217
259	218
262	218
263	219
155	220
130	221
138	222
86	223
59	226
65	226
136	226
187	226
260	228
60	232
287	232
136	233
184	233
197	233
295	234
299	234
141	236
249	236
289	236
292	236
177	237
252	237
144	238
65	240
275	242
279	244
263	245
299	245
117	246
129	246
250	246
255	247
106	249
248	249
60	251
137	251
200	251
297	252
95	253
146	253
243	253
154	254
158	254
195	254
290	254
137	256
167	256
220	256
122	258
65	260
112	260
129	261
157	261
158	261
137	264
192	264
121	265
205	266
129	267
143	267
185	267
227	268
137	269
157	269
143	270
167	271
277	271
221	272
222	272
290	273
71	276
215	277
134	278
214	278
292	278
142	279
155	279
281	279
283	280
170	281
164	282
93	283
160	283
294	285
75	286
282	287
167	288
152	289
281	290
73	291
88	292
225	294
144	295
251	295
284	295
286	295
156	296
166	297
237	297
293	298
166	299
253	299
226	300
238	301
172	305
83	306
284	307
292	307
81	313
287	314
163	316
153	319
146	321
278	322
84	323
280	326
146	327
117	329
127	329
278	329
242	332
288	332
287	334
91	335
244	337
289	337
162	342
289	342
240	343
94	347
123	348
241	350
242	350
176	351
203	351
260	351
283	351
149	352
155	352
199	352
219	352
237	352
