297
252	35
239	37
269	37
275	47
289	56
279	57
207	63
290	66
223	67
291	67
212	69
271	71
260	72
302	74
194	76
285	78
308	78
236	79
264	79
211	81
277	81
180	82
189	83
205	90
276	90
308	90
173	91
249	91
182	92
244	95
300	95
170	96
312	96
169	97
199	98
293	98
311	102
173	104
165	105
165	107
174	109
299	109
197	111
191	112
292	112
162	116
303	116
152	118
273	119
143	120
151	120
158	121
195	121
185	124
192	129
199	132
310	135
204	137
142	148
126	150
118	151
125	156
163	161
132	162
170	162
297	162
125	163
139	163
304	163
302	164
116	165
103	166
140	166
153	168
155	168
159	168
90	169
111	169
78	170
178	170
118	171
147	171
152	175
252	175
101	177
307	177
180	178
94	180
73	181
145	181
189	181
247	185
62	187
107	187
151	187
157	187
164	187
169	187
33	188
117	188
124	188
144	188
162	188
180	188
46	189
86	189
41	190
180	190
57	192
301	192
304	193
104	195
41	196
32	201
174	202
212	203
101	204
100	205
303	205
68	206
37	207
178	210
67	211
100	213
42	214
73	215
81	215
82	216
92	216
102	219
110	219
102	222
82	223
93	223
302	225
46	229
56	231
96	231
80	232
87	233
133	235
96	239
71	240
87	240
89	240
282	240
274	241
286	241
108	242
114	242
279	242
291	242
124	245
286	245
300	245
279	246
289	246
117	249
80	250
99	250
108	250
73	251
125	252
102	253
281	255
90	256
94	256
73	257
80	257
280	257
117	258
272	258
282	258
106	261
277	261
281	262
297	262
98	263
225	263
122	264
83	265
275	265
71	266
252	266
77	267
277	267
97	271
102	271
254	271
256	271
225	272
111	273
159	273
215	273
226	273
87	274
165	274
236	274
294	274
97	275
216	275
90	276
123	276
239	276
148	278
103	279
105	279
156	280
81	281
93	282
73	283
88	284
211	285
276	286
81	287
135	287
292	289
282	290
81	291
144	291
97	292
244	292
274	292
287	292
152	294
246	294
268	294
277	294
153	296
86	298
190	301
82	302
141	302
125	303
148	304
179	305
161	306
293	308
135	310
87	311
76	312
88	313
161	313
97	314
82	319
113	319
143	319
73	321
79	321
104	321
232	322
289	323
117	325
100	326
234	326
237	326
81	328
223	329
244	329
287	329
238	330
79	331
73	332
224	332
118	334
81	335
224	335
214	336
216	337
133	338
226	338
229	338
142	339
286	339
226	341
216	342
231	342
123	344
227	345
132	346
257	346
82	347
236	348
90	351
202	351
240	351
243	351
81	352
101	352
118	352
195	352
217	352
220	352
232	352
233	352
257	352
273	352
