240
246	23
234	26
254	29
280	30
288	39
212	44
300	46
305	54
317	58
184	61
185	61
311	62
239	63
263	63
291	64
310	64
180	66
302	66
165	75
275	77
299	77
297	79
315	79
278	80
292	82
315	85
152	86
300	86
314	99
156	100
197	100
201	101
139	104
295	104
193	106
146	107
218	107
153	108
196	108
215	113
313	113
144	114
202	121
201	126
174	130
179	132
165	133
198	133
204	134
133	135
311	137
132	141
163	141
156	142
163	142
179	143
183	144
162	147
132	150
155	151
161	154
131	155
263	157
269	158
121	160
308	160
160	161
270	161
181	162
113	163
146	163
153	163
105	164
105	165
159	165
164	166
173	166
153	167
266	167
147	171
172	171
105	175
180	176
147	177
187	178
307	179
232	182
234	183
105	187
193	188
110	189
179	189
179	191
101	192
227	193
193	195
94	197
88	200
93	200
103	200
228	200
232	201
304	204
96	206
102	207
300	212
98	213
301	213
96	216
302	220
90	224
141	226
152	227
296	231
85	233
101	233
128	235
80	241
132	241
102	242
103	244
108	245
297	245
122	246
90	250
85	251
170	251
245	251
124	253
292	253
81	256
85	256
169	256
238	256
240	257
127	258
268	258
128	260
227	260
298	261
226	262
132	264
141	264
261	264
122	265
264	266
229	267
112	268
116	271
293	271
111	272
151	273
289	273
86	275
159	276
113	277
110	279
115	281
83	282
280	283
104	284
187	285
292	285
166	286
109	288
166	291
187	292
244	292
80	294
245	296
71	297
237	297
171	300
294	300
105	301
239	301
149	302
155	304
158	306
290	306
119	307
170	307
247	307
113	311
157	311
249	311
252	311
75	312
254	314
259	314
164	319
132	321
238	321
73	322
227	322
255	323
229	324
291	324
148	325
156	326
256	326
256	329
230	330
241	330
74	332
258	333
270	334
250	335
290	336
254	337
267	337
272	339
254	341
269	341
272	341
74	342
258	342
272	344
259	345
265	345
252	346
277	347
259	348
266	348
254	350
288	350
118	351
199	351
225	351
242	351
287	351
123	352
185	352
221	352
239	352
264	352
266	352
267	352
274	352
275	352
