279
273	34
276	40
252	41
284	42
295	45
234	48
294	55
220	56
305	56
304	57
316	58
302	62
204	69
306	69
191	76
313	78
180	84
187	88
171	94
187	94
178	97
196	99
202	99
314	101
194	106
197	106
169	108
177	108
162	113
168	113
162	114
200	114
309	116
199	120
156	121
162	121
166	121
198	124
147	129
167	129
182	130
174	131
219	131
224	131
167	135
182	135
298	135
304	137
141	140
224	140
141	141
229	141
209	142
214	142
200	143
310	144
200	145
207	146
141	147
195	147
214	149
219	150
183	151
190	151
207	152
219	157
224	158
130	161
142	162
149	162
186	163
267	165
138	167
174	167
177	167
274	167
223	169
274	172
279	172
223	173
267	173
307	174
141	175
262	175
261	177
214	180
134	181
208	181
217	181
222	181
262	181
268	182
254	185
257	186
245	187
133	188
249	188
124	189
182	192
176	193
301	193
120	203
178	207
189	207
138	208
245	211
299	211
249	212
303	214
138	215
118	218
118	219
302	219
144	221
162	221
158	222
161	222
136	223
121	225
164	228
159	229
155	230
301	231
282	232
143	236
275	237
296	237
118	238
277	238
154	239
146	240
167	241
269	242
261	243
267	243
161	244
261	244
271	244
121	245
162	246
180	246
242	246
268	247
296	248
111	250
220	250
262	250
144	251
147	251
166	251
186	251
243	251
249	251
103	252
106	252
291	252
190	255
293	255
138	256
220	256
249	256
287	257
189	259
289	260
298	261
196	262
198	264
107	266
141	267
197	269
101	270
101	271
198	271
138	272
281	272
297	272
146	273
282	275
197	276
103	278
150	278
199	278
208	279
223	280
183	281
277	282
294	283
147	284
199	285
235	285
103	286
182	286
279	286
223	287
245	291
235	292
286	292
295	292
260	293
275	294
282	294
164	295
222	295
186	296
196	296
287	296
127	297
245	297
261	297
283	298
287	298
266	299
268	299
287	299
157	300
185	301
259	301
196	302
223	302
281	302
110	303
281	303
261	304
270	305
136	306
156	306
250	306
281	307
127	308
270	309
103	310
261	310
284	310
288	310
267	311
251	313
137	315
288	316
110	317
279	317
104	319
283	319
230	320
115	321
254	322
283	323
289	323
182	326
231	327
255	328
128	329
255	330
135	333
256	336
259	336
261	336
107	337
229	337
288	338
284	341
244	342
263	342
287	342
260	343
230	344
256	346
148	348
245	349
155	351
244	351
257	351
263	351
123	352
126	352
129	352
138	352
147	352
161	352
234	352
