532
193	24
196	24
188	26
186	28
234	30
235	30
226	31
245	35
180	38
233	38
223	39
224	39
215	40
172	42
162	44
253	45
185	48
162	50
177	51
136	54
147	54
177	57
186	57
215	58
265	58
206	60
136	61
128	62
161	62
181	63
222	66
230	67
135	68
177	68
233	68
274	68
244	69
258	69
270	69
183	70
202	70
208	71
259	72
120	73
139	73
242	74
204	77
140	78
254	79
261	80
134	81
244	81
198	82
271	83
135	85
112	86
179	86
282	86
250	87
268	87
269	88
237	90
134	91
171	93
117	94
105	98
189	98
173	99
111	100
131	101
117	103
123	103
166	104
178	105
130	106
184	106
111	107
153	107
165	107
97	108
157	108
169	108
194	108
288	109
122	110
157	110
127	111
163	111
197	111
209	111
168	114
162	115
110	116
161	116
262	116
97	117
102	117
178	117
171	118
119	120
165	120
288	120
154	121
159	121
165	121
279	122
87	123
153	123
170	123
96	124
157	124
132	127
146	127
152	127
296	127
137	128
157	128
162	128
116	131
156	131
175	131
145	132
150	132
95	133
144	133
196	133
165	134
267	135
174	136
264	136
116	138
158	138
174	138
199	138
142	139
151	139
153	139
158	139
162	139
168	139
233	139
242	139
256	139
78	140
115	140
287	140
120	141
292	141
128	142
289	142
133	143
180	144
165	145
127	146
132	146
183	146
155	147
169	147
86	148
92	148
132	148
137	149
230	150
232	150
137	151
161	151
206	151
107	152
111	153
131	154
136	155
238	155
296	156
70	157
288	157
228	159
292	159
119	160
130	160
145	160
164	160
244	161
250	161
308	161
87	162
167	162
254	162
106	163
118	163
179	163
121	165
127	165
205	165
145	166
212	166
137	167
160	167
63	168
110	168
116	168
127	168
133	168
137	168
164	168
179	168
182	168
208	168
105	169
120	169
171	169
110	171
121	171
208	171
99	172
64	173
137	173
115	174
131	174
87	175
213	175
214	175
295	175
120	176
136	176
143	176
125	179
112	180
145	180
58	181
62	181
119	181
123	181
150	181
153	181
234	181
82	182
105	182
134	182
157	182
239	182
112	183
117	184
62	185
58	186
123	186
157	186
141	187
161	187
234	187
132	188
134	188
117	189
122	189
132	191
142	191
168	191
97	192
140	193
153	193
174	193
259	193
62	195
263	195
293	196
56	197
85	197
159	198
146	199
164	199
106	200
125	200
150	200
153	200
157	200
203	200
73	201
55	204
114	204
129	204
137	204
137	205
144	205
50	206
52	206
106	207
114	207
124	207
287	207
112	208
157	208
289	208
144	209
162	209
164	209
253	209
48	210
137	210
144	210
149	210
169	210
98	211
106	211
112	211
283	212
92	213
96	213
137	213
127	215
132	215
49	216
53	216
86	216
142	216
144	216
148	216
169	216
106	217
295	217
123	218
156	219
159	219
189	219
277	219
123	220
207	220
278	220
226	221
249	221
142	222
148	222
291	222
118	223
212	223
215	223
252	223
110	225
96	226
128	226
134	226
220	226
170	227
296	227
109	228
80	229
118	229
157	229
232	230
86	231
91	231
136	231
141	231
151	231
252	232
254	232
112	234
294	234
47	235
81	235
142	235
92	236
93	236
124	236
129	236
137	236
174	237
265	237
239	238
226	239
87	240
264	240
113	241
243	241
254	241
257	242
87	243
287	243
297	243
65	244
82	244
145	244
251	245
132	246
142	246
174	246
127	247
176	248
233	248
77	249
82	249
237	249
264	249
287	250
42	251
46	251
70	251
65	252
261	253
77	254
72	255
287	255
225	256
41	259
72	259
67	260
297	261
227	263
228	263
287	264
294	266
231	269
233	269
294	271
38	272
38	273
235	274
173	279
62	280
165	280
39	281
57	281
296	281
252	282
295	283
174	285
178	285
254	285
165	286
213	286
288	288
215	291
178	292
67	294
170	294
160	295
62	296
176	298
41	299
170	299
77	300
80	301
72	302
179	303
239	303
72	305
279	305
67	306
165	306
170	307
241	307
268	307
180	308
215	310
171	311
241	311
269	311
165	312
288	314
291	314
242	315
217	316
170	318
153	319
284	319
92	320
43	321
89	321
211	321
249	321
290	321
195	322
288	322
176	325
196	326
202	326
212	326
251	326
150	327
82	328
235	331
176	332
150	333
145	334
215	334
237	335
270	335
109	336
206	336
226	336
114	337
201	337
253	337
276	337
276	338
146	339
253	339
45	340
216	340
170	341
109	342
161	342
215	342
227	342
230	342
259	342
104	343
145	344
199	345
204	345
117	346
232	347
182	348
204	350
66	351
133	351
208	351
209	351
60	352
66	352
70	352
90	352
93	352
100	352
120	352
125	352
141	352
196	352
200	352
203	352
228	352
239	352
240	352
251	352
