385
259	6
259	7
252	9
211	11
232	12
202	15
258	17
237	18
192	22
199	22
229	22
168	28
169	28
178	28
185	28
192	28
193	28
275	28
189	32
164	33
182	33
264	33
281	38
158	44
225	44
234	46
255	47
219	49
284	49
154	51
183	52
262	52
247	55
233	57
278	57
282	57
223	58
179	60
169	61
253	61
188	62
165	64
229	64
262	64
273	64
165	65
216	65
272	69
183	71
137	72
154	72
162	72
166	72
214	72
230	72
265	72
282	72
164	73
219	73
173	75
229	75
220	76
233	76
152	79
274	81
170	82
261	82
200	83
217	83
240	83
250	83
290	83
151	84
168	84
142	86
147	86
268	87
256	88
141	89
147	91
167	91
243	91
191	93
194	94
234	94
219	95
290	95
150	96
161	96
224	96
140	97
182	97
185	97
124	98
194	99
149	100
185	100
197	100
153	101
191	101
216	101
294	104
190	106
294	107
300	107
194	108
213	109
294	111
288	113
184	114
218	114
121	120
114	121
257	121
135	122
139	122
213	122
282	122
292	122
153	126
276	126
121	127
134	127
139	127
252	128
243	129
226	131
304	131
229	132
209	133
220	133
294	133
303	135
133	136
200	136
239	136
215	137
112	139
113	140
119	140
308	140
139	142
145	142
161	142
205	142
195	143
110	144
179	144
133	146
164	146
176	146
182	146
286	146
200	150
300	151
171	152
105	153
261	153
303	154
248	157
194	158
228	158
294	159
174	160
292	160
292	162
234	163
183	164
179	165
301	165
99	166
222	166
298	166
262	167
266	169
277	170
191	171
228	172
249	172
290	172
180	173
238	173
294	173
218	174
257	174
283	174
273	176
99	179
100	179
214	179
207	181
241	182
256	183
230	186
292	186
276	187
294	187
236	188
239	188
96	189
145	189
173	189
246	189
180	190
248	192
279	193
165	194
260	194
295	195
304	196
255	200
222	203
289	203
290	204
301	204
93	205
262	207
143	209
214	211
280	212
238	213
255	214
300	215
92	216
174	216
210	216
232	217
299	217
180	218
205	220
164	222
293	223
173	224
224	224
301	224
166	226
119	228
163	229
215	232
96	233
127	233
236	233
213	235
159	236
166	236
229	237
238	238
191	239
299	239
96	241
185	242
164	243
141	244
146	244
148	244
220	245
177	246
294	246
210	247
239	249
168	250
93	251
148	252
157	252
183	252
218	252
204	253
197	254
103	256
217	257
229	257
140	259
147	259
189	259
200	259
289	259
194	261
239	261
251	261
297	261
176	262
202	262
264	262
123	264
274	264
284	264
241	265
100	266
133	266
163	266
253	266
266	267
109	269
106	271
164	272
137	275
273	275
226	277
280	277
165	279
170	279
289	279
275	280
220	281
286	281
204	282
170	284
169	285
211	286
205	287
108	288
159	288
180	289
149	290
237	290
284	290
170	291
117	292
190	292
211	292
230	294
247	294
106	295
115	297
136	297
160	297
262	297
232	299
281	299
160	300
171	301
241	301
136	302
265	302
139	304
116	306
171	306
224	307
160	308
170	308
202	309
225	312
116	313
170	313
285	314
174	316
203	316
197	320
215	320
149	321
170	321
269	325
170	327
199	327
216	327
130	328
280	328
249	331
270	333
125	334
243	335
172	336
251	336
251	339
246	340
231	342
255	342
173	343
244	345
255	345
131	347
233	348
239	348
247	349
190	351
214	351
171	352
209	352
230	352
232	352
241	352
246	352
247	352
249	352
257	352
