522
253	22
266	32
279	41
221	42
214	46
211	47
226	48
287	51
216	53
269	55
210	57
184	59
197	59
286	60
215	62
205	63
284	63
184	65
210	67
170	73
302	73
203	74
301	79
202	81
159	82
255	86
154	91
300	92
242	93
294	94
164	95
151	96
284	97
236	99
305	99
154	100
312	104
282	105
208	108
307	110
307	111
313	112
145	113
138	114
203	116
287	116
311	116
146	117
309	118
288	119
241	121
282	121
294	122
177	124
171	127
174	127
244	127
246	127
179	128
216	128
168	129
219	130
128	131
224	131
219	133
249	134
222	135
252	135
169	136
240	137
310	137
244	138
210	141
212	141
183	145
236	145
244	145
241	146
247	146
174	147
188	147
121	148
179	148
234	150
239	151
173	153
188	153
309	153
157	154
177	154
194	154
162	155
203	155
207	156
141	157
147	158
207	158
245	158
249	158
229	162
169	163
177	163
181	163
234	163
113	164
174	164
234	165
239	166
241	166
127	168
154	168
160	168
161	168
218	168
244	168
122	169
166	169
224	169
306	171
107	173
161	173
198	173
130	174
204	174
244	174
271	174
180	175
147	176
152	176
145	177
185	177
249	177
160	178
222	178
225	178
166	179
172	179
258	180
145	181
266	181
102	182
103	182
159	182
175	182
92	183
241	183
306	183
110	184
262	184
233	185
244	185
159	186
140	187
146	187
152	187
153	187
159	187
95	188
107	188
273	188
159	189
232	189
224	191
167	192
173	192
227	192
278	192
96	193
180	193
198	193
117	195
159	195
202	195
112	196
222	196
224	196
94	197
182	197
167	199
304	200
162	201
224	202
229	203
172	204
177	204
216	204
162	205
229	205
219	206
234	207
122	209
125	209
219	209
172	210
195	210
204	210
178	211
225	211
228	211
234	211
199	212
208	212
231	212
239	212
303	212
225	215
142	216
294	216
97	217
120	217
121	217
129	217
137	217
229	217
274	218
297	218
98	219
246	219
229	220
277	220
106	221
110	221
196	221
233	221
264	221
205	222
269	222
207	223
102	224
199	224
220	224
224	225
103	226
242	226
93	228
185	229
216	229
250	229
93	230
224	230
259	231
265	231
261	232
187	234
220	234
236	234
246	234
268	234
300	234
98	235
239	238
244	238
160	239
174	240
244	240
239	241
253	241
255	241
242	242
249	242
174	245
260	245
98	246
236	246
237	247
237	249
298	251
92	252
231	252
243	252
234	254
177	255
243	256
226	258
227	259
247	259
282	259
185	261
288	261
156	262
178	262
208	262
173	263
296	265
211	267
185	268
289	269
186	273
240	273
98	274
174	274
182	275
296	275
236	276
242	276
166	280
238	280
189	281
183	282
238	282
100	283
180	283
251	283
169	285
191	286
196	286
240	286
246	286
295	287
157	289
99	290
180	290
204	290
246	290
252	290
139	291
169	291
171	291
196	291
253	291
217	293
110	294
228	294
146	295
192	295
253	295
138	296
153	296
156	296
205	296
108	297
157	297
171	297
295	297
98	298
115	298
177	298
219	298
227	298
251	298
141	299
146	299
192	300
198	300
257	300
147	301
153	301
236	301
248	301
255	301
157	302
229	302
140	304
168	305
178	305
181	305
208	305
147	306
238	306
242	306
250	306
289	306
98	307
199	307
153	309
199	309
224	309
199	310
208	310
219	310
275	310
167	311
168	311
181	311
244	311
247	311
262	312
276	312
281	312
208	313
224	313
143	314
258	314
153	315
208	315
248	315
199	316
156	317
167	317
220	317
102	318
138	318
199	318
142	319
168	319
282	319
174	320
190	320
143	322
209	322
213	322
230	322
258	322
291	322
150	323
155	323
243	323
270	323
157	324
162	324
168	324
143	326
170	326
200	326
203	326
230	326
238	326
272	326
278	326
220	327
259	327
261	327
190	328
192	328
213	328
244	328
247	328
104	329
149	329
230	329
156	330
181	330
230	330
159	331
162	331
165	331
213	331
239	331
280	331
203	332
208	332
223	332
226	332
264	332
255	333
214	334
223	334
247	334
249	334
234	335
289	335
137	336
170	336
181	336
231	336
236	336
278	336
209	337
214	337
177	338
230	338
236	338
159	339
192	339
198	339
199	339
202	339
224	339
241	339
257	339
103	340
165	340
185	340
207	340
281	340
161	341
224	341
253	341
257	341
215	343
219	343
233	343
129	345
161	345
173	345
177	345
230	345
232	345
241	345
207	346
210	346
226	346
261	346
279	346
141	347
150	348
203	348
232	348
241	348
108	349
161	349
221	349
226	349
261	350
168	351
173	351
232	351
242	351
244	351
259	351
272	351
109	352
113	352
131	352
140	352
174	352
211	352
217	352
220	352
272	352
282	352
284	352
