515
217	24
210	26
204	27
234	28
232	30
205	31
154	34
215	34
154	35
170	35
162	39
249	39
147	40
136	43
141	44
251	44
196	49
206	51
256	51
194	52
186	53
214	54
204	55
179	57
244	58
211	63
115	66
267	66
247	68
256	68
150	69
274	69
123	73
196	74
132	75
149	75
257	75
264	75
183	77
205	83
258	84
165	87
219	87
264	87
223	88
271	88
111	91
211	91
232	91
239	91
264	91
281	91
117	92
130	93
137	93
160	95
204	96
264	96
193	97
117	98
127	98
286	99
101	100
264	102
257	104
264	104
274	104
233	105
145	106
242	106
152	108
154	108
274	108
282	109
162	110
266	110
100	111
108	111
135	111
142	111
224	111
272	111
215	112
226	112
152	113
162	113
95	115
110	115
117	115
95	116
162	119
226	119
199	120
94	122
169	122
170	122
272	122
289	122
110	123
117	123
151	123
277	123
159	124
177	125
188	127
199	127
256	127
142	128
150	128
209	128
215	128
232	128
240	128
277	128
294	128
101	129
193	129
262	129
264	129
269	129
282	129
285	129
291	130
95	131
137	131
248	132
254	132
119	133
292	133
111	134
113	134
105	135
137	135
150	135
193	137
209	137
214	137
267	137
272	137
199	138
145	140
95	141
239	141
292	141
184	142
191	142
245	142
292	142
162	143
167	143
97	144
192	144
222	145
229	145
255	145
90	146
145	146
273	146
132	147
137	147
199	147
255	147
300	147
123	148
139	148
205	148
280	148
108	149
102	150
118	150
155	152
162	152
236	152
178	153
207	153
213	153
219	153
241	153
164	154
270	154
141	155
148	155
183	155
275	155
298	155
193	156
228	156
233	157
127	158
130	158
293	159
164	160
249	160
285	160
157	161
264	161
119	162
209	162
87	163
125	163
199	163
220	163
117	164
151	164
224	164
233	165
242	165
245	165
274	165
279	166
281	166
285	166
151	167
189	167
210	167
289	167
146	169
198	169
88	170
162	171
238	172
289	173
307	173
223	174
270	174
90	175
156	175
162	175
193	175
229	175
231	175
235	175
111	176
202	176
216	176
276	176
149	177
178	177
220	177
244	177
87	178
107	178
153	178
162	178
250	178
252	178
258	178
259	178
122	179
143	179
266	179
188	180
117	181
188	181
241	182
155	183
160	183
195	183
95	185
92	186
99	186
250	186
165	187
207	187
289	187
229	188
241	188
253	188
266	188
85	189
225	189
244	189
269	189
148	190
153	190
234	190
253	190
202	191
107	192
260	192
102	193
298	193
145	194
157	195
289	195
198	196
294	196
134	197
166	197
216	197
244	197
249	197
102	198
224	198
274	198
240	199
108	200
131	200
156	201
285	202
91	203
131	203
292	203
265	204
85	205
218	205
118	206
128	206
209	206
239	206
246	206
218	207
282	207
272	208
153	209
288	210
259	211
277	211
122	213
133	213
242	214
295	214
117	215
239	215
212	216
232	216
251	216
97	217
163	217
231	219
127	220
285	220
92	221
163	221
275	221
88	222
169	222
226	222
119	223
266	223
92	224
124	224
150	225
215	225
224	225
230	225
92	226
113	226
117	226
139	226
246	227
242	228
254	228
107	229
109	229
176	230
103	231
149	231
165	231
260	231
219	232
254	232
284	232
92	234
272	234
92	236
203	236
121	237
165	238
263	238
245	240
206	241
220	242
237	242
267	242
281	242
112	243
195	243
93	244
285	245
200	247
253	247
298	247
109	248
297	249
137	250
179	250
208	251
127	252
201	252
239	253
292	254
163	255
133	256
137	256
127	257
279	259
125	260
147	260
179	260
97	261
252	261
284	261
163	262
169	262
204	263
197	266
140	267
139	268
148	268
213	268
291	268
104	269
205	269
257	270
289	271
199	272
270	272
148	273
214	273
111	274
274	275
254	276
135	278
161	280
179	281
248	281
282	282
123	283
109	284
151	284
132	285
134	285
161	285
138	286
163	287
179	288
131	289
182	290
186	290
151	291
223	291
236	292
250	292
160	294
164	294
187	295
239	296
260	296
267	296
141	297
144	297
225	297
146	299
203	300
239	300
161	301
164	301
240	301
262	301
119	302
140	302
218	303
213	304
143	305
146	305
279	305
150	308
143	310
139	311
218	311
146	313
187	313
202	313
280	313
146	316
247	317
214	318
133	319
260	320
271	321
209	322
215	322
203	323
249	323
262	323
256	329
216	332
271	332
141	333
148	335
231	335
153	336
229	336
247	336
243	337
217	338
264	338
233	340
152	341
230	342
244	343
193	346
225	346
251	346
242	347
213	351
234	351
249	351
195	352
210	352
211	352
225	352
226	352
235	352
