459
215	41
213	42
220	44
197	46
205	46
234	47
192	48
203	50
214	50
243	52
148	57
238	57
209	58
130	63
156	65
255	66
192	68
182	69
263	71
263	72
149	73
262	76
274	76
160	78
252	80
259	80
113	81
155	84
170	84
268	84
172	85
253	86
140	87
192	89
197	89
185	92
190	93
252	93
258	93
264	93
282	93
136	96
272	97
101	98
126	100
157	100
132	101
257	101
208	102
242	103
249	103
277	103
269	107
273	107
153	109
162	109
93	110
208	110
116	112
122	112
189	113
139	116
158	116
178	118
249	118
232	119
239	119
254	119
122	120
280	120
115	121
189	122
101	123
107	123
131	124
137	124
86	125
161	125
100	128
93	129
95	129
146	130
267	130
194	131
102	132
147	132
237	132
132	133
243	133
272	133
275	133
282	133
124	135
244	135
258	135
178	136
251	136
87	139
155	140
185	141
256	141
97	142
139	142
132	143
173	143
111	144
116	144
155	144
81	146
91	146
97	146
147	146
243	146
285	146
268	147
279	147
282	147
147	148
108	149
177	152
214	152
256	152
178	153
185	153
205	153
218	154
264	154
273	154
163	155
82	156
87	156
93	156
117	156
151	156
270	156
77	157
111	158
120	158
77	159
129	159
165	160
190	160
199	161
249	161
95	162
181	162
285	162
287	162
97	163
103	163
90	164
240	164
269	164
73	165
259	165
53	166
73	166
90	166
124	166
133	166
92	167
97	167
187	167
263	167
79	168
215	170
218	171
79	172
100	172
107	172
169	172
195	172
285	172
93	173
102	173
140	173
168	173
213	173
76	174
95	174
110	174
162	174
201	174
217	174
211	175
87	176
272	176
82	177
252	177
262	177
279	177
62	178
127	178
217	178
234	178
223	179
78	180
82	180
90	180
95	180
57	181
122	181
46	182
71	182
86	182
169	182
210	183
288	183
115	184
137	184
193	184
196	184
287	185
94	186
230	186
49	187
108	187
45	188
225	188
236	188
265	188
292	188
104	189
132	189
262	189
74	190
110	190
244	190
169	191
262	191
73	192
250	192
269	192
271	192
107	193
214	193
54	195
289	196
91	197
131	197
231	197
261	197
269	197
107	198
175	198
240	198
62	199
86	199
207	199
230	199
273	199
102	200
248	200
264	200
197	201
86	202
182	203
81	204
56	205
102	205
189	205
243	205
264	205
96	206
99	206
200	206
242	206
253	206
281	206
93	207
140	208
215	208
268	208
61	209
259	209
261	209
232	210
82	211
197	211
266	211
268	211
79	213
110	213
208	213
238	213
274	213
68	214
288	214
94	215
206	216
91	217
108	217
244	217
159	221
184	222
283	222
284	222
99	224
231	224
270	225
222	226
239	226
271	226
77	227
229	227
70	228
200	229
74	230
200	230
281	230
175	231
235	231
244	231
289	231
109	232
230	232
280	232
75	233
206	233
135	235
252	235
115	236
169	236
194	236
274	236
175	237
256	237
278	238
72	241
151	241
220	242
135	243
142	244
208	244
255	244
266	244
275	244
113	246
119	248
257	248
278	248
202	249
212	249
283	249
136	252
277	252
113	253
119	253
111	254
187	254
257	255
82	257
204	257
259	258
252	259
184	260
214	260
223	260
270	261
184	262
277	262
105	263
212	263
246	264
79	266
93	266
170	266
274	266
192	267
103	268
185	268
256	268
181	270
120	271
259	271
194	272
224	272
176	273
273	274
223	275
119	277
133	280
157	280
216	280
227	282
230	282
262	282
86	286
232	287
260	287
178	291
231	291
112	292
215	292
234	297
93	298
93	299
219	300
228	301
113	302
98	303
147	303
179	305
174	306
181	307
187	307
248	308
254	309
148	311
152	311
180	311
196	312
188	314
174	316
180	316
255	316
237	318
106	319
198	319
221	319
213	323
224	323
231	323
179	326
232	326
109	327
224	327
242	328
243	328
193	330
214	330
187	332
209	332
180	333
239	333
229	335
231	335
173	336
195	336
242	336
188	338
211	339
223	339
121	340
187	340
174	341
201	342
174	344
157	345
168	345
197	345
188	347
175	351
166	352
168	352
169	352
197	352
200	352
220	352
