380
237	7
250	7
274	8
223	9
246	13
238	14
245	14
182	16
195	16
253	16
190	18
261	18
291	18
251	19
175	20
188	23
259	28
280	28
308	29
170	33
167	34
164	35
240	35
227	36
302	42
149	50
218	51
221	51
142	53
239	54
309	55
231	57
178	58
185	59
238	59
167	62
176	62
243	63
133	64
293	71
309	71
204	72
299	72
190	73
223	76
317	76
200	79
238	80
309	81
182	82
217	84
140	85
148	85
189	85
197	86
124	87
204	87
132	88
140	88
238	88
306	89
224	90
229	91
149	92
174	92
204	93
142	94
181	94
264	94
270	94
193	95
210	95
132	96
288	96
210	97
220	97
294	97
126	98
245	98
198	100
203	100
243	100
184	101
209	101
151	102
303	103
145	104
126	105
128	105
310	106
139	108
209	108
240	108
313	108
213	109
292	109
306	110
123	111
199	111
206	111
223	111
284	111
297	111
161	112
176	113
167	114
139	115
248	115
156	116
290	116
295	116
254	117
199	118
264	118
269	119
278	119
237	120
279	120
299	120
116	122
295	122
202	123
232	123
242	123
126	124
132	124
179	126
223	126
287	126
181	127
189	127
135	128
173	128
232	128
290	128
248	129
303	130
140	134
177	134
113	135
176	135
184	135
197	135
212	135
257	135
234	137
149	138
144	139
266	140
279	140
130	141
188	141
126	143
172	145
304	145
302	146
132	147
147	147
180	147
185	147
310	147
118	148
128	148
264	148
245	150
257	151
278	153
197	154
230	155
300	155
308	155
160	156
248	157
131	159
143	159
144	159
156	159
304	159
111	160
133	160
163	160
278	160
127	161
158	161
256	161
215	162
270	162
282	162
230	165
127	166
282	166
138	167
224	167
239	167
122	168
148	168
249	169
108	170
216	170
239	170
156	171
297	172
184	173
212	173
277	173
120	174
286	174
263	177
271	178
213	180
124	181
148	181
303	181
260	182
282	182
179	183
290	183
245	185
106	187
117	187
152	187
254	187
271	187
114	188
120	188
204	188
164	189
296	189
205	190
285	192
247	193
121	195
233	195
120	196
158	198
285	198
289	198
302	198
203	199
259	200
159	201
189	202
223	202
235	205
266	205
275	205
118	206
190	206
219	206
156	207
129	209
207	211
264	211
135	212
190	212
275	212
301	212
165	213
198	214
134	215
154	217
170	217
126	218
176	218
207	218
290	219
302	219
118	220
241	222
117	223
115	224
271	224
168	225
230	225
243	225
225	226
279	227
240	229
254	229
195	230
268	230
171	231
232	231
300	232
226	233
247	233
225	235
241	235
279	235
164	236
171	236
184	237
201	238
152	239
200	240
232	240
226	241
126	242
160	242
162	242
206	242
281	243
167	245
290	246
159	247
233	247
257	248
273	248
214	249
299	249
179	250
206	250
171	254
214	255
258	256
172	257
237	257
273	258
134	261
272	261
210	262
241	266
278	266
231	267
275	267
242	273
295	274
173	275
233	275
242	275
142	277
292	280
295	283
240	285
285	285
226	286
213	288
195	289
202	289
160	290
240	292
274	292
149	293
165	293
159	296
237	296
264	296
195	297
200	297
166	299
251	300
271	300
153	301
152	302
245	302
265	302
276	305
253	306
162	307
199	307
246	308
240	310
266	312
234	313
273	315
198	316
269	316
272	316
273	317
234	320
241	320
265	320
180	323
258	324
241	326
248	326
202	327
249	329
226	332
226	334
