259
186	47
202	48
193	49
208	49
221	49
229	50
179	54
173	55
195	57
202	57
210	57
245	61
156	64
176	64
148	65
187	66
202	67
141	72
150	73
168	73
174	73
180	74
195	75
253	75
238	78
144	81
122	82
125	82
134	82
157	82
225	82
263	82
179	83
145	89
156	89
223	90
269	90
114	91
247	92
262	92
205	98
118	100
127	100
268	100
111	101
212	101
214	102
218	105
277	107
106	109
269	113
135	114
143	115
151	116
206	116
103	118
179	118
276	122
286	122
286	123
98	129
200	129
135	130
124	131
145	131
290	131
286	132
192	135
286	135
208	136
93	138
287	143
84	144
287	144
101	146
211	152
84	153
132	154
140	158
296	159
80	160
118	162
75	166
80	166
261	167
86	168
77	169
77	175
69	177
72	179
208	181
218	181
239	181
248	181
258	181
72	182
230	183
148	187
210	188
262	188
297	188
245	189
270	189
275	189
298	189
222	191
106	192
233	192
253	195
286	195
68	197
164	199
298	200
284	202
68	206
74	206
284	206
97	207
263	207
270	207
289	207
302	207
131	209
263	211
75	212
269	212
298	212
141	214
131	219
294	219
259	220
302	220
116	221
297	221
285	224
65	226
65	229
283	231
225	235
266	236
274	236
279	236
66	238
121	241
298	241
221	245
214	246
258	247
58	248
296	249
295	251
213	252
250	252
219	253
297	259
219	260
260	260
163	261
169	261
225	261
254	262
60	266
219	266
224	266
163	267
224	268
252	270
256	272
258	272
159	276
241	277
73	278
199	278
244	278
60	281
170	281
76	286
237	286
157	287
170	287
249	287
290	289
98	291
242	294
273	298
113	299
269	302
61	303
165	305
180	307
109	310
166	310
62	312
152	312
166	312
194	313
290	314
187	315
83	316
177	316
261	316
275	316
77	317
113	317
74	320
232	321
282	321
162	322
221	322
255	322
169	323
170	323
275	323
177	324
270	326
167	328
168	328
258	328
218	330
264	330
186	331
177	332
204	332
259	332
67	333
148	333
175	333
212	333
251	333
155	334
166	334
167	334
277	335
134	336
186	336
205	336
252	336
180	338
174	339
262	339
270	339
234	340
131	341
168	341
168	344
253	345
161	346
161	347
263	347
141	351
190	351
84	352
93	352
104	352
116	352
127	352
163	352
209	352
261	352
