1	65.78	112.99
2	71.52	136.49
3	69.40	153.03
4	68.22	142.34
5	67.79	144.30
6	68.70	123.30
7	69.80	141.49
8	70.01	136.46
9	67.90	112.37
10	66.78	120.67
11	66.49	127.45
12	67.62	114.14
13	68.30	125.61
14	67.12	122.46
15	68.28	116.09
16	71.09	140.00
17	66.46	129.50
18	68.65	142.97
19	71.23	137.90
20	67.13	124.04
21	67.83	141.28
22	68.88	143.54
23	63.48	97.90
24	68.42	129.50
25	67.63	141.85
26	67.21	129.72
27	70.84	142.42
28	67.49	131.55
29	66.53	108.33
30	65.44	113.89
31	69.52	103.30
32	65.81	120.75
33	67.82	125.79
34	70.60	136.22
35	71.80	140.10
36	69.21	128.75
37	66.80	141.80
38	67.66	121.23
39	67.81	131.35
40	64.05	106.71
41	68.57	124.36
42	65.18	124.86
43	69.66	139.67
44	67.97	137.37
45	65.98	106.45
46	68.67	128.76
47	66.88	145.68
48	67.70	116.82
49	69.82	143.62
50	69.09	134.93